0   0   142   72   0   0   142   72   0   0   0   0
2   0   155   98   2   0   155   98   0   0   0   0
1   0   162   79   1   0   162   79   0   0   0   0
1   0   121   83   1   0   121   83   0   0   0   0
3   0   50   98   3   0   50   98   0   0   0   0
2   0   49   116   2   0   49   116   0   0   0   0
4   0   49   122   4   0   49   122   0   0   0   0
2   0   57   96   2   0   57   96   0   0   0   0
7   0   36   145   7   0   36   145   0   0   0   0
4   0   49   178   4   0   49   178   0   0   0   0
7   0   50   191   7   0   50   191   0   0   0   0
5   0   29   157   5   0   29   157   0   0   0   0
3   0   49   115   3   0   49   115   0   0   0   0
3   0   56   185   3   0   56   185   0   0   0   0
5   0   65   189   5   0   65   189   0   0   0   0
2   0   58   129   2   0   58   129   0   0   0   0
0   0   122   72   0   0   122   72   0   0   0   0
0   0   162   87   0   0   162   87   0   0   0   0
1   0   156   85   1   0   156   85   0   0   0   0
1   0   139   75   1   0   139   75   0   0   0   0
0   0   51   45   0   0   51   45   0   0   0   0
1   0   61   27   1   0   61   27   0   0   0   0
1   0   62   28   1   0   62   28   0   0   0   0
0   0   50   47   0   0   50   47   0   0   0   0
1   0   18   39   1   0   18   39   0   0   0   0
0   0   24   60   0   0   24   60   0   0   0   0
0   0   22   66   0   0   22   66   0   0   0   0
0   0   11   65   0   0   11   65   0   0   0   0
1   0   11   50   1   0   11   50   0   0   0   0
4   0   19   62   4   0   19   62   0   0   0   0
2   0   21   57   2   0   21   57   0   0   0   0
3   0   18   65   3   0   18   65   0   0   0   0
1   0   13   32   1   0   13   32   0   0   0   0
1   0   21   89   1   0   21   89   0   0   0   0
3   0   28   71   3   0   28   71   0   0   0   0
1   0   10   48   1   0   10   48   0   0   0   0
0   0   52   59   0   0   52   59   0   0   0   0
0   0   61   38   0   0   61   38   0   0   0   0
0   0   53   40   0   0   53   40   0   0   0   0
0   0   51   51   0   0   51   51   0   0   0   0
0   0   34   25   0   0   34   25   0   0   0   0
1   0   47   15   1   0   47   15   0   0   0   0
0   0   42   15   0   0   42   15   0   0   0   0
0   0   47   28   0   0   47   28   0   0   0   0
0   0   17   35   0   0   17   35   0   0   0   0
3   0   15   33   3   0   15   33   0   0   0   0
1   0   17   48   1   0   17   48   0   0   0   0
1   0   13   40   1   0   13   40   0   0   0   0
2   0   9   24   2   0   9   24   0   0   0   0
3   0   15   40   3   0   15   40   0   0   0   0
3   0   17   26   3   0   17   26   0   0   0   0
1   0   11   35   1   0   11   35   0   0   0   0
0   0   9   20   0   0   9   20   0   0   0   0
0   0   20   32   0   0   20   32   0   0   0   0
0   0   14   45   0   0   14   45   0   0   0   0
0   0   16   21   0   0   16   21   0   0   0   0
0   0   30   37   0   0   30   37   0   0   0   0
0   0   40   38   0   0   40   38   0   0   0   0
0   0   41   42   0   0   41   42   0   0   0   0
0   0   30   47   0   0   30   47   0   0   0   0
1   0   52   24   1   0   52   24   0   0   0   0
1   0   59   23   1   0   59   23   0   0   0   0
0   0   54   20   0   0   54   20   0   0   0   0
0   0   34   16   0   0   34   16   0   0   0   0
0   0   19   41   0   0   19   41   0   0   0   0
0   0   22   56   0   0   22   56   0   0   0   0
1   0   19   59   1   0   19   59   0   0   0   0
0   0   14   27   0   0   14   27   0   0   0   0
0   0   12   43   0   0   12   43   0   0   0   0
0   0   11   65   0   0   11   65   0   0   0   0
2   0   16   52   2   0   16   52   0   0   0   0
2   0   13   49   2   0   13   49   0   0   0   0
0   0   15   38   0   0   15   38   0   0   0   0
2   0   24   43   2   0   24   43   0   0   0   0
0   0   20   38   0   0   20   38   0   0   0   0
0   0   14   34   0   0   14   34   0   0   0   0
0   0   49   45   0   0   49   45   0   0   0   0
1   0   44   41   1   0   44   41   0   0   0   0
0   0   44   48   0   0   44   48   0   0   0   0
1   0   55   43   1   0   55   43   0   0   0   0
0   0   152   41   0   0   152   41   0   0   0   0
0   0   166   48   0   0   166   48   0   0   0   0
1   0   153   48   1   0   153   48   0   0   0   0
0   0   159   49   0   0   159   49   0   0   0   0
1   0   62   103   1   0   62   103   0   0   0   0
5   0   51   122   5   0   51   122   0   0   0   0
4   0   65   132   4   0   65   132   0   0   0   0
3   0   46   95   3   0   46   95   0   0   0   0
6   0   47   144   6   0   47   144   0   0   0   0
5   0   52   170   5   0   52   170   0   0   0   0
9   0   52   196   9   0   52   196   0   0   0   0
3   0   41   152   3   0   41   152   0   0   0   0
2   0   58   101   2   0   58   101   0   0   0   0
2   0   72   107   2   0   72   107   0   0   0   0
7   0   54   108   7   0   54   108   0   0   0   0
2   0   55   122   2   0   55   122   0   0   0   0
3   0   159   137   3   0   159   137   0   0   0   0
0   0   169   142   0   0   169   142   0   0   0   0
1   0   157   144   1   0   157   144   0   0   0   0
0   0   138   133   0   0   138   133   0   0   0   0
4   0   402   411   4   0   402   411   0   0   0   0
8   0   467   396   8   0   467   396   0   0   0   0
12   0   471   414   12   0   471   414   0   0   0   0
10   0   462   420   10   0   462   420   0   0   0   0
11   0   218   867   11   0   218   867   0   0   0   0
19   0   247   894   19   0   247   894   0   0   0   0
27   0   283   922   27   0   283   922   0   0   0   0
16   0   240   878   16   0   240   878   0   0   0   0
19   0   204   797   19   0   204   797   0   0   0   0
20   0   199   936   20   0   199   936   0   0   0   0
17   0   171   945   17   0   171   945   0   0   0   0
18   0   152   778   18   0   152   778   0   0   0   0
10   0   222   612   10   0   222   612   0   0   0   0
10   0   247   624   10   0   247   624   0   0   0   0
17   0   238   638   17   0   238   638   0   0   0   0
9   0   235   601   9   0   235   601   0   0   0   0
9   0   392   343   9   0   392   343   0   0   0   0
12   0   464   410   12   0   464   410   0   0   0   0
7   0   482   404   7   0   482   404   0   0   0   0
7   0   432   343   7   0   432   343   0   0   0   0
4   0   184   135   4   0   184   135   0   0   0   0
3   0   163   123   3   0   163   123   0   0   0   0
3   0   185   117   3   0   185   117   0   0   0   0
1   0   161   155   1   0   161   155   0   0   0   0
4   0   88   291   4   0   88   291   0   0   0   0
9   0   95   249   9   0   95   249   0   0   0   0
9   0   105   263   9   0   105   263   0   0   0   0
6   0   78   283   6   0   78   283   0   0   0   0
5   0   74   247   5   0   74   247   0   0   0   0
6   0   72   413   6   0   72   413   0   0   0   0
7   0   69   373   7   0   69   373   0   0   0   0
6   0   61   277   6   0   61   277   0   0   0   0
6   0   109   249   6   0   109   249   0   0   0   0
5   0   82   286   5   0   82   286   0   0   0   0
3   0   91   280   3   0   91   280   0   0   0   0
6   0   108   269   6   0   108   269   0   0   0   0
2   0   178   123   2   0   178   123   0   0   0   0
1   0   198   164   1   0   198   164   0   0   0   0
2   0   184   160   2   0   184   160   0   0   0   0
2   0   138   150   2   0   138   150   0   0   0   0
3   0   108   81   3   0   108   81   0   0   0   0
2   0   129   101   2   0   129   101   0   0   0   0
0   0   138   75   0   0   138   75   0   0   0   0
2   0   125   113   2   0   125   113   0   0   0   0
6   0   73   160   6   0   73   160   0   0   0   0
2   0   80   168   2   0   80   168   0   0   0   0
4   0   62   129   4   0   62   129   0   0   0   0
6   0   51   173   6   0   51   173   0   0   0   0
1   0   45   166   1   0   45   166   0   0   0   0
3   0   60   244   3   0   60   244   0   0   0   0
2   0   69   215   2   0   69   215   0   0   0   0
3   0   48   202   3   0   48   202   0   0   0   0
3   0   86   186   3   0   86   186   0   0   0   0
3   0   63   240   3   0   63   240   0   0   0   0
6   0   78   294   6   0   78   294   0   0   0   0
3   0   64   204   3   0   64   204   0   0   0   0
3   0   106   116   3   0   106   116   0   0   0   0
1   0   139   132   1   0   139   132   0   0   0   0
4   0   121   131   4   0   121   131   0   0   0   0
4   0   90   126   4   0   90   126   0   0   0   0
1   0   117   81   1   0   117   81   0   0   0   0
5   0   157   113   5   0   157   113   0   0   0   0
4   0   171   95   4   0   171   95   0   0   0   0
5   0   145   93   5   0   145   93   0   0   0   0
4   0   76   152   4   0   76   152   0   0   0   0
3   0   72   209   3   0   72   209   0   0   0   0
9   0   82   167   9   0   82   167   0   0   0   0
1   0   72   160   1   0   72   160   0   0   0   0
4   0   60   183   4   0   60   183   0   0   0   0
6   0   80   229   6   0   80   229   0   0   0   0
5   0   64   209   5   0   64   209   0   0   0   0
7   0   55   197   7   0   55   197   0   0   0   0
5   0   60   247   5   0   60   247   0   0   0   0
4   0   85   327   4   0   85   327   0   0   0   0
5   0   86   237   5   0   86   237   0   0   0   0
4   0   74   300   4   0   74   300   0   0   0   0
2   0   136   188   2   0   136   188   0   0   0   0
2   0   166   257   2   0   166   257   0   0   0   0
3   0   155   267   3   0   155   267   0   0   0   0
5   0   148   207   5   0   148   207   0   0   0   0
6   0   423   310   6   0   423   310   0   0   0   0
8   0   538   398   8   0   538   398   0   0   0   0
8   0   521   432   8   0   521   432   0   0   0   0
5   0   395   298   5   0   395   298   0   0   0   0
6   0   240   560   6   0   240   560   0   0   0   0
17   0   263   643   17   0   263   643   0   0   0   0
17   0   252   612   17   0   252   612   0   0   0   0
11   0   255   565   11   0   255   565   0   0   0   0
18   0   188   598   18   0   188   598   0   0   0   0
21   0   186   696   21   0   186   696   0   0   0   0
17   0   197   639   17   0   197   639   0   0   0   0
12   0   171   622   12   0   171   622   0   0   0   0
12   0   228   823   12   0   228   823   0   0   0   0
12   0   277   999   12   0   277   999   0   0   0   0
17   0   260   1047   17   0   260   1047   0   0   0   0
15   0   229   800   15   0   229   800   0   0   0   0
10   0   410   585   10   0   410   585   0   0   0   0
8   0   496   597   8   0   496   597   0   0   0   0
11   0   461   516   11   0   461   516   0   0   0   0
5   0   449   525   5   0   449   525   0   0   0   0
19   0   407   1370   19   0   407   1370   0   0   0   0
17   0   381   1174   17   0   381   1174   0   0   0   0
13   0   371   1235   13   0   371   1235   0   0   0   0
18   0   399   1399   18   0   399   1399   0   0   0   0
39   0   423   1723   39   0   423   1723   0   0   0   0
36   0   395   1527   36   0   395   1527   0   0   0   0
36   0   411   1470   36   0   411   1470   0   0   0   0
32   0   385   1731   32   0   385   1731   0   0   0   0
34   0   367   1590   34   0   367   1590   0   0   0   0
46   0   391   1870   46   0   391   1870   0   0   0   0
40   0   390   1727   40   0   390   1727   0   0   0   0
26   0   360   1739   26   0   360   1739   0   0   0   0
36   0   375   1122   36   0   375   1122   0   0   0   0
51   0   416   1519   51   0   416   1519   0   0   0   0
32   0   428   1573   32   0   428   1573   0   0   0   0
31   0   394   1162   31   0   394   1162   0   0   0   0
8   0   331   538   8   0   331   538   0   0   0   0
29   0   510   801   29   0   510   801   0   0   0   0
20   0   485   754   20   0   485   754   0   0   0   0
11   0   305   487   11   0   305   487   0   0   0   0
6   0   183   300   6   0   183   300   0   0   0   0
9   0   159   305   9   0   159   305   0   0   0   0
9   0   175   313   9   0   175   313   0   0   0   0
6   0   185   326   6   0   185   326   0   0   0   0
14   0   169   512   14   0   169   512   0   0   0   0
14   0   144   609   14   0   144   609   0   0   0   0
10   0   155   562   10   0   155   562   0   0   0   0
10   0   129   564   10   0   129   564   0   0   0   0
19   0   144   594   19   0   144   594   0   0   0   0
15   0   147   592   15   0   147   592   0   0   0   0
12   0   153   471   12   0   153   471   0   0   0   0
12   0   156   678   12   0   156   678   0   0   0   0
16   0   122   422   16   0   122   422   0   0   0   0
17   0   175   720   17   0   175   720   0   0   0   0
15   0   167   697   15   0   167   697   0   0   0   0
12   0   135   484   12   0   135   484   0   0   0   0
4   0   131   243   4   0   131   243   0   0   0   0
12   0   227   510   12   0   227   510   0   0   0   0
16   0   213   511   16   0   213   511   0   0   0   0
8   0   141   260   8   0   141   260   0   0   0   0
4   0   122   166   4   0   122   166   0   0   0   0
12   0   147   214   12   0   147   214   0   0   0   0
3   0   131   211   3   0   131   211   0   0   0   0
4   0   110   199   4   0   110   199   0   0   0   0
10   0   92   247   10   0   92   247   0   0   0   0
3   0   94   375   3   0   94   375   0   0   0   0
8   0   85   289   8   0   85   289   0   0   0   0
12   0   86   312   12   0   86   312   0   0   0   0
9   0   72   337   9   0   72   337   0   0   0   0
13   0   93   431   13   0   93   431   0   0   0   0
8   0   107   385   8   0   107   385   0   0   0   0
13   0   69   352   13   0   69   352   0   0   0   0
1   0   98   358   1   0   98   358   0   0   0   0
8   0   116   356   8   0   116   356   0   0   0   0
7   0   104   335   7   0   104   335   0   0   0   0
6   0   73   420   6   0   73   420   0   0   0   0
2   0   137   487   2   0   137   487   0   0   0   0
5   0   144   807   5   0   144   807   0   0   0   0
10   0   150   826   10   0   150   826   0   0   0   0
5   0   158   495   5   0   158   495   0   0   0   0
3   0   100   198   3   0   100   198   0   0   0   0
7   0   173   298   7   0   173   298   0   0   0   0
5   0   172   250   5   0   172   250   0   0   0   0
6   0   121   164   6   0   121   164   0   0   0   0
11   0   101   290   11   0   101   290   0   0   0   0
10   0   132   420   10   0   132   420   0   0   0   0
15   0   133   346   15   0   133   346   0   0   0   0
11   0   108   337   11   0   108   337   0   0   0   0
9   0   99   394   9   0   99   394   0   0   0   0
10   0   114   568   10   0   114   568   0   0   0   0
9   0   100   494   9   0   100   494   0   0   0   0
14   0   99   445   14   0   99   445   0   0   0   0
6   0   113   410   6   0   113   410   0   0   0   0
8   0   121   390   8   0   121   390   0   0   0   0
5   0   113   369   5   0   113   369   0   0   0   0
11   0   141   471   11   0   141   471   0   0   0   0
3   0   173   351   3   0   173   351   0   0   0   0
5   0   136   306   5   0   136   306   0   0   0   0
3   0   124   300   3   0   124   300   0   0   0   0
7   0   165   392   7   0   165   392   0   0   0   0
17   0   326   511   17   0   326   511   0   0   0   0
24   0   476   798   24   0   476   798   0   0   0   0
21   0   447   718   21   0   447   718   0   0   0   0
17   0   372   504   17   0   372   504   0   0   0   0
31   0   422   1187   31   0   422   1187   0   0   0   0
38   0   478   1580   38   0   478   1580   0   0   0   0
38   0   480   1496   38   0   480   1496   0   0   0   0
31   0   396   1278   31   0   396   1278   0   0   0   0
36   0   360   1454   36   0   360   1454   0   0   0   0
38   0   409   1840   38   0   409   1840   0   0   0   0
45   0   406   1693   45   0   406   1693   0   0   0   0
46   0   398   1452   46   0   398   1452   0   0   0   0
40   0   409   1886   40   0   409   1886   0   0   0   0
46   0   432   1913   46   0   432   1913   0   0   0   0
28   0   446   1902   28   0   446   1902   0   0   0   0
44   0   463   1933   44   0   463   1933   0   0   0   0
17   0   435   795   17   0   435   795   0   0   0   0
20   0   389   659   20   0   389   659   0   0   0   0
13   0   405   648   13   0   405   648   0   0   0   0
22   0   458   736   22   0   458   736   0   0   0   0
124   0   1558   6118   124   0   1558   6118   0   0   0   0
76   0   1018   3918   76   0   1018   3918   0   0   0   0
82   0   1090   3878   82   0   1090   3878   0   0   0   0
125   0   1522   6187   125   0   1522   6187   0   0   0   0
293   0   2210   10597   293   0   2210   10597   0   0   0   0
261   0   2089   9717   261   0   2089   9717   0   0   0   0
255   0   1908   9596   255   0   1908   9596   0   0   0   0
312   0   2244   11237   312   0   2244   11237   0   0   0   0
333   0   2155   12263   333   0   2155   12263   0   0   0   0
390   0   2392   13637   390   0   2392   13637   0   0   0   0
369   0   2468   13226   369   0   2468   13226   0   0   0   0
381   0   2233   12434   381   0   2233   12434   0   0   0   0
249   0   1743   10164   249   0   1743   10164   0   0   0   0
356   0   2477   13846   356   0   2477   13846   0   0   0   0
323   0   2398   13522   323   0   2398   13522   0   0   0   0
238   0   1787   10166   238   0   1787   10166   0   0   0   0
66   0   930   3269   66   0   930   3269   0   0   0   0
139   0   1659   6499   139   0   1659   6499   0   0   0   0
133   0   1683   6630   133   0   1683   6630   0   0   0   0
69   0   967   3316   69   0   967   3316   0   0   0   0
54   0   889   4733   54   0   889   4733   0   0   0   0
36   0   610   3249   36   0   610   3249   0   0   0   0
35   0   652   3275   35   0   652   3275   0   0   0   0
63   0   881   4705   63   0   881   4705   0   0   0   0
80   0   736   4371   80   0   736   4371   0   0   0   0
87   0   659   3463   87   0   659   3463   0   0   0   0
62   0   614   3012   62   0   614   3012   0   0   0   0
122   0   794   4757   122   0   794   4757   0   0   0   0
89   0   656   3209   89   0   656   3209   0   0   0   0
147   0   726   4324   147   0   726   4324   0   0   0   0
98   0   740   3582   98   0   740   3582   0   0   0   0
105   0   639   4028   105   0   639   4028   0   0   0   0
79   0   534   2766   79   0   534   2766   0   0   0   0
127   0   880   4497   127   0   880   4497   0   0   0   0
95   0   831   3761   95   0   831   3761   0   0   0   0
80   0   593   3166   80   0   593   3166   0   0   0   0
41   0   582   2868   41   0   582   2868   0   0   0   0
85   0   977   4646   85   0   977   4646   0   0   0   0
68   0   971   4731   68   0   971   4731   0   0   0   0
44   0   602   3054   44   0   602   3054   0   0   0   0
28   0   546   1646   28   0   546   1646   0   0   0   0
45   0   648   2207   45   0   648   2207   0   0   0   0
54   0   684   2143   54   0   684   2143   0   0   0   0
38   0   581   1734   38   0   581   1734   0   0   0   0
57   0   448   2348   57   0   448   2348   0   0   0   0
80   0   488   2989   80   0   488   2989   0   0   0   0
63   0   497   2532   63   0   497   2532   0   0   0   0
65   0   430   2755   65   0   430   2755   0   0   0   0
39   0   359   1779   39   0   359   1779   0   0   0   0
80   0   427   2722   80   0   427   2722   0   0   0   0
41   0   409   1960   41   0   409   1960   0   0   0   0
74   0   406   2537   74   0   406   2537   0   0   0   0
40   0   446   1804   40   0   446   1804   0   0   0   0
67   0   448   2607   67   0   448   2607   0   0   0   0
44   0   495   1969   44   0   495   1969   0   0   0   0
74   0   435   2367   74   0   435   2367   0   0   0   0
48   0   602   1886   48   0   602   1886   0   0   0   0
38   0   677   2052   38   0   677   2052   0   0   0   0
39   0   641   2092   39   0   641   2092   0   0   0   0
49   0   597   2113   49   0   597   2113   0   0   0   0
36   0   484   1246   36   0   484   1246   0   0   0   0
57   0   801   2359   57   0   801   2359   0   0   0   0
67   0   770   2124   67   0   770   2124   0   0   0   0
39   0   470   1311   39   0   470   1311   0   0   0   0
59   0   471   2210   59   0   471   2210   0   0   0   0
116   0   682   4183   116   0   682   4183   0   0   0   0
76   0   681   3699   76   0   681   3699   0   0   0   0
69   0   453   2650   69   0   453   2650   0   0   0   0
67   0   536   2849   67   0   536   2849   0   0   0   0
92   0   587   3708   92   0   587   3708   0   0   0   0
92   0   543   3080   92   0   543   3080   0   0   0   0
89   0   532   3460   89   0   532   3460   0   0   0   0
87   0   667   2739   87   0   667   2739   0   0   0   0
83   0   516   2667   83   0   516   2667   0   0   0   0
61   0   525   2283   61   0   525   2283   0   0   0   0
91   0   624   3443   91   0   624   3443   0   0   0   0
50   0   752   2023   50   0   752   2023   0   0   0   0
34   0   560   1588   34   0   560   1588   0   0   0   0
25   0   535   1614   25   0   535   1614   0   0   0   0
65   0   777   2237   65   0   777   2237   0   0   0   0
87   0   1002   2911   87   0   1002   2911   0   0   0   0
146   0   1851   5347   146   0   1851   5347   0   0   0   0
143   0   1846   5144   143   0   1846   5144   0   0   0   0
79   0   1045   2985   79   0   1045   2985   0   0   0   0
264   0   1855   8768   264   0   1855   8768   0   0   0   0
352   0   2547   13310   352   0   2547   13310   0   0   0   0
327   0   2615   12530   327   0   2615   12530   0   0   0   0
289   0   1887   9358   289   0   1887   9358   0   0   0   0
372   0   2292   14202   372   0   2292   14202   0   0   0   0
429   0   2503   16559   429   0   2503   16559   0   0   0   0
394   0   2686   15762   394   0   2686   15762   0   0   0   0
403   0   2334   14662   403   0   2334   14662   0   0   0   0
262   0   2390   11558   262   0   2390   11558   0   0   0   0
278   0   2079   10189   278   0   2079   10189   0   0   0   0
282   0   2158   10040   282   0   2158   10040   0   0   0   0
319   0   2323   11913   319   0   2323   11913   0   0   0   0
131   0   1596   4982   131   0   1596   4982   0   0   0   0
88   0   1122   3408   88   0   1122   3408   0   0   0   0
94   0   1146   3424   94   0   1146   3424   0   0   0   0
114   0   1728   5144   114   0   1728   5144   0   0   0   0
5559   195   49640   189899   5559   195   49640   189899   0   0   0   0
3629   30   32106   125517   3629   30   32106   125517   0   0   0   0
3743   31   31967   126718   3743   31   31967   126718   0   0   0   0
5603   200   49634   194539   5603   200   49634   194539   0   0   0   0
13570   626   77768   453004   13570   626   77768   453004   0   0   0   0
12063   251   66063   403022   12063   251   66063   403022   0   0   0   0
12165   243   66613   399824   12165   243   66613   399824   0   0   0   0
14497   586   77922   479333   14497   586   77922   479333   0   0   0   0
15724   486   78782   517456   15724   486   78782   517456   0   0   0   0
18235   577   86745   593060   18235   577   86745   593060   0   0   0   0
17142   549   85935   568210   17142   549   85935   568210   0   0   0   0
16583   508   78755   540849   16583   508   78755   540849   0   0   0   0
10613   206   59984   358810   10613   206   59984   358810   0   0   0   0
15543   659   84048   521931   15543   659   84048   521931   0   0   0   0
14934   656   84559   493642   14934   656   84559   493642   0   0   0   0
11043   205   60046   364907   11043   205   60046   364907   0   0   0   0
3156   27   28039   112741   3156   27   28039   112741   0   0   0   0
6122   189   53855   212749   6122   189   53855   212749   0   0   0   0
5939   189   53675   207235   5939   189   53675   207235   0   0   0   0
3275   30   28332   111772   3275   30   28332   111772   0   0   0   0
3037   645   29519   105195   3037   645   29519   105195   0   0   0   0
2253   110   21303   77268   2253   110   21303   77268   0   0   0   0
2175   102   21190   75406   2175   102   21190   75406   0   0   0   0
3172   661   29525   109549   3172   661   29525   109549   0   0   0   0
4395   1288   27223   147055   4395   1288   27223   147055   0   0   0   0
3946   519   20808   134114   3946   519   20808   134114   0   0   0   0
3492   501   21051   116143   3492   501   21051   116143   0   0   0   0
5215   1289   27263   176710   5215   1289   27263   176710   0   0   0   0
4152   972   22502   133345   4152   972   22502   133345   0   0   0   0
5592   1088   24748   184681   5592   1088   24748   184681   0   0   0   0
4491   1079   24511   149515   4491   1079   24511   149515   0   0   0   0
5056   979   22394   167905   5056   979   22394   167905   0   0   0   0
3156   389   18681   101418   3156   389   18681   101418   0   0   0   0
5816   1461   29621   192108   5816   1461   29621   192108   0   0   0   0
4739   1485   29567   162526   4739   1485   29567   162526   0   0   0   0
3579   393   18438   120417   3579   393   18438   120417   0   0   0   0
1943   80   18869   68027   1943   80   18869   68027   0   0   0   0
3517   691   31815   120894   3517   691   31815   120894   0   0   0   0
3219   691   32033   115502   3219   691   32033   115502   0   0   0   0
1966   79   19097   69335   1966   79   19097   69335   0   0   0   0
2046   876   20186   69450   2046   876   20186   69450   0   0   0   0
2319   234   22062   80736   2319   234   22062   80736   0   0   0   0
2250   220   22187   76746   2250   220   22187   76746   0   0   0   0
2133   906   20244   72361   2133   906   20244   72361   0   0   0   0
2234   1315   14604   74785   2234   1315   14604   74785   0   0   0   0
3327   541   16284   107437   3327   541   16284   107437   0   0   0   0
2528   538   16031   84449   2528   538   16031   84449   0   0   0   0
2985   1353   14717   98123   2985   1353   14717   98123   0   0   0   0
2019   813   12752   69000   2019   813   12752   69000   0   0   0   0
3454   958   14198   111797   3454   958   14198   111797   0   0   0   0
2360   863   14238   78355   2360   863   14238   78355   0   0   0   0
3200   875   12703   102553   3200   875   12703   102553   0   0   0   0
2300   440   14669   75320   2300   440   14669   75320   0   0   0   0
3215   1374   16089   108422   3215   1374   16089   108422   0   0   0   0
2584   1382   16309   84668   2584   1382   16309   84668   0   0   0   0
3008   441   14437   98272   3008   441   14437   98272   0   0   0   0
2000   156   20366   72271   2000   156   20366   72271   0   0   0   0
2292   957   22262   82353   2292   957   22262   82353   0   0   0   0
2288   978   22376   79395   2288   978   22376   79395   0   0   0   0
2089   159   19943   75676   2089   159   19943   75676   0   0   0   0
1607   885   16566   55609   1607   885   16566   55609   0   0   0   0
2889   378   26908   98791   2889   378   26908   98791   0   0   0   0
2791   415   26899   94933   2791   415   26899   94933   0   0   0   0
1764   912   16749   57512   1764   912   16749   57512   0   0   0   0
2441   935   15349   82997   2441   935   15349   82997   0   0   0   0
4772   509   24085   156846   4772   509   24085   156846   0   0   0   0
3855   494   24367   130997   3855   494   24367   130997   0   0   0   0
2923   959   15175   99553   2923   959   15175   99553   0   0   0   0
3178   636   18147   106073   3178   636   18147   106073   0   0   0   0
4605   675   20229   150226   4605   675   20229   150226   0   0   0   0
3643   686   20111   119452   3643   686   20111   119452   0   0   0   0
4144   630   18154   137138   4144   630   18154   137138   0   0   0   0
3629   441   22418   120518   3629   441   22418   120518   0   0   0   0
3355   920   17316   111425   3355   920   17316   111425   0   0   0   0
2838   994   17269   95947   2838   994   17269   95947   0   0   0   0
4405   439   22190   146586   4405   439   22190   146586   0   0   0   0
2484   314   24650   91489   2484   314   24650   91489   0   0   0   0
1908   949   18659   68797   1908   949   18659   68797   0   0   0   0
1840   962   18364   67549   1840   962   18364   67549   0   0   0   0
2717   346   24939   95563   2717   346   24939   95563   0   0   0   0
3446   1117   30926   117773   3446   1117   30926   117773   0   0   0   0
6604   1400   58284   224640   6604   1400   58284   224640   0   0   0   0
6298   1336   58099   218497   6298   1336   58099   218497   0   0   0   0
3381   1030   30672   117180   3381   1030   30672   117180   0   0   0   0
11383   1255   62975   376637   11383   1255   62975   376637   0   0   0   0
16903   1493   89719   553132   16903   1493   89719   553132   0   0   0   0
15630   1367   89903   521510   15630   1367   89903   521510   0   0   0   0
11746   1169   63352   383012   11746   1169   63352   383012   0   0   0   0
16532   1151   82527   543519   16532   1151   82527   543519   0   0   0   0
19229   1211   91399   625410   19229   1211   91399   625410   0   0   0   0
18364   1260   91239   596214   18364   1260   91239   596214   0   0   0   0
17524   1085   82847   571756   17524   1085   82847   571756   0   0   0   0
14275   1219   82633   482961   14275   1219   82633   482961   0   0   0   0
12827   1247   70082   427752   12827   1247   70082   427752   0   0   0   0
12666   1412   70093   422663   12666   1412   70093   422663   0   0   0   0
15310   1352   82764   513692   15310   1352   82764   513692   0   0   0   0
5847   1251   54121   212572   5847   1251   54121   212572   0   0   0   0
3948   1160   34993   138870   3948   1160   34993   138870   0   0   0   0
3845   1196   34891   140065   3845   1196   34891   140065   0   0   0   0
6108   1265   53986   218501   6108   1265   53986   218501   0   0   0   0
0   1   0   976   0   1   0   976   0   0   0   0
0   1   0   629   0   1   0   629   0   0   0   0
0   0   0   624   0   0   0   624   0   0   0   0
0   1   0   925   0   1   0   925   0   0   0   0
0   4   0   1890   0   4   0   1890   0   0   0   0
0   0   0   1713   0   0   0   1713   0   0   0   0
0   4   0   1685   0   4   0   1685   0   0   0   0
0   1   0   1940   0   1   0   1940   0   0   0   0
0   2   0   2085   0   2   0   2085   0   0   0   0
0   1   0   2401   0   1   0   2401   0   0   0   0
0   3   0   2325   0   3   0   2325   0   0   0   0
0   1   0   2106   0   1   0   2106   0   0   0   0
0   1   0   1545   0   1   0   1545   0   0   0   0
0   1   0   2368   0   1   0   2368   0   0   0   0
0   4   0   2142   0   4   0   2142   0   0   0   0
0   2   0   1516   0   2   0   1516   0   0   0   0
0   0   0   1454   0   0   0   1454   0   0   0   0
0   2   0   2051   0   2   0   2051   0   0   0   0
0   0   0   2078   0   0   0   2078   0   0   0   0
0   0   0   1555   0   0   0   1555   0   0   0   0
0   2   0   610   0   2   0   610   0   0   0   0
0   0   0   459   0   0   0   459   0   0   0   0
0   1   0   441   0   1   0   441   0   0   0   0
0   4   0   658   0   4   0   658   0   0   0   0
0   6   0   614   0   6   0   614   0   0   0   0
0   3   0   561   0   3   0   561   0   0   0   0
0   3   0   455   0   3   0   455   0   0   0   0
0   5   0   686   0   5   0   686   0   0   0   0
0   2   0   506   0   2   0   506   0   0   0   0
0   7   0   681   0   7   0   681   0   0   0   0
0   5   0   597   0   5   0   597   0   0   0   0
0   2   0   614   0   2   0   614   0   0   0   0
0   3   0   424   0   3   0   424   0   0   0   0
0   6   0   794   0   6   0   794   0   0   0   0
0   6   0   712   0   6   0   712   0   0   0   0
0   3   0   468   0   3   0   468   0   0   0   0
0   0   0   323   0   0   0   323   0   0   0   0
0   4   0   614   0   4   0   614   0   0   0   0
0   5   0   559   0   5   0   559   0   0   0   0
0   2   0   336   0   2   0   336   0   0   0   0
0   5   0   2657   0   5   0   2657   0   0   0   0
0   3   0   1340   0   3   0   1340   0   0   0   0
0   4   0   1479   0   4   0   1479   0   0   0   0
0   5   0   2584   0   5   0   2584   0   0   0   0
0   8   0   250   0   8   0   250   0   0   0   0
0   2   0   406   0   2   0   406   0   0   0   0
0   2   0   349   0   2   0   349   0   0   0   0
0   7   0   390   0   7   0   390   0   0   0   0
0   2   0   257   0   2   0   257   0   0   0   0
0   8   0   427   0   8   0   427   0   0   0   0
0   2   0   286   0   2   0   286   0   0   0   0
0   6   0   387   0   6   0   387   0   0   0   0
0   2   0   312   0   2   0   312   0   0   0   0
0   6   0   418   0   6   0   418   0   0   0   0
0   2   0   328   0   2   0   328   0   0   0   0
0   2   0   409   0   2   0   409   0   0   0   0
0   1   0   364   0   1   0   364   0   0   0   0
0   6   0   394   0   6   0   394   0   0   0   0
0   6   0   384   0   6   0   384   0   0   0   0
0   3   0   380   0   3   0   380   0   0   0   0
0   6   0   3240   0   6   0   3240   0   0   0   0
0   2   0   3264   0   2   0   3264   0   0   0   0
0   0   0   3351   0   0   0   3351   0   0   0   0
0   3   0   3286   0   3   0   3286   0   0   0   0
0   5   0   428   0   5   0   428   0   0   0   0
0   3   0   725   0   3   0   725   0   0   0   0
0   3   0   568   0   3   0   568   0   0   0   0
0   4   0   500   0   4   0   500   0   0   0   0
0   0   0   414   0   0   0   414   0   0   0   0
0   1   0   504   0   1   0   504   0   0   0   0
0   4   0   420   0   4   0   420   0   0   0   0
0   4   0   485   0   4   0   485   0   0   0   0
0   5   0   515   0   5   0   515   0   0   0   0
0   4   0   420   0   4   0   420   0   0   0   0
0   6   0   364   0   6   0   364   0   0   0   0
0   1   0   585   0   1   0   585   0   0   0   0
0   4   0   461   0   4   0   461   0   0   0   0
0   3   0   313   0   3   0   313   0   0   0   0
0   4   0   335   0   4   0   335   0   0   0   0
0   2   0   498   0   2   0   498   0   0   0   0
0   3   0   1810   0   3   0   1810   0   0   0   0
0   8   0   3930   0   8   0   3930   0   0   0   0
0   10   0   4120   0   10   0   4120   0   0   0   0
0   4   0   1733   0   4   0   1733   0   0   0   0
0   3   0   3367   0   3   0   3367   0   0   0   0
0   11   0   4169   0   11   0   4169   0   0   0   0
0   8   0   4018   0   8   0   4018   0   0   0   0
0   3   0   3344   0   3   0   3344   0   0   0   0
0   5   0   1869   0   5   0   1869   0   0   0   0
0   5   0   2096   0   5   0   2096   0   0   0   0
0   10   0   2070   0   10   0   2070   0   0   0   0
0   5   0   1896   0   5   0   1896   0   0   0   0
0   4   0   1705   0   4   0   1705   0   0   0   0
0   4   0   1341   0   4   0   1341   0   0   0   0
0   11   0   1380   0   11   0   1380   0   0   0   0
0   6   0   1877   0   6   0   1877   0   0   0   0
0   6   0   817   0   6   0   817   0   0   0   0
0   14   0   489   0   14   0   489   0   0   0   0
0   7   0   534   0   7   0   534   0   0   0   0
0   7   0   941   0   7   0   941   0   0   0   0
0   0   0   18   0   0   0   18   0   0   0   0
0   0   0   6   0   0   0   6   0   0   0   0
0   0   0   9   0   0   0   9   0   0   0   0
0   0   0   16   0   0   0   16   0   0   0   0
0   0   0   21   0   0   0   21   0   0   0   0
0   0   0   23   0   0   0   23   0   0   0   0
0   0   0   13   0   0   0   13   0   0   0   0
0   0   0   21   0   0   0   21   0   0   0   0
0   0   0   21   0   0   0   21   0   0   0   0
0   0   0   27   0   0   0   27   0   0   0   0
0   0   0   24   0   0   0   24   0   0   0   0
0   0   0   22   0   0   0   22   0   0   0   0
0   0   0   14   0   0   0   14   0   0   0   0
0   0   0   25   0   0   0   25   0   0   0   0
0   0   0   17   0   0   0   17   0   0   0   0
0   0   0   6   0   0   0   6   0   0   0   0
0   0   0   16   0   0   0   16   0   0   0   0
0   0   0   19   0   0   0   19   0   0   0   0
0   0   0   14   0   0   0   14   0   0   0   0
0   0   0   13   0   0   0   13   0   0   0   0
0   0   0   6   0   0   0   6   0   0   0   0
0   0   0   7   0   0   0   7   0   0   0   0
0   0   0   4   0   0   0   4   0   0   0   0
0   0   0   5   0   0   0   5   0   0   0   0
0   0   0   15   0   0   0   15   0   0   0   0
0   0   0   3   0   0   0   3   0   0   0   0
0   0   0   7   0   0   0   7   0   0   0   0
0   0   0   7   0   0   0   7   0   0   0   0
0   0   0   4   0   0   0   4   0   0   0   0
0   0   0   10   0   0   0   10   0   0   0   0
0   0   0   10   0   0   0   10   0   0   0   0
0   0   0   5   0   0   0   5   0   0   0   0
0   0   0   6   0   0   0   6   0   0   0   0
0   0   0   12   0   0   0   12   0   0   0   0
0   0   0   8   0   0   0   8   0   0   0   0
0   0   0   6   0   0   0   6   0   0   0   0
0   0   0   6   0   0   0   6   0   0   0   0
0   0   0   7   0   0   0   7   0   0   0   0
0   0   0   6   0   0   0   6   0   0   0   0
0   0   0   6   0   0   0   6   0   0   0   0
0   0   0   19   0   0   0   19   0   0   0   0
0   0   0   7   0   0   0   7   0   0   0   0
0   0   0   7   0   0   0   7   0   0   0   0
0   0   0   12   0   0   0   12   0   0   0   0
0   0   0   3   0   0   0   3   0   0   0   0
0   0   0   5   0   0   0   5   0   0   0   0
0   0   0   9   0   0   0   9   0   0   0   0
0   0   0   4   0   0   0   4   0   0   0   0
0   0   0   3   0   0   0   3   0   0   0   0
0   0   0   5   0   0   0   5   0   0   0   0
0   0   0   2   0   0   0   2   0   0   0   0
0   0   0   2   0   0   0   2   0   0   0   0
0   0   0   7   0   0   0   7   0   0   0   0
0   0   0   3   0   0   0   3   0   0   0   0
0   0   0   3   0   0   0   3   0   0   0   0
0   0   0   4   0   0   0   4   0   0   0   0
0   0   0   6   0   0   0   6   0   0   0   0
0   0   0   6   0   0   0   6   0   0   0   0
0   0   0   5   0   0   0   5   0   0   0   0
0   0   0   3   0   0   0   3   0   0   0   0
0   0   0   198   0   0   0   198   0   0   0   0
0   0   0   110   0   0   0   110   0   0   0   0
0   0   0   133   0   0   0   133   0   0   0   0
0   0   0   224   0   0   0   224   0   0   0   0
0   0   0   8   0   0   0   8   0   0   0   0
0   0   0   4   0   0   0   4   0   0   0   0
0   0   0   9   0   0   0   9   0   0   0   0
0   0   0   9   0   0   0   9   0   0   0   0
0   0   0   2   0   0   0   2   0   0   0   0
0   0   0   6   0   0   0   6   0   0   0   0
0   0   0   8   0   0   0   8   0   0   0   0
0   0   0   6   0   0   0   6   0   0   0   0
0   0   0   5   0   0   0   5   0   0   0   0
0   0   0   6   0   0   0   6   0   0   0   0
0   0   0   2   0   0   0   2   0   0   0   0
0   0   0   9   0   0   0   9   0   0   0   0
0   0   0   5   0   0   0   5   0   0   0   0
0   0   0   7   0   0   0   7   0   0   0   0
0   0   0   4   0   0   0   4   0   0   0   0
0   0   0   2   0   0   0   2   0   0   0   0
0   0   0   1984   0   0   0   1984   0   0   0   0
0   0   0   2557   0   0   0   2557   0   0   0   0
0   0   0   2630   0   0   0   2630   0   0   0   0
0   0   0   1951   0   0   0   1951   0   0   0   0
0   0   0   64   0   0   0   64   0   0   0   0
0   0   0   43   0   0   0   43   0   0   0   0
0   0   0   48   0   0   0   48   0   0   0   0
0   0   0   51   0   0   0   51   0   0   0   0
0   0   0   24   0   0   0   24   0   0   0   0
0   0   0   30   0   0   0   30   0   0   0   0
0   0   0   20   0   0   0   20   0   0   0   0
0   0   0   29   0   0   0   29   0   0   0   0
0   0   0   20   0   0   0   20   0   0   0   0
0   0   0   22   0   0   0   22   0   0   0   0
0   0   0   15   0   0   0   15   0   0   0   0
0   0   0   19   0   0   0   19   0   0   0   0
0   0   0   9   0   0   0   9   0   0   0   0
0   0   0   4   0   0   0   4   0   0   0   0
0   0   0   4   0   0   0   4   0   0   0   0
0   0   0   12   0   0   0   12   0   0   0   0
0   0   0   8   0   0   0   8   0   0   0   0
0   0   0   4   0   0   0   4   0   0   0   0
0   0   0   5   0   0   0   5   0   0   0   0
0   0   0   12   0   0   0   12   0   0   0   0
0   0   0   20   0   0   0   20   0   0   0   0
0   0   0   14   0   0   0   14   0   0   0   0
0   0   0   8   0   0   0   8   0   0   0   0
0   0   0   16   0   0   0   16   0   0   0   0
0   0   0   9   0   0   0   9   0   0   0   0
0   0   0   14   0   0   0   14   0   0   0   0
0   0   0   24   0   0   0   24   0   0   0   0
0   0   0   19   0   0   0   19   0   0   0   0
0   0   0   8   0   0   0   8   0   0   0   0
0   0   0   15   0   0   0   15   0   0   0   0
0   0   0   18   0   0   0   18   0   0   0   0
0   0   0   11   0   0   0   11   0   0   0   0
0   0   0   7   0   0   0   7   0   0   0   0
0   0   0   11   0   0   0   11   0   0   0   0
0   0   0   13   0   0   0   13   0   0   0   0
0   0   0   4   0   0   0   4   0   0   0   0
0   0   0   11   0   0   0   11   0   0   0   0
0   0   0   8   0   0   0   8   0   0   0   0
0   0   0   0   0   0   0   0   0   0   0   0
0   0   0   8   0   0   0   8   0   0   0   0
0   0   0   4   0   0   0   4   0   0   0   0
0   0   0   6   0   0   0   6   0   0   0   0
0   0   0   2   0   0   0   2   0   0   0   0
0   0   0   3   0   0   0   3   0   0   0   0
0   0   0   3   0   0   0   3   0   0   0   0
0   0   0   4   0   0   0   4   0   0   0   0
0   0   0   7   0   0   0   7   0   0   0   0
0   0   0   5   0   0   0   5   0   0   0   0
0   0   0   2   0   0   0   2   0   0   0   0
0   0   0   6   0   0   0   6   0   0   0   0
0   0   0   5   0   0   0   5   0   0   0   0
0   0   0   4   0   0   0   4   0   0   0   0
0   0   0   7   0   0   0   7   0   0   0   0
0   0   0   6   0   0   0   6   0   0   0   0
0   0   0   5   0   0   0   5   0   0   0   0
0   0   0   1   0   0   0   1   0   0   0   0
0   0   0   12   0   0   0   12   0   0   0   0
0   0   0   10   0   0   0   10   0   0   0   0
0   0   0   9   0   0   0   9   0   0   0   0
0   0   0   4   0   0   0   4   0   0   0   0
0   0   0   4   0   0   0   4   0   0   0   0
0   0   0   2   0   0   0   2   0   0   0   0
0   0   0   6   0   0   0   6   0   0   0   0
0   0   0   5   0   0   0   5   0   0   0   0
0   0   0   4   0   0   0   4   0   0   0   0
0   0   0   4   0   0   0   4   0   0   0   0
0   0   0   1   0   0   0   1   0   0   0   0
0   0   0   0   0   0   0   0   0   0   0   0
0   0   0   2   0   0   0   2   0   0   0   0
0   0   0   3   0   0   0   3   0   0   0   0
0   0   0   0   0   0   0   0   0   0   0   0
0   0   0   2   0   0   0   2   0   0   0   0
0   0   0   3   0   0   0   3   0   0   0   0
0   0   0   3   0   0   0   3   0   0   0   0
0   0   0   3   0   0   0   3   0   0   0   0
0   0   0   3   0   0   0   3   0   0   0   0
0   0   0   15   0   0   0   15   0   0   0   0
0   0   0   14   0   0   0   14   0   0   0   0
0   0   0   18   0   0   0   18   0   0   0   0
0   0   0   16   0   0   0   16   0   0   0   0
0   0   0   6   0   0   0   6   0   0   0   0
0   0   0   9   0   0   0   9   0   0   0   0
0   0   0   5   0   0   0   5   0   0   0   0
0   0   0   7   0   0   0   7   0   0   0   0
0   0   0   5   0   0   0   5   0   0   0   0
0   0   0   4   0   0   0   4   0   0   0   0
0   0   0   1   0   0   0   1   0   0   0   0
0   0   0   1   0   0   0   1   0   0   0   0
0   0   0   5   0   0   0   5   0   0   0   0
0   0   0   3   0   0   0   3   0   0   0   0
0   0   0   2   0   0   0   2   0   0   0   0
0   0   0   6   0   0   0   6   0   0   0   0
0   0   0   10   0   0   0   10   0   0   0   0
0   0   0   2   0   0   0   2   0   0   0   0
0   0   0   1   0   0   0   1   0   0   0   0
0   0   0   5   0   0   0   5   0   0   0   0
0   0   0   696   0   0   0   696   0   0   0   0
0   0   0   1117   0   0   0   1117   0   0   0   0
0   0   0   1187   0   0   0   1187   0   0   0   0
0   0   0   835   0   0   0   835   0   0   0   0
0   0   0   16   0   0   0   16   0   0   0   0
0   0   0   30   0   0   0   30   0   0   0   0
0   0   0   20   0   0   0   20   0   0   0   0
0   0   0   26   0   0   0   26   0   0   0   0
0   0   0   13   0   0   0   13   0   0   0   0
0   0   0   15   0   0   0   15   0   0   0   0
0   0   0   23   0   0   0   23   0   0   0   0
0   0   0   18   0   0   0   18   0   0   0   0
0   0   0   20   0   0   0   20   0   0   0   0
0   0   0   7   0   0   0   7   0   0   0   0
0   0   0   11   0   0   0   11   0   0   0   0
0   0   0   23   0   0   0   23   0   0   0   0
0   0   0   6   0   0   0   6   0   0   0   0
0   0   0   4   0   0   0   4   0   0   0   0
0   0   0   4   0   0   0   4   0   0   0   0
0   0   0   15   0   0   0   15   0   0   0   0
0   0   0   6   0   0   0   6   0   0   0   0
0   0   0   4   0   0   0   4   0   0   0   0
0   0   0   7   0   0   0   7   0   0   0   0
0   0   0   11   0   0   0   11   0   0   0   0
0   0   0   12   0   0   0   12   0   0   0   0
0   0   0   16   0   0   0   16   0   0   0   0
0   0   0   13   0   0   0   13   0   0   0   0
0   0   0   19   0   0   0   19   0   0   0   0
0   0   0   21   0   0   0   21   0   0   0   0
0   0   0   11   0   0   0   11   0   0   0   0
0   0   0   8   0   0   0   8   0   0   0   0
0   0   0   8   0   0   0   8   0   0   0   0
0   0   0   11   0   0   0   11   0   0   0   0
0   0   0   12   0   0   0   12   0   0   0   0
0   0   0   18   0   0   0   18   0   0   0   0
0   0   0   7   0   0   0   7   0   0   0   0
0   0   0   6   0   0   0   6   0   0   0   0
0   0   0   9   0   0   0   9   0   0   0   0
0   0   0   6   0   0   0   6   0   0   0   0
0   0   0   2   0   0   0   2   0   0   0   0
0   0   0   7   0   0   0   7   0   0   0   0
0   0   0   1   0   0   0   1   0   0   0   0
0   0   0   3   0   0   0   3   0   0   0   0
0   0   0   1   0   0   0   1   0   0   0   0
0   0   0   9   0   0   0   9   0   0   0   0
0   0   0   4   0   0   0   4   0   0   0   0
0   0   0   5   0   0   0   5   0   0   0   0
0   0   0   9   0   0   0   9   0   0   0   0
0   0   0   5   0   0   0   5   0   0   0   0
0   0   0   1   0   0   0   1   0   0   0   0
0   0   0   2   0   0   0   2   0   0   0   0
0   0   0   7   0   0   0   7   0   0   0   0
0   0   0   2   0   0   0   2   0   0   0   0
0   0   0   3   0   0   0   3   0   0   0   0
0   0   0   5   0   0   0   5   0   0   0   0
0   0   0   4   0   0   0   4   0   0   0   0
0   0   0   4   0   0   0   4   0   0   0   0
0   0   0   3   0   0   0   3   0   0   0   0
0   0   0   4   0   0   0   4   0   0   0   0
0   0   0   5   0   0   0   5   0   0   0   0
0   0   0   5   0   0   0   5   0   0   0   0
0   0   0   8   0   0   0   8   0   0   0   0
0   0   0   2   0   0   0   2   0   0   0   0
0   0   0   5   0   0   0   5   0   0   0   0
0   0   0   3   0   0   0   3   0   0   0   0
0   0   0   4   0   0   0   4   0   0   0   0
0   0   0   2   0   0   0   2   0   0   0   0
0   0   0   5   0   0   0   5   0   0   0   0
0   0   0   1   0   0   0   1   0   0   0   0
0   0   0   5   0   0   0   5   0   0   0   0
0   0   0   0   0   0   0   0   0   0   0   0
0   0   0   2   0   0   0   2   0   0   0   0
0   0   0   0   0   0   0   0   0   0   0   0
0   0   0   4   0   0   0   4   0   0   0   0
0   0   0   4   0   0   0   4   0   0   0   0
0   0   0   1   0   0   0   1   0   0   0   0
0   0   0   1   0   0   0   1   0   0   0   0
0   0   0   2   0   0   0   2   0   0   0   0
0   0   0   5   0   0   0   5   0   0   0   0
0   0   0   2   0   0   0   2   0   0   0   0
0   0   0   7   0   0   0   7   0   0   0   0
0   0   0   6   0   0   0   6   0   0   0   0
0   0   0   9   0   0   0   9   0   0   0   0
0   0   0   9   0   0   0   9   0   0   0   0
0   0   0   2   0   0   0   2   0   0   0   0
0   0   0   10   0   0   0   10   0   0   0   0
0   0   0   2   0   0   0   2   0   0   0   0
0   0   0   5   0   0   0   5   0   0   0   0
0   0   0   3   0   0   0   3   0   0   0   0
0   0   0   5   0   0   0   5   0   0   0   0
0   0   0   3   0   0   0   3   0   0   0   0
0   0   0   2   0   0   0   2   0   0   0   0
0   0   0   1   0   0   0   1   0   0   0   0
0   0   0   3   0   0   0   3   0   0   0   0
0   0   0   1   0   0   0   1   0   0   0   0
0   0   0   6   0   0   0   6   0   0   0   0
0   0   0   2   0   0   0   2   0   0   0   0
0   0   0   4   0   0   0   4   0   0   0   0
0   0   0   3   0   0   0   3   0   0   0   0
0   0   0   9   0   0   0   9   0   0   0   0
0   0   0   39   0   0   0   39   0   0   0   0
0   0   0   50   0   0   0   50   0   0   0   0
0   0   0   61   0   0   0   61   0   0   0   0
0   0   0   33   0   0   0   33   0   0   0   0
0   0   0   7   0   0   0   7   0   0   0   0
0   0   0   18   0   0   0   18   0   0   0   0
0   0   0   18   0   0   0   18   0   0   0   0
0   0   0   10   0   0   0   10   0   0   0   0
0   0   0   25   0   0   0   25   0   0   0   0
0   0   0   30   0   0   0   30   0   0   0   0
0   0   0   19   0   0   0   19   0   0   0   0
0   0   0   11   0   0   0   11   0   0   0   0
0   0   0   16   0   0   0   16   0   0   0   0
0   0   0   14   0   0   0   14   0   0   0   0
0   0   0   12   0   0   0   12   0   0   0   0
0   0   0   15   0   0   0   15   0   0   0   0
0   0   0   9   0   0   0   9   0   0   0   0
0   0   0   5   0   0   0   5   0   0   0   0
0   0   0   5   0   0   0   5   0   0   0   0
0   0   0   10   0   0   0   10   0   0   0   0
