0   0   83   27   0   0   83   27   0   0   0   0
1   0   98   46   1   0   98   46   0   0   0   0
0   0   106   30   0   0   106   30   0   0   0   0
1   0   72   36   1   0   72   36   0   0   0   0
1   0   38   60   1   0   38   60   0   0   0   0
3   0   37   80   3   0   37   80   0   0   0   0
4   0   43   76   4   0   43   76   0   0   0   0
0   0   27   56   0   0   27   56   0   0   0   0
5   0   23   73   5   0   23   73   0   0   0   0
1   0   26   89   1   0   26   89   0   0   0   0
0   0   22   83   0   0   22   83   0   0   0   0
0   0   19   82   0   0   19   82   0   0   0   0
2   0   12   72   2   0   12   72   0   0   0   0
2   0   27   94   2   0   27   94   0   0   0   0
7   0   33   104   7   0   33   104   0   0   0   0
3   0   21   67   3   0   21   67   0   0   0   0
1   0   41   80   1   0   41   80   0   0   0   0
2   0   40   111   2   0   40   111   0   0   0   0
2   0   44   123   2   0   44   123   0   0   0   0
1   0   53   95   1   0   53   95   0   0   0   0
0   0   55   27   0   0   55   27   0   0   0   0
0   0   100   36   0   0   100   36   0   0   0   0
0   0   95   30   0   0   95   30   0   0   0   0
0   0   82   33   0   0   82   33   0   0   0   0
0   0   81   58   0   0   81   58   0   0   0   0
0   0   86   29   0   0   86   29   0   0   0   0
1   0   91   32   1   0   91   32   0   0   0   0
0   0   72   54   0   0   72   54   0   0   0   0
0   0   46   62   0   0   46   62   0   0   0   0
1   0   50   84   1   0   50   84   0   0   0   0
0   0   43   102   0   0   43   102   0   0   0   0
0   0   48   95   0   0   48   95   0   0   0   0
5   0   17   85   5   0   17   85   0   0   0   0
2   0   24   92   2   0   24   92   0   0   0   0
5   0   24   84   5   0   24   84   0   0   0   0
4   0   18   79   4   0   18   79   0   0   0   0
1   0   16   55   1   0   16   55   0   0   0   0
4   0   26   89   4   0   26   89   0   0   0   0
3   0   31   83   3   0   31   83   0   0   0   0
4   0   21   79   4   0   21   79   0   0   0   0
1   0   38   63   1   0   38   63   0   0   0   0
1   0   46   149   1   0   46   149   0   0   0   0
2   0   49   152   2   0   49   152   0   0   0   0
2   0   32   89   2   0   32   89   0   0   0   0
0   0   94   65   0   0   94   65   0   0   0   0
0   0   97   41   0   0   97   41   0   0   0   0
0   0   87   29   0   0   87   29   0   0   0   0
0   0   79   51   0   0   79   51   0   0   0   0
0   0   64   35   0   0   64   35   0   0   0   0
0   0   86   25   0   0   86   25   0   0   0   0
0   0   78   21   0   0   78   21   0   0   0   0
0   0   68   26   0   0   68   26   0   0   0   0
1   0   41   63   1   0   41   63   0   0   0   0
3   0   34   70   3   0   34   70   0   0   0   0
2   0   32   81   2   0   32   81   0   0   0   0
1   0   27   60   1   0   27   60   0   0   0   0
0   0   15   50   0   0   15   50   0   0   0   0
4   0   22   66   4   0   22   66   0   0   0   0
2   0   21   67   2   0   21   67   0   0   0   0
2   0   17   52   2   0   17   52   0   0   0   0
2   0   16   51   2   0   16   51   0   0   0   0
1   0   22   60   1   0   22   60   0   0   0   0
2   0   26   58   2   0   26   58   0   0   0   0
1   0   14   55   1   0   14   55   0   0   0   0
0   0   25   46   0   0   25   46   0   0   0   0
1   0   37   78   1   0   37   78   0   0   0   0
0   0   33   89   0   0   33   89   0   0   0   0
0   0   32   40   0   0   32   40   0   0   0   0
0   0   66   58   0   0   66   58   0   0   0   0
0   0   64   42   0   0   64   42   0   0   0   0
0   0   69   49   0   0   69   49   0   0   0   0
1   0   66   74   1   0   66   74   0   0   0   0
0   0   83   17   0   0   83   17   0   0   0   0
0   0   76   23   0   0   76   23   0   0   0   0
0   0   78   17   0   0   78   17   0   0   0   0
0   0   90   14   0   0   90   14   0   0   0   0
1   0   42   40   1   0   42   40   0   0   0   0
2   0   41   62   2   0   41   62   0   0   0   0
2   0   49   62   2   0   49   62   0   0   0   0
0   0   29   49   0   0   29   49   0   0   0   0
0   0   22   71   0   0   22   71   0   0   0   0
4   0   20   83   4   0   20   83   0   0   0   0
4   0   24   87   4   0   24   87   0   0   0   0
2   0   15   55   2   0   15   55   0   0   0   0
5   0   23   63   5   0   23   63   0   0   0   0
2   0   30   77   2   0   30   77   0   0   0   0
5   0   23   71   5   0   23   71   0   0   0   0
0   0   20   72   0   0   20   72   0   0   0   0
1   0   40   48   1   0   40   48   0   0   0   0
1   0   44   75   1   0   44   75   0   0   0   0
1   0   31   65   1   0   31   65   0   0   0   0
2   0   39   58   2   0   39   58   0   0   0   0
1   0   83   70   1   0   83   70   0   0   0   0
1   0   85   73   1   0   85   73   0   0   0   0
1   0   83   52   1   0   83   52   0   0   0   0
0   0   75   79   0   0   75   79   0   0   0   0
0   0   55   13   0   0   55   13   0   0   0   0
0   0   73   14   0   0   73   14   0   0   0   0
1   0   57   13   1   0   57   13   0   0   0   0
0   0   53   18   0   0   53   18   0   0   0   0
0   0   30   36   0   0   30   36   0   0   0   0
1   0   34   41   1   0   34   41   0   0   0   0
0   0   29   49   0   0   29   49   0   0   0   0
2   0   33   34   2   0   33   34   0   0   0   0
0   0   14   55   0   0   14   55   0   0   0   0
1   0   16   54   1   0   16   54   0   0   0   0
4   0   24   69   4   0   24   69   0   0   0   0
2   0   14   54   2   0   14   54   0   0   0   0
2   0   15   34   2   0   15   34   0   0   0   0
1   0   16   46   1   0   16   46   0   0   0   0
3   0   17   62   3   0   17   62   0   0   0   0
0   0   15   49   0   0   15   49   0   0   0   0
1   0   33   53   1   0   33   53   0   0   0   0
1   0   35   44   1   0   35   44   0   0   0   0
2   0   28   48   2   0   28   48   0   0   0   0
0   0   25   53   0   0   25   53   0   0   0   0
1   0   57   55   1   0   57   55   0   0   0   0
0   0   72   42   0   0   72   42   0   0   0   0
0   0   63   61   0   0   63   61   0   0   0   0
0   0   54   49   0   0   54   49   0   0   0   0
3   0   219   179   3   0   219   179   0   0   0   0
6   0   268   168   6   0   268   168   0   0   0   0
9   0   251   182   9   0   251   182   0   0   0   0
5   0   257   188   5   0   257   188   0   0   0   0
10   0   191   564   10   0   191   564   0   0   0   0
9   0   201   587   9   0   201   587   0   0   0   0
15   0   234   565   15   0   234   565   0   0   0   0
11   0   194   577   11   0   194   577   0   0   0   0
8   0   101   448   8   0   101   448   0   0   0   0
6   0   101   506   6   0   101   506   0   0   0   0
9   0   99   519   9   0   99   519   0   0   0   0
16   0   84   447   16   0   84   447   0   0   0   0
5   0   92   385   5   0   92   385   0   0   0   0
14   0   103   417   14   0   103   417   0   0   0   0
8   0   100   399   8   0   100   399   0   0   0   0
5   0   82   365   5   0   82   365   0   0   0   0
8   0   187   384   8   0   187   384   0   0   0   0
8   0   196   362   8   0   196   362   0   0   0   0
8   0   180   401   8   0   180   401   0   0   0   0
7   0   193   360   7   0   193   360   0   0   0   0
2   0   184   161   2   0   184   161   0   0   0   0
3   0   247   193   3   0   247   193   0   0   0   0
5   0   274   188   5   0   274   188   0   0   0   0
3   0   236   152   3   0   236   152   0   0   0   0
3   0   266   164   3   0   266   164   0   0   0   0
1   0   235   165   1   0   235   165   0   0   0   0
3   0   260   145   3   0   260   145   0   0   0   0
1   0   249   173   1   0   249   173   0   0   0   0
5   0   148   476   5   0   148   476   0   0   0   0
18   0   192   428   18   0   192   428   0   0   0   0
19   0   211   450   19   0   211   450   0   0   0   0
9   0   174   505   9   0   174   505   0   0   0   0
10   0   104   417   10   0   104   417   0   0   0   0
7   0   107   521   7   0   107   521   0   0   0   0
11   0   116   526   11   0   116   526   0   0   0   0
5   0   96   401   5   0   96   401   0   0   0   0
7   0   126   354   7   0   126   354   0   0   0   0
6   0   98   498   6   0   98   498   0   0   0   0
7   0   91   513   7   0   91   513   0   0   0   0
12   0   95   379   12   0   95   379   0   0   0   0
8   0   194   404   8   0   194   404   0   0   0   0
11   0   190   454   11   0   190   454   0   0   0   0
8   0   192   415   8   0   192   415   0   0   0   0
2   0   193   435   2   0   193   435   0   0   0   0
5   0   259   139   5   0   259   139   0   0   0   0
4   0   296   196   4   0   296   196   0   0   0   0
2   0   271   213   2   0   271   213   0   0   0   0
5   0   214   172   5   0   214   172   0   0   0   0
2   0   162   89   2   0   162   89   0   0   0   0
2   0   202   123   2   0   202   123   0   0   0   0
1   0   233   108   1   0   233   108   0   0   0   0
4   0   204   127   4   0   204   127   0   0   0   0
8   0   152   237   8   0   152   237   0   0   0   0
8   0   163   316   8   0   163   316   0   0   0   0
7   0   140   245   7   0   140   245   0   0   0   0
7   0   125   297   7   0   125   297   0   0   0   0
5   0   72   267   5   0   72   267   0   0   0   0
1   0   87   278   1   0   87   278   0   0   0   0
11   0   87   263   11   0   87   263   0   0   0   0
7   0   66   264   7   0   66   264   0   0   0   0
4   0   75   252   4   0   75   252   0   0   0   0
5   0   88   366   5   0   88   366   0   0   0   0
5   0   96   342   5   0   96   342   0   0   0   0
6   0   84   276   6   0   84   276   0   0   0   0
6   0   146   394   6   0   146   394   0   0   0   0
7   0   171   471   7   0   171   471   0   0   0   0
8   0   162   445   8   0   162   445   0   0   0   0
9   0   132   459   9   0   132   459   0   0   0   0
4   0   192   152   4   0   192   152   0   0   0   0
3   0   219   262   3   0   219   262   0   0   0   0
4   0   192   250   4   0   192   250   0   0   0   0
4   0   171   178   4   0   171   178   0   0   0   0
2   0   192   123   2   0   192   123   0   0   0   0
4   0   284   176   4   0   284   176   0   0   0   0
3   0   264   181   3   0   264   181   0   0   0   0
1   0   205   106   1   0   205   106   0   0   0   0
3   0   164   289   3   0   164   289   0   0   0   0
9   0   187   346   9   0   187   346   0   0   0   0
11   0   174   311   11   0   174   311   0   0   0   0
6   0   160   305   6   0   160   305   0   0   0   0
14   0   95   259   14   0   95   259   0   0   0   0
12   0   85   303   12   0   85   303   0   0   0   0
5   0   84   301   5   0   84   301   0   0   0   0
6   0   86   248   6   0   86   248   0   0   0   0
5   0   85   261   5   0   85   261   0   0   0   0
7   0   91   352   7   0   91   352   0   0   0   0
5   0   85   285   5   0   85   285   0   0   0   0
6   0   79   273   6   0   79   273   0   0   0   0
7   0   157   512   7   0   157   512   0   0   0   0
3   0   188   547   3   0   188   547   0   0   0   0
11   0   185   558   11   0   185   558   0   0   0   0
9   0   165   517   9   0   165   517   0   0   0   0
4   0   186   214   4   0   186   214   0   0   0   0
3   0   243   221   3   0   243   221   0   0   0   0
5   0   221   207   5   0   221   207   0   0   0   0
1   0   222   199   1   0   222   199   0   0   0   0
2   0   163   78   2   0   163   78   0   0   0   0
3   0   175   119   3   0   175   119   0   0   0   0
2   0   180   128   2   0   180   128   0   0   0   0
0   0   129   89   0   0   129   89   0   0   0   0
1   0   121   270   1   0   121   270   0   0   0   0
5   0   143   288   5   0   143   288   0   0   0   0
7   0   134   280   7   0   134   280   0   0   0   0
8   0   132   246   8   0   132   246   0   0   0   0
5   0   62   218   5   0   62   218   0   0   0   0
7   0   69   244   7   0   69   244   0   0   0   0
11   0   88   231   11   0   88   231   0   0   0   0
3   0   63   225   3   0   63   225   0   0   0   0
3   0   59   223   3   0   59   223   0   0   0   0
9   0   73   244   9   0   73   244   0   0   0   0
6   0   79   233   6   0   79   233   0   0   0   0
5   0   61   250   5   0   61   250   0   0   0   0
5   0   121   440   5   0   121   440   0   0   0   0
8   0   153   551   8   0   153   551   0   0   0   0
9   0   144   561   9   0   144   561   0   0   0   0
4   0   125   391   4   0   125   391   0   0   0   0
4   0   152   158   4   0   152   158   0   0   0   0
1   0   170   146   1   0   170   146   0   0   0   0
1   0   169   136   1   0   169   136   0   0   0   0
2   0   162   135   2   0   162   135   0   0   0   0
10   0   214   674   10   0   214   674   0   0   0   0
5   0   169   541   5   0   169   541   0   0   0   0
3   0   169   560   3   0   169   560   0   0   0   0
6   0   184   681   6   0   184   681   0   0   0   0
26   0   287   1183   26   0   287   1183   0   0   0   0
26   0   301   1020   26   0   301   1020   0   0   0   0
23   0   278   1002   23   0   278   1002   0   0   0   0
24   0   288   1199   24   0   288   1199   0   0   0   0
19   0   204   834   19   0   204   834   0   0   0   0
24   0   201   902   24   0   201   902   0   0   0   0
23   0   207   873   23   0   207   873   0   0   0   0
10   0   184   917   10   0   184   917   0   0   0   0
25   0   229   728   25   0   229   728   0   0   0   0
22   0   225   933   22   0   225   933   0   0   0   0
18   0   214   887   18   0   214   887   0   0   0   0
14   0   182   731   14   0   182   731   0   0   0   0
19   0   258   720   19   0   258   720   0   0   0   0
33   0   310   906   33   0   310   906   0   0   0   0
22   0   310   942   22   0   310   942   0   0   0   0
15   0   266   753   15   0   266   753   0   0   0   0
3   0   153   243   3   0   153   243   0   0   0   0
10   0   228   337   10   0   228   337   0   0   0   0
4   0   222   319   4   0   222   319   0   0   0   0
5   0   143   206   5   0   143   206   0   0   0   0
7   0   228   436   7   0   228   436   0   0   0   0
5   0   202   421   5   0   202   421   0   0   0   0
5   0   233   435   5   0   233   435   0   0   0   0
5   0   252   450   5   0   252   450   0   0   0   0
19   0   314   1057   19   0   314   1057   0   0   0   0
26   0   268   1075   26   0   268   1075   0   0   0   0
25   0   278   1080   25   0   278   1080   0   0   0   0
22   0   271   1086   22   0   271   1086   0   0   0   0
19   0   197   861   19   0   197   861   0   0   0   0
24   0   205   853   24   0   205   853   0   0   0   0
18   0   224   743   18   0   224   743   0   0   0   0
17   0   183   970   17   0   183   970   0   0   0   0
23   0   167   728   23   0   167   728   0   0   0   0
26   0   203   895   26   0   203   895   0   0   0   0
21   0   193   785   21   0   193   785   0   0   0   0
19   0   206   870   19   0   206   870   0   0   0   0
22   0   221   707   22   0   221   707   0   0   0   0
31   0   318   1247   31   0   318   1247   0   0   0   0
23   0   344   1203   23   0   344   1203   0   0   0   0
23   0   248   724   23   0   248   724   0   0   0   0
3   0   180   243   3   0   180   243   0   0   0   0
14   0   315   497   14   0   315   497   0   0   0   0
18   0   276   484   18   0   276   484   0   0   0   0
6   0   182   243   6   0   182   243   0   0   0   0
6   0   173   224   6   0   173   224   0   0   0   0
11   0   223   290   11   0   223   290   0   0   0   0
5   0   212   281   5   0   212   281   0   0   0   0
5   0   167   218   5   0   167   218   0   0   0   0
12   0   171   454   12   0   171   454   0   0   0   0
14   0   221   676   14   0   221   676   0   0   0   0
16   0   197   548   16   0   197   548   0   0   0   0
22   0   169   550   22   0   169   550   0   0   0   0
12   0   109   414   12   0   109   414   0   0   0   0
14   0   140   700   14   0   140   700   0   0   0   0
11   0   133   529   11   0   133   529   0   0   0   0
11   0   115   466   11   0   115   466   0   0   0   0
11   0   128   551   11   0   128   551   0   0   0   0
12   0   135   559   12   0   135   559   0   0   0   0
11   0   151   545   11   0   151   545   0   0   0   0
18   0   125   578   18   0   125   578   0   0   0   0
6   0   197   751   6   0   197   751   0   0   0   0
14   0   223   733   14   0   223   733   0   0   0   0
14   0   199   682   14   0   199   682   0   0   0   0
18   0   198   881   18   0   198   881   0   0   0   0
3   0   232   569   3   0   232   569   0   0   0   0
8   0   201   872   8   0   201   872   0   0   0   0
7   0   198   862   7   0   198   862   0   0   0   0
6   0   235   552   6   0   235   552   0   0   0   0
7   0   150   190   7   0   150   190   0   0   0   0
13   0   240   304   13   0   240   304   0   0   0   0
10   0   217   280   10   0   217   280   0   0   0   0
8   0   172   192   8   0   172   192   0   0   0   0
18   0   242   572   18   0   242   572   0   0   0   0
29   0   319   866   29   0   319   866   0   0   0   0
22   0   302   812   22   0   302   812   0   0   0   0
11   0   227   686   11   0   227   686   0   0   0   0
17   0   166   548   17   0   166   548   0   0   0   0
12   0   205   723   12   0   205   723   0   0   0   0
22   0   171   666   22   0   171   666   0   0   0   0
20   0   167   612   20   0   167   612   0   0   0   0
9   0   175   726   9   0   175   726   0   0   0   0
20   0   184   998   20   0   184   998   0   0   0   0
13   0   181   950   13   0   181   950   0   0   0   0
22   0   189   753   22   0   189   753   0   0   0   0
15   0   238   887   15   0   238   887   0   0   0   0
22   0   263   762   22   0   263   762   0   0   0   0
10   0   250   772   10   0   250   772   0   0   0   0
29   0   284   929   29   0   284   929   0   0   0   0
10   0   217   351   10   0   217   351   0   0   0   0
4   0   161   234   4   0   161   234   0   0   0   0
5   0   179   229   5   0   179   229   0   0   0   0
15   0   234   303   15   0   234   303   0   0   0   0
5   0   97   135   5   0   97   135   0   0   0   0
4   0   133   226   4   0   133   226   0   0   0   0
5   0   131   201   5   0   131   201   0   0   0   0
6   0   119   129   6   0   119   129   0   0   0   0
15   0   190   540   15   0   190   540   0   0   0   0
15   0   195   709   15   0   195   709   0   0   0   0
19   0   241   636   19   0   241   636   0   0   0   0
13   0   173   530   13   0   173   530   0   0   0   0
14   0   134   494   14   0   134   494   0   0   0   0
13   0   132   520   13   0   132   520   0   0   0   0
14   0   137   550   14   0   137   550   0   0   0   0
15   0   134   498   15   0   134   498   0   0   0   0
14   0   124   607   14   0   124   607   0   0   0   0
17   0   154   769   17   0   154   769   0   0   0   0
17   0   131   742   17   0   131   742   0   0   0   0
13   0   149   581   13   0   149   581   0   0   0   0
22   0   187   871   22   0   187   871   0   0   0   0
18   0   200   827   18   0   200   827   0   0   0   0
15   0   250   789   15   0   250   789   0   0   0   0
14   0   222   809   14   0   222   809   0   0   0   0
3   0   129   187   3   0   129   187   0   0   0   0
7   0   125   187   7   0   125   187   0   0   0   0
2   0   123   188   2   0   123   188   0   0   0   0
3   0   138   223   3   0   138   223   0   0   0   0
54   0   654   1875   54   0   654   1875   0   0   0   0
35   0   423   1289   35   0   423   1289   0   0   0   0
35   0   426   1251   35   0   426   1251   0   0   0   0
45   0   662   1929   45   0   662   1929   0   0   0   0
188   0   1454   6494   188   0   1454   6494   0   0   0   0
131   0   1299   5605   131   0   1299   5605   0   0   0   0
144   0   1280   5884   144   0   1280   5884   0   0   0   0
176   0   1408   6673   176   0   1408   6673   0   0   0   0
189   0   1198   6436   189   0   1198   6436   0   0   0   0
195   0   1228   6854   195   0   1228   6854   0   0   0   0
199   0   1261   6570   199   0   1261   6570   0   0   0   0
204   0   1168   6574   204   0   1168   6574   0   0   0   0
156   0   1099   6444   156   0   1099   6444   0   0   0   0
183   0   1304   7440   183   0   1304   7440   0   0   0   0
186   0   1321   7381   186   0   1321   7381   0   0   0   0
170   0   1148   6419   170   0   1148   6419   0   0   0   0
150   0   1172   6154   150   0   1172   6154   0   0   0   0
219   1   1588   8701   219   1   1588   8701   0   0   0   0
194   1   1555   8789   194   1   1555   8789   0   0   0   0
133   1   1141   6170   133   1   1141   6170   0   0   0   0
28   0   363   1006   28   0   363   1006   0   0   0   0
53   0   664   1977   53   0   664   1977   0   0   0   0
47   0   696   1998   47   0   696   1998   0   0   0   0
27   0   398   1095   27   0   398   1095   0   0   0   0
59   0   1060   5720   59   0   1060   5720   0   0   0   0
42   0   725   3705   42   0   725   3705   0   0   0   0
40   0   787   3700   40   0   787   3700   0   0   0   0
76   0   1069   5512   76   0   1069   5512   0   0   0   0
149   0   1457   7883   149   0   1457   7883   0   0   0   0
136   0   1138   5708   136   0   1138   5708   0   0   0   0
117   1   1100   5308   117   1   1100   5308   0   0   0   0
198   0   1546   8570   198   0   1546   8570   0   0   0   0
143   0   1007   5298   143   0   1007   5298   0   0   0   0
171   0   1014   5866   171   0   1014   5866   0   0   0   0
133   0   993   5045   133   0   993   5045   0   0   0   0
187   0   1061   6075   187   0   1061   6075   0   0   0   0
124   0   884   4678   124   0   884   4678   0   0   0   0
230   0   1198   6570   230   0   1198   6570   0   0   0   0
174   0   1145   5814   174   0   1145   5814   0   0   0   0
160   0   934   5368   160   0   934   5368   0   0   0   0
124   0   977   5319   124   0   977   5319   0   0   0   0
226   0   1699   8703   226   0   1699   8703   0   0   0   0
166   0   1659   7750   166   0   1659   7750   0   0   0   0
119   0   1030   5572   119   0   1030   5572   0   0   0   0
44   0   668   3051   44   0   668   3051   0   0   0   0
83   0   1207   5378   83   0   1207   5378   0   0   0   0
85   0   1132   5723   85   0   1132   5723   0   0   0   0
44   0   697   3093   44   0   697   3093   0   0   0   0
41   0   747   1836   41   0   747   1836   0   0   0   0
66   0   1049   2745   66   0   1049   2745   0   0   0   0
72   0   1011   2635   72   0   1011   2635   0   0   0   0
50   0   750   1944   50   0   750   1944   0   0   0   0
96   0   825   3863   96   0   825   3863   0   0   0   0
170   0   1079   6166   170   0   1079   6166   0   0   0   0
123   0   1071   5467   123   0   1071   5467   0   0   0   0
121   0   865   4426   121   0   865   4426   0   0   0   0
70   0   573   3201   70   0   573   3201   0   0   0   0
113   0   707   4476   113   0   707   4476   0   0   0   0
96   0   696   3520   96   0   696   3520   0   0   0   0
96   0   590   4056   96   0   590   4056   0   0   0   0
71   1   651   2871   71   1   651   2871   0   0   0   0
114   0   634   4076   114   0   634   4076   0   0   0   0
80   0   631   3086   80   0   631   3086   0   0   0   0
112   0   625   3859   112   0   625   3859   0   0   0   0
111   0   1002   4047   111   0   1002   4047   0   0   0   0
126   0   877   4377   126   0   877   4377   0   0   0   0
84   0   924   3682   84   0   924   3682   0   0   0   0
131   0   1014   4960   131   0   1014   4960   0   0   0   0
62   0   951   2578   62   0   951   2578   0   0   0   0
47   0   917   2438   47   0   917   2438   0   0   0   0
48   0   867   2555   48   0   867   2555   0   0   0   0
74   0   931   2793   74   0   931   2793   0   0   0   0
26   0   462   1086   26   0   462   1086   0   0   0   0
58   0   907   2289   58   0   907   2289   0   0   0   0
66   0   892   2230   66   0   892   2230   0   0   0   0
34   0   472   1131   34   0   472   1131   0   0   0   0
113   0   898   4106   113   0   898   4106   0   0   0   0
184   0   1529   7228   184   0   1529   7228   0   0   0   0
176   0   1543   6625   176   0   1543   6625   0   0   0   0
116   0   953   4300   116   0   953   4300   0   0   0   0
142   0   916   5360   142   0   916   5360   0   0   0   0
177   0   1032   7603   177   0   1032   7603   0   0   0   0
154   0   1142   7023   154   0   1142   7023   0   0   0   0
156   0   890   5850   156   0   890   5850   0   0   0   0
154   0   1017   5912   154   0   1017   5912   0   0   0   0
161   0   1010   5882   161   0   1010   5882   0   0   0   0
153   0   1054   5588   153   0   1054   5588   0   0   0   0
215   0   1051   6241   215   0   1051   6241   0   0   0   0
137   0   1395   6204   137   0   1395   6204   0   0   0   0
144   0   1065   4902   144   0   1065   4902   0   0   0   0
114   0   1036   4725   114   0   1036   4725   0   0   0   0
191   0   1424   6478   191   0   1424   6478   0   0   0   0
63   0   804   2177   63   0   804   2177   0   0   0   0
35   0   534   1335   35   0   534   1335   0   0   0   0
31   0   523   1346   31   0   523   1346   0   0   0   0
62   0   908   2218   62   0   908   2218   0   0   0   0
28   0   256   683   28   0   256   683   0   0   0   0
31   0   442   1167   31   0   442   1167   0   0   0   0
35   0   475   1144   35   0   475   1144   0   0   0   0
18   0   274   712   18   0   274   712   0   0   0   0
122   0   898   3624   122   0   898   3624   0   0   0   0
153   0   1171   5019   153   0   1171   5019   0   0   0   0
130   0   1134   4856   130   0   1134   4856   0   0   0   0
121   0   831   3858   121   0   831   3858   0   0   0   0
122   0   774   4576   122   0   774   4576   0   0   0   0
149   0   901   5849   149   0   901   5849   0   0   0   0
144   0   975   5613   144   0   975   5613   0   0   0   0
126   0   821   4622   126   0   821   4622   0   0   0   0
125   0   863   5294   125   0   863   5294   0   0   0   0
129   0   873   5375   129   0   873   5375   0   0   0   0
136   0   949   5332   136   0   949   5332   0   0   0   0
120   0   836   5459   120   0   836   5459   0   0   0   0
112   0   998   4445   112   0   998   4445   0   0   0   0
106   0   923   4158   106   0   923   4158   0   0   0   0
140   0   969   4148   140   0   969   4148   0   0   0   0
97   0   985   4635   97   0   985   4635   0   0   0   0
32   0   416   1088   32   0   416   1088   0   0   0   0
22   0   286   810   22   0   286   810   0   0   0   0
20   0   339   821   20   0   339   821   0   0   0   0
17   0   402   1127   17   0   402   1127   0   0   0   0
1952   2839   19499   68584   1952   2839   19499   68584   0   0   0   0
1331   1935   12539   43825   1331   1935   12539   43825   0   0   0   0
1302   1898   12483   44733   1302   1898   12483   44733   0   0   0   0
1961   2910   19574   68965   1961   2910   19574   68965   0   0   0   0
8181   8495   49606   271262   8181   8495   49606   271262   0   0   0   0
7028   7306   41907   235453   7028   7306   41907   235453   0   0   0   0
7171   7502   42025   237044   7171   7502   42025   237044   0   0   0   0
8295   8690   49559   282325   8295   8690   49559   282325   0   0   0   0
8499   6971   43072   280747   8499   6971   43072   280747   0   0   0   0
8818   7177   43813   293942   8818   7177   43813   293942   0   0   0   0
8724   6972   43712   289823   8724   6972   43712   289823   0   0   0   0
8916   7281   42920   289586   8916   7281   42920   289586   0   0   0   0
8167   6535   40165   263074   8167   6535   40165   263074   0   0   0   0
9792   7644   47027   317807   9792   7644   47027   317807   0   0   0   0
9330   7455   46654   307185   9330   7455   46654   307185   0   0   0   0
8175   6544   40232   267637   8175   6544   40232   267637   0   0   0   0
6164   6585   37884   213666   6164   6585   37884   213666   0   0   0   0
9081   9371   53641   306508   9081   9371   53641   306508   0   0   0   0
8851   8954   53867   295149   8851   8954   53867   295149   0   0   0   0
6325   6519   37601   212962   6325   6519   37601   212962   0   0   0   0
1109   1691   10899   39361   1109   1691   10899   39361   0   0   0   0
2144   3008   21054   75103   2144   3008   21054   75103   0   0   0   0
2079   2986   21043   74408   2079   2986   21043   74408   0   0   0   0
1151   1684   11025   39279   1151   1684   11025   39279   0   0   0   0
3486   4696   35917   117462   3486   4696   35917   117462   0   0   0   0
2278   3399   24254   79898   2278   3399   24254   79898   0   0   0   0
2266   3398   24296   79151   2266   3398   24296   79151   0   0   0   0
3407   4707   35747   119137   3407   4707   35747   119137   0   0   0   0
7930   7911   52207   271892   7930   7911   52207   271892   0   0   0   0
6305   6460   37092   215462   6305   6460   37092   215462   0   0   0   0
6082   6211   37203   200865   6082   6211   37203   200865   0   0   0   0
9082   8872   52470   307461   9082   8872   52470   307461   0   0   0   0
6747   5089   36263   221196   6747   5089   36263   221196   0   0   0   0
7504   5658   34598   245989   7504   5658   34598   245989   0   0   0   0
6489   4915   34504   214850   6489   4915   34504   214850   0   0   0   0
8053   5904   36288   260462   8053   5904   36288   260462   0   0   0   0
5808   4411   31190   191816   5808   4411   31190   191816   0   0   0   0
8740   6385   39606   284439   8740   6385   39606   284439   0   0   0   0
7336   5675   39490   244423   7336   5675   39490   244423   0   0   0   0
6908   5197   31375   223294   6908   5197   31375   223294   0   0   0   0
5242   5341   32983   176249   5242   5341   32983   176249   0   0   0   0
9949   9710   56995   335217   9949   9710   56995   335217   0   0   0   0
8764   8884   57028   297357   8764   8884   57028   297357   0   0   0   0
5670   5758   32877   192423   5670   5758   32877   192423   0   0   0   0
2020   2846   21322   71641   2020   2846   21322   71641   0   0   0   0
3746   5465   38586   131701   3746   5465   38586   131701   0   0   0   0
3645   5298   38796   129733   3645   5298   38796   129733   0   0   0   0
2046   2830   21738   71785   2046   2830   21738   71785   0   0   0   0
2398   3062   26595   82479   2398   3062   26595   82479   0   0   0   0
3160   4556   33716   111085   3160   4556   33716   111085   0   0   0   0
3210   4392   34161   108347   3210   4392   34161   108347   0   0   0   0
2538   3176   26866   83815   2538   3176   26866   83815   0   0   0   0
4125   3294   27911   139306   4125   3294   27911   139306   0   0   0   0
6761   6298   37615   222940   6761   6298   37615   222940   0   0   0   0
5542   5583   37445   187734   5542   5583   37445   187734   0   0   0   0
4911   3677   27897   167742   4911   3677   27897   167742   0   0   0   0
3203   2161   19717   109072   3203   2161   19717   109072   0   0   0   0
5484   3536   23531   178340   5484   3536   23531   178340   0   0   0   0
3997   2808   23602   134334   3997   2808   23602   134334   0   0   0   0
4682   2687   19631   151036   4682   2687   19631   151036   0   0   0   0
3589   2595   21533   119361   3589   2595   21533   119361   0   0   0   0
5115   3018   21960   166824   5115   3018   21960   166824   0   0   0   0
3787   2429   21892   124473   3787   2429   21892   124473   0   0   0   0
4975   3238   21111   163707   4975   3238   21111   163707   0   0   0   0
5128   5095   34182   172004   5128   5095   34182   172004   0   0   0   0
5513   4128   30972   186477   5513   4128   30972   186477   0   0   0   0
4773   3761   31362   158794   4773   3761   31362   158794   0   0   0   0
6149   5884   34169   207301   6149   5884   34169   207301   0   0   0   0
2802   4097   31418   104516   2802   4097   31418   104516   0   0   0   0
2737   3753   29757   98486   2737   3753   29757   98486   0   0   0   0
2680   3649   29403   97467   2680   3649   29403   97467   0   0   0   0
2996   4300   30921   106811   2996   4300   30921   106811   0   0   0   0
1356   1040   14244   45649   1356   1040   14244   45649   0   0   0   0
2780   3456   29382   97138   2780   3456   29382   97138   0   0   0   0
2713   3425   28992   95916   2713   3425   28992   95916   0   0   0   0
1418   1016   14236   45707   1418   1016   14236   45707   0   0   0   0
5088   2312   30741   169362   5088   2312   30741   169362   0   0   0   0
9291   6908   52440   303802   9291   6908   52440   303802   0   0   0   0
8424   6389   52593   278329   8424   6389   52593   278329   0   0   0   0
5388   2329   30888   174335   5388   2329   30888   174335   0   0   0   0
6185   2655   31700   203666   6185   2655   31700   203666   0   0   0   0
8649   4302   40340   277719   8649   4302   40340   277719   0   0   0   0
7662   4024   40284   253678   7662   4024   40284   253678   0   0   0   0
6814   2852   32231   221118   6814   2852   32231   221118   0   0   0   0
7064   3765   36645   231345   7064   3765   36645   231345   0   0   0   0
7526   3253   35496   243729   7526   3253   35496   243729   0   0   0   0
7022   3031   35446   226733   7022   3031   35446   226733   0   0   0   0
7917   4002   36954   255573   7917   4002   36954   255573   0   0   0   0
7525   6182   48492   260353   7525   6182   48492   260353   0   0   0   0
5797   2674   34678   198224   5797   2674   34678   198224   0   0   0   0
5772   2727   34930   194257   5772   2727   34930   194257   0   0   0   0
8459   6642   48858   285307   8459   6642   48858   285307   0   0   0   0
2531   3191   27126   94523   2531   3191   27126   94523   0   0   0   0
1551   1363   16309   56561   1551   1363   16309   56561   0   0   0   0
1516   1300   16071   56217   1516   1300   16071   56217   0   0   0   0
2578   3297   27066   96387   2578   3297   27066   96387   0   0   0   0
765   193   7626   26691   765   193   7626   26691   0   0   0   0
1386   616   13617   47261   1386   616   13617   47261   0   0   0   0
1293   622   13437   47196   1293   622   13437   47196   0   0   0   0
746   170   7575   26547   746   170   7575   26547   0   0   0   0
4701   805   27700   156126   4701   805   27700   156126   0   0   0   0
6364   1710   37612   213285   6364   1710   37612   213285   0   0   0   0
6184   1726   38067   207502   6184   1726   38067   207502   0   0   0   0
4607   776   27691   155084   4607   776   27691   155084   0   0   0   0
5767   984   28948   193231   5767   984   28948   193231   0   0   0   0
6932   1324   33816   226998   6932   1324   33816   226998   0   0   0   0
6861   1316   33794   222055   6861   1316   33794   222055   0   0   0   0
5895   1015   28889   194612   5895   1015   28889   194612   0   0   0   0
6326   1239   31068   203593   6326   1239   31068   203593   0   0   0   0
6535   1095   32003   213393   6535   1095   32003   213393   0   0   0   0
6385   1129   31640   211400   6385   1129   31640   211400   0   0   0   0
6248   1252   30681   207674   6248   1252   30681   207674   0   0   0   0
5586   1652   34568   193357   5586   1652   34568   193357   0   0   0   0
5124   872   30705   172971   5124   872   30705   172971   0   0   0   0
5104   845   30632   175475   5104   845   30632   175475   0   0   0   0
5806   1677   34552   198540   5806   1677   34552   198540   0   0   0   0
1282   588   12675   46340   1282   588   12675   46340   0   0   0   0
942   225   8620   31401   942   225   8620   31401   0   0   0   0
855   222   8625   31533   855   222   8625   31533   0   0   0   0
1310   591   12656   46182   1310   591   12656   46182   0   0   0   0
0   20   0   372   0   20   0   372   0   0   0   0
0   9   0   226   0   9   0   226   0   0   0   0
0   19   0   235   0   19   0   235   0   0   0   0
0   19   0   343   0   19   0   343   0   0   0   0
0   41   0   1149   0   41   0   1149   0   0   0   0
0   38   0   996   0   38   0   996   0   0   0   0
0   31   0   1044   0   31   0   1044   0   0   0   0
0   40   0   1157   0   40   0   1157   0   0   0   0
0   19   0   1148   0   19   0   1148   0   0   0   0
0   32   0   1239   0   32   0   1239   0   0   0   0
0   46   0   1193   0   46   0   1193   0   0   0   0
0   35   0   1164   0   35   0   1164   0   0   0   0
0   39   0   1058   0   39   0   1058   0   0   0   0
0   35   0   1338   0   35   0   1338   0   0   0   0
0   65   0   1313   0   65   0   1313   0   0   0   0
0   38   0   1063   0   38   0   1063   0   0   0   0
0   32   0   963   0   32   0   963   0   0   0   0
0   52   0   1524   0   52   0   1524   0   0   0   0
0   43   0   1311   0   43   0   1311   0   0   0   0
0   20   0   925   0   20   0   925   0   0   0   0
0   10   0   1040   0   10   0   1040   0   0   0   0
0   17   0   1258   0   17   0   1258   0   0   0   0
0   12   0   1386   0   12   0   1386   0   0   0   0
0   14   0   1079   0   14   0   1079   0   0   0   0
0   27   0   713   0   27   0   713   0   0   0   0
0   12   0   463   0   12   0   463   0   0   0   0
0   15   0   454   0   15   0   454   0   0   0   0
0   34   0   699   0   34   0   699   0   0   0   0
0   55   0   1196   0   55   0   1196   0   0   0   0
0   37   0   977   0   37   0   977   0   0   0   0
0   29   0   839   0   29   0   839   0   0   0   0
0   49   0   1248   0   49   0   1248   0   0   0   0
0   23   0   864   0   23   0   864   0   0   0   0
0   28   0   975   0   28   0   975   0   0   0   0
0   23   0   848   0   23   0   848   0   0   0   0
0   30   0   1014   0   30   0   1014   0   0   0   0
0   13   0   715   0   13   0   715   0   0   0   0
0   36   0   1041   0   36   0   1041   0   0   0   0
0   24   0   979   0   24   0   979   0   0   0   0
0   23   0   889   0   23   0   889   0   0   0   0
0   33   0   809   0   33   0   809   0   0   0   0
0   56   0   1531   0   56   0   1531   0   0   0   0
0   49   0   1310   0   49   0   1310   0   0   0   0
0   16   0   761   0   16   0   761   0   0   0   0
0   20   0   400   0   20   0   400   0   0   0   0
0   32   0   703   0   32   0   703   0   0   0   0
0   26   0   706   0   26   0   706   0   0   0   0
0   14   0   462   0   14   0   462   0   0   0   0
0   11   0   5145   0   11   0   5145   0   0   0   0
0   29   0   3693   0   29   0   3693   0   0   0   0
0   23   0   3855   0   23   0   3855   0   0   0   0
0   23   0   5081   0   23   0   5081   0   0   0   0
0   16   0   804   0   16   0   804   0   0   0   0
0   32   0   1100   0   32   0   1100   0   0   0   0
0   25   0   973   0   25   0   973   0   0   0   0
0   16   0   959   0   16   0   959   0   0   0   0
0   4   0   382   0   4   0   382   0   0   0   0
0   14   0   622   0   14   0   622   0   0   0   0
0   10   0   445   0   10   0   445   0   0   0   0
0   14   0   534   0   14   0   534   0   0   0   0
0   9   0   487   0   9   0   487   0   0   0   0
0   11   0   597   0   11   0   597   0   0   0   0
0   12   0   456   0   12   0   456   0   0   0   0
0   24   0   639   0   24   0   639   0   0   0   0
0   31   0   752   0   31   0   752   0   0   0   0
0   24   0   745   0   24   0   745   0   0   0   0
0   18   0   652   0   18   0   652   0   0   0   0
0   29   0   889   0   29   0   889   0   0   0   0
0   28   0   544   0   28   0   544   0   0   0   0
0   22   0   500   0   22   0   500   0   0   0   0
0   18   0   494   0   18   0   494   0   0   0   0
0   27   0   564   0   27   0   564   0   0   0   0
0   3   0   1219   0   3   0   1219   0   0   0   0
0   16   0   2634   0   16   0   2634   0   0   0   0
0   15   0   2885   0   15   0   2885   0   0   0   0
0   2   0   1220   0   2   0   1220   0   0   0   0
0   7   0   2138   0   7   0   2138   0   0   0   0
0   32   0   2910   0   32   0   2910   0   0   0   0
0   28   0   2863   0   28   0   2863   0   0   0   0
0   9   0   2078   0   9   0   2078   0   0   0   0
0   18   0   764   0   18   0   764   0   0   0   0
0   20   0   1089   0   20   0   1089   0   0   0   0
0   15   0   910   0   15   0   910   0   0   0   0
0   12   0   746   0   12   0   746   0   0   0   0
0   14   0   811   0   14   0   811   0   0   0   0
0   14   0   820   0   14   0   820   0   0   0   0
0   16   0   771   0   16   0   771   0   0   0   0
0   13   0   897   0   13   0   897   0   0   0   0
0   32   0   1003   0   32   0   1003   0   0   0   0
0   14   0   637   0   14   0   637   0   0   0   0
0   17   0   640   0   17   0   640   0   0   0   0
0   37   0   1145   0   37   0   1145   0   0   0   0
0   18   0   398   0   18   0   398   0   0   0   0
0   7   0   235   0   7   0   235   0   0   0   0
0   7   0   258   0   7   0   258   0   0   0   0
0   21   0   470   0   21   0   470   0   0   0   0
0   1   0   120   0   1   0   120   0   0   0   0
0   2   0   297   0   2   0   297   0   0   0   0
0   9   0   300   0   9   0   300   0   0   0   0
0   1   0   112   0   1   0   112   0   0   0   0
0   2   0   1648   0   2   0   1648   0   0   0   0
0   9   0   2290   0   9   0   2290   0   0   0   0
0   4   0   2280   0   4   0   2280   0   0   0   0
0   3   0   1641   0   3   0   1641   0   0   0   0
0   2   0   750   0   2   0   750   0   0   0   0
0   5   0   779   0   5   0   779   0   0   0   0
0   8   0   842   0   8   0   842   0   0   0   0
0   3   0   792   0   3   0   792   0   0   0   0
0   4   0   691   0   4   0   691   0   0   0   0
0   2   0   676   0   2   0   676   0   0   0   0
0   6   0   690   0   6   0   690   0   0   0   0
0   7   0   659   0   7   0   659   0   0   0   0
0   14   0   653   0   14   0   653   0   0   0   0
0   6   0   514   0   6   0   514   0   0   0   0
0   2   0   547   0   2   0   547   0   0   0   0
0   8   0   700   0   8   0   700   0   0   0   0
0   3   0   157   0   3   0   157   0   0   0   0
0   2   0   98   0   2   0   98   0   0   0   0
0   0   0   125   0   0   0   125   0   0   0   0
0   3   0   169   0   3   0   169   0   0   0   0
0   0   0   3   0   0   0   3   0   0   0   0
0   0   0   5   0   0   0   5   0   0   0   0
0   0   0   5   0   0   0   5   0   0   0   0
0   0   0   7   0   0   0   7   0   0   0   0
0   0   0   18   0   0   0   18   0   0   0   0
0   0   0   12   0   0   0   12   0   0   0   0
0   0   0   12   0   0   0   12   0   0   0   0
0   0   0   15   0   0   0   15   0   0   0   0
0   0   0   10   0   0   0   10   0   0   0   0
0   0   0   17   0   0   0   17   0   0   0   0
0   0   0   11   0   0   0   11   0   0   0   0
0   0   0   17   0   0   0   17   0   0   0   0
0   0   0   11   0   0   0   11   0   0   0   0
0   0   0   10   0   0   0   10   0   0   0   0
0   0   0   14   0   0   0   14   0   0   0   0
0   0   0   6   0   0   0   6   0   0   0   0
0   0   0   12   0   0   0   12   0   0   0   0
0   0   0   12   0   0   0   12   0   0   0   0
0   0   0   11   0   0   0   11   0   0   0   0
0   0   0   7   0   0   0   7   0   0   0   0
0   0   0   4   0   0   0   4   0   0   0   0
0   0   0   14   0   0   0   14   0   0   0   0
0   0   0   8   0   0   0   8   0   0   0   0
0   0   0   9   0   0   0   9   0   0   0   0
0   0   0   12   0   0   0   12   0   0   0   0
0   0   0   7   0   0   0   7   0   0   0   0
0   0   0   5   0   0   0   5   0   0   0   0
0   0   0   7   0   0   0   7   0   0   0   0
0   0   0   20   0   0   0   20   0   0   0   0
0   0   0   7   0   0   0   7   0   0   0   0
0   0   0   6   0   0   0   6   0   0   0   0
0   0   0   8   0   0   0   8   0   0   0   0
0   0   0   12   0   0   0   12   0   0   0   0
0   0   0   10   0   0   0   10   0   0   0   0
0   0   0   8   0   0   0   8   0   0   0   0
0   0   0   9   0   0   0   9   0   0   0   0
0   0   0   7   0   0   0   7   0   0   0   0
0   0   0   17   0   0   0   17   0   0   0   0
0   0   0   11   0   0   0   11   0   0   0   0
0   0   0   9   0   0   0   9   0   0   0   0
0   0   0   9   0   0   0   9   0   0   0   0
0   0   0   18   0   0   0   18   0   0   0   0
0   0   0   16   0   0   0   16   0   0   0   0
0   0   0   7   0   0   0   7   0   0   0   0
0   0   0   9   0   0   0   9   0   0   0   0
0   0   0   10   0   0   0   10   0   0   0   0
0   0   0   5   0   0   0   5   0   0   0   0
0   0   0   6   0   0   0   6   0   0   0   0
0   0   0   97   0   0   0   97   0   0   0   0
0   0   0   54   0   0   0   54   0   0   0   0
0   0   0   68   0   0   0   68   0   0   0   0
0   0   0   122   0   0   0   122   0   0   0   0
0   0   0   14   0   0   0   14   0   0   0   0
0   0   0   9   0   0   0   9   0   0   0   0
0   0   0   15   0   0   0   15   0   0   0   0
0   0   0   16   0   0   0   16   0   0   0   0
0   0   0   5   0   0   0   5   0   0   0   0
0   0   0   2   0   0   0   2   0   0   0   0
0   0   0   9   0   0   0   9   0   0   0   0
0   0   0   5   0   0   0   5   0   0   0   0
0   0   0   3   0   0   0   3   0   0   0   0
0   0   0   9   0   0   0   9   0   0   0   0
0   0   0   5   0   0   0   5   0   0   0   0
0   0   0   4   0   0   0   4   0   0   0   0
0   0   0   10   0   0   0   10   0   0   0   0
0   0   0   9   0   0   0   9   0   0   0   0
0   0   0   6   0   0   0   6   0   0   0   0
0   0   0   10   0   0   0   10   0   0   0   0
0   0   0   10   0   0   0   10   0   0   0   0
0   0   0   9   0   0   0   9   0   0   0   0
0   0   0   6   0   0   0   6   0   0   0   0
0   0   0   4   0   0   0   4   0   0   0   0
0   0   0   1410   0   0   0   1410   0   0   0   0
0   0   0   1674   0   0   0   1674   0   0   0   0
0   0   0   1757   0   0   0   1757   0   0   0   0
0   0   0   1377   0   0   0   1377   0   0   0   0
0   0   0   53   0   0   0   53   0   0   0   0
0   0   0   18   0   0   0   18   0   0   0   0
0   0   0   26   0   0   0   26   0   0   0   0
0   0   0   44   0   0   0   44   0   0   0   0
0   0   0   9   0   0   0   9   0   0   0   0
0   0   0   17   0   0   0   17   0   0   0   0
0   0   0   13   0   0   0   13   0   0   0   0
0   0   0   7   0   0   0   7   0   0   0   0
0   0   0   11   0   0   0   11   0   0   0   0
0   0   0   11   0   0   0   11   0   0   0   0
0   0   0   11   0   0   0   11   0   0   0   0
0   0   0   7   0   0   0   7   0   0   0   0
0   0   0   9   0   0   0   9   0   0   0   0
0   0   0   9   0   0   0   9   0   0   0   0
0   0   0   5   0   0   0   5   0   0   0   0
0   0   0   10   0   0   0   10   0   0   0   0
0   0   0   1   0   0   0   1   0   0   0   0
0   0   0   4   0   0   0   4   0   0   0   0
0   0   0   2   0   0   0   2   0   0   0   0
0   0   0   5   0   0   0   5   0   0   0   0
0   0   0   428   0   0   0   428   0   0   0   0
0   0   0   744   0   0   0   744   0   0   0   0
0   0   0   746   0   0   0   746   0   0   0   0
0   0   0   403   0   0   0   403   0   0   0   0
0   0   0   266   0   0   0   266   0   0   0   0
0   0   0   221   0   0   0   221   0   0   0   0
0   0   0   212   0   0   0   212   0   0   0   0
0   0   0   283   0   0   0   283   0   0   0   0
0   0   0   6   0   0   0   6   0   0   0   0
0   0   0   7   0   0   0   7   0   0   0   0
0   0   0   9   0   0   0   9   0   0   0   0
0   0   0   13   0   0   0   13   0   0   0   0
0   0   0   15   0   0   0   15   0   0   0   0
0   0   0   8   0   0   0   8   0   0   0   0
0   0   0   4   0   0   0   4   0   0   0   0
0   0   0   13   0   0   0   13   0   0   0   0
0   0   0   8   0   0   0   8   0   0   0   0
0   0   0   10   0   0   0   10   0   0   0   0
0   0   0   5   0   0   0   5   0   0   0   0
0   0   0   11   0   0   0   11   0   0   0   0
0   0   0   2   0   0   0   2   0   0   0   0
0   0   0   0   0   0   0   0   0   0   0   0
0   0   0   0   0   0   0   0   0   0   0   0
0   0   0   3   0   0   0   3   0   0   0   0
0   0   0   3   0   0   0   3   0   0   0   0
0   0   0   1   0   0   0   1   0   0   0   0
0   0   0   0   0   0   0   0   0   0   0   0
0   0   0   7   0   0   0   7   0   0   0   0
0   0   0   14   0   0   0   14   0   0   0   0
0   0   0   12   0   0   0   12   0   0   0   0
0   0   0   8   0   0   0   8   0   0   0   0
0   0   0   11   0   0   0   11   0   0   0   0
0   0   0   4   0   0   0   4   0   0   0   0
0   0   0   6   0   0   0   6   0   0   0   0
0   0   0   7   0   0   0   7   0   0   0   0
0   0   0   8   0   0   0   8   0   0   0   0
0   0   0   4   0   0   0   4   0   0   0   0
0   0   0   7   0   0   0   7   0   0   0   0
0   0   0   13   0   0   0   13   0   0   0   0
0   0   0   8   0   0   0   8   0   0   0   0
0   0   0   8   0   0   0   8   0   0   0   0
0   0   0   13   0   0   0   13   0   0   0   0
0   0   0   13   0   0   0   13   0   0   0   0
0   0   0   7   0   0   0   7   0   0   0   0
0   0   0   2   0   0   0   2   0   0   0   0
0   0   0   3   0   0   0   3   0   0   0   0
0   0   0   9   0   0   0   9   0   0   0   0
0   0   0   4   0   0   0   4   0   0   0   0
0   0   0   10   0   0   0   10   0   0   0   0
0   0   0   6   0   0   0   6   0   0   0   0
0   0   0   2   0   0   0   2   0   0   0   0
0   0   0   10   0   0   0   10   0   0   0   0
0   0   0   14   0   0   0   14   0   0   0   0
0   0   0   8   0   0   0   8   0   0   0   0
0   0   0   5   0   0   0   5   0   0   0   0
0   0   0   9   0   0   0   9   0   0   0   0
0   0   0   4   0   0   0   4   0   0   0   0
0   0   0   6   0   0   0   6   0   0   0   0
0   0   0   9   0   0   0   9   0   0   0   0
0   0   0   6   0   0   0   6   0   0   0   0
0   0   0   4   0   0   0   4   0   0   0   0
0   0   0   9   0   0   0   9   0   0   0   0
0   0   0   7   0   0   0   7   0   0   0   0
0   0   0   8   0   0   0   8   0   0   0   0
0   0   0   5   0   0   0   5   0   0   0   0
0   0   0   7   0   0   0   7   0   0   0   0
0   0   0   9   0   0   0   9   0   0   0   0
0   0   0   4   0   0   0   4   0   0   0   0
0   0   0   7   0   0   0   7   0   0   0   0
0   0   0   10   0   0   0   10   0   0   0   0
0   0   0   5   0   0   0   5   0   0   0   0
0   0   0   1   0   0   0   1   0   0   0   0
0   0   0   23   0   0   0   23   0   0   0   0
0   0   0   21   0   0   0   21   0   0   0   0
0   0   0   21   0   0   0   21   0   0   0   0
0   0   0   13   0   0   0   13   0   0   0   0
0   0   0   6   0   0   0   6   0   0   0   0
0   0   0   9   0   0   0   9   0   0   0   0
0   0   0   11   0   0   0   11   0   0   0   0
0   0   0   8   0   0   0   8   0   0   0   0
0   0   0   9   0   0   0   9   0   0   0   0
0   0   0   8   0   0   0   8   0   0   0   0
0   0   0   2   0   0   0   2   0   0   0   0
0   0   0   3   0   0   0   3   0   0   0   0
0   0   0   4   0   0   0   4   0   0   0   0
0   0   0   1   0   0   0   1   0   0   0   0
0   0   0   0   0   0   0   0   0   0   0   0
0   0   0   1   0   0   0   1   0   0   0   0
0   0   0   7   0   0   0   7   0   0   0   0
0   0   0   7   0   0   0   7   0   0   0   0
0   0   0   4   0   0   0   4   0   0   0   0
0   0   0   8   0   0   0   8   0   0   0   0
0   0   0   9   0   0   0   9   0   0   0   0
0   0   0   2   0   0   0   2   0   0   0   0
0   0   0   2   0   0   0   2   0   0   0   0
0   0   0   5   0   0   0   5   0   0   0   0
0   0   0   197   0   0   0   197   0   0   0   0
0   0   0   310   0   0   0   310   0   0   0   0
0   0   0   316   0   0   0   316   0   0   0   0
0   0   0   249   0   0   0   249   0   0   0   0
0   0   0   11   0   0   0   11   0   0   0   0
0   0   0   10   0   0   0   10   0   0   0   0
0   0   0   20   0   0   0   20   0   0   0   0
0   0   0   12   0   0   0   12   0   0   0   0
0   0   0   9   0   0   0   9   0   0   0   0
0   0   0   7   0   0   0   7   0   0   0   0
0   0   0   7   0   0   0   7   0   0   0   0
0   0   0   9   0   0   0   9   0   0   0   0
0   0   0   14   0   0   0   14   0   0   0   0
0   0   0   6   0   0   0   6   0   0   0   0
0   0   0   6   0   0   0   6   0   0   0   0
0   0   0   12   0   0   0   12   0   0   0   0
0   0   0   11   0   0   0   11   0   0   0   0
0   0   0   4   0   0   0   4   0   0   0   0
0   0   0   3   0   0   0   3   0   0   0   0
0   0   0   12   0   0   0   12   0   0   0   0
0   0   0   3   0   0   0   3   0   0   0   0
0   0   0   3   0   0   0   3   0   0   0   0
0   0   0   3   0   0   0   3   0   0   0   0
0   0   0   8   0   0   0   8   0   0   0   0
0   0   0   488   0   0   0   488   0   0   0   0
0   0   0   800   0   0   0   800   0   0   0   0
0   0   0   860   0   0   0   860   0   0   0   0
0   0   0   583   0   0   0   583   0   0   0   0
0   0   0   13   0   0   0   13   0   0   0   0
0   0   0   24   0   0   0   24   0   0   0   0
0   0   0   14   0   0   0   14   0   0   0   0
0   0   0   18   0   0   0   18   0   0   0   0
0   0   0   5   0   0   0   5   0   0   0   0
0   0   0   5   0   0   0   5   0   0   0   0
0   0   0   7   0   0   0   7   0   0   0   0
0   0   0   6   0   0   0   6   0   0   0   0
0   0   0   3   0   0   0   3   0   0   0   0
0   0   0   7   0   0   0   7   0   0   0   0
0   0   0   11   0   0   0   11   0   0   0   0
0   0   0   6   0   0   0   6   0   0   0   0
0   0   0   4   0   0   0   4   0   0   0   0
0   0   0   2   0   0   0   2   0   0   0   0
0   0   0   4   0   0   0   4   0   0   0   0
0   0   0   11   0   0   0   11   0   0   0   0
0   0   0   1   0   0   0   1   0   0   0   0
0   0   0   1   0   0   0   1   0   0   0   0
0   0   0   0   0   0   0   0   0   0   0   0
0   0   0   2   0   0   0   2   0   0   0   0
0   0   0   2   0   0   0   2   0   0   0   0
0   0   0   1   0   0   0   1   0   0   0   0
0   0   0   1   0   0   0   1   0   0   0   0
0   0   0   3   0   0   0   3   0   0   0   0
0   0   0   8   0   0   0   8   0   0   0   0
0   0   0   10   0   0   0   10   0   0   0   0
0   0   0   10   0   0   0   10   0   0   0   0
0   0   0   14   0   0   0   14   0   0   0   0
0   0   0   8   0   0   0   8   0   0   0   0
0   0   0   9   0   0   0   9   0   0   0   0
0   0   0   7   0   0   0   7   0   0   0   0
0   0   0   5   0   0   0   5   0   0   0   0
0   0   0   9   0   0   0   9   0   0   0   0
0   0   0   4   0   0   0   4   0   0   0   0
0   0   0   4   0   0   0   4   0   0   0   0
0   0   0   4   0   0   0   4   0   0   0   0
0   0   0   12   0   0   0   12   0   0   0   0
0   0   0   8   0   0   0   8   0   0   0   0
0   0   0   14   0   0   0   14   0   0   0   0
0   0   0   4   0   0   0   4   0   0   0   0
0   0   0   2   0   0   0   2   0   0   0   0
0   0   0   5   0   0   0   5   0   0   0   0
0   0   0   5   0   0   0   5   0   0   0   0
0   0   0   1   0   0   0   1   0   0   0   0
0   0   0   5   0   0   0   5   0   0   0   0
0   0   0   1   0   0   0   1   0   0   0   0
0   0   0   6   0   0   0   6   0   0   0   0
0   0   0   3   0   0   0   3   0   0   0   0
0   0   0   15   0   0   0   15   0   0   0   0
0   0   0   9   0   0   0   9   0   0   0   0
0   0   0   6   0   0   0   6   0   0   0   0
0   0   0   15   0   0   0   15   0   0   0   0
0   0   0   9   0   0   0   9   0   0   0   0
0   0   0   2   0   0   0   2   0   0   0   0
0   0   0   3   0   0   0   3   0   0   0   0
0   0   0   10   0   0   0   10   0   0   0   0
0   0   0   6   0   0   0   6   0   0   0   0
0   0   0   8   0   0   0   8   0   0   0   0
0   0   0   6   0   0   0   6   0   0   0   0
0   0   0   2   0   0   0   2   0   0   0   0
0   0   0   2   0   0   0   2   0   0   0   0
0   0   0   4   0   0   0   4   0   0   0   0
0   0   0   5   0   0   0   5   0   0   0   0
0   0   0   6   0   0   0   6   0   0   0   0
0   0   0   5   0   0   0   5   0   0   0   0
0   0   0   3   0   0   0   3   0   0   0   0
0   0   0   4   0   0   0   4   0   0   0   0
0   0   0   6   0   0   0   6   0   0   0   0
0   0   0   10   0   0   0   10   0   0   0   0
0   0   0   11   0   0   0   11   0   0   0   0
0   0   0   8   0   0   0   8   0   0   0   0
0   0   0   9   0   0   0   9   0   0   0   0
0   0   0   4   0   0   0   4   0   0   0   0
0   0   0   13   0   0   0   13   0   0   0   0
0   0   0   4   0   0   0   4   0   0   0   0
0   0   0   11   0   0   0   11   0   0   0   0
0   0   0   3   0   0   0   3   0   0   0   0
0   0   0   4   0   0   0   4   0   0   0   0
0   0   0   2   0   0   0   2   0   0   0   0
0   0   0   4   0   0   0   4   0   0   0   0
0   0   0   2   0   0   0   2   0   0   0   0
0   0   0   7   0   0   0   7   0   0   0   0
0   0   0   0   0   0   0   0   0   0   0   0
0   0   0   4   0   0   0   4   0   0   0   0
0   0   0   1   0   0   0   1   0   0   0   0
0   0   0   6   0   0   0   6   0   0   0   0
0   0   0   6   0   0   0   6   0   0   0   0
0   0   0   5   0   0   0   5   0   0   0   0
0   0   0   2   0   0   0   2   0   0   0   0
0   0   0   4   0   0   0   4   0   0   0   0
0   0   0   7   0   0   0   7   0   0   0   0
0   0   0   9   0   0   0   9   0   0   0   0
0   0   0   15   0   0   0   15   0   0   0   0
0   0   0   22   0   0   0   22   0   0   0   0
0   0   0   24   0   0   0   24   0   0   0   0
0   0   0   15   0   0   0   15   0   0   0   0
0   0   0   4   0   0   0   4   0   0   0   0
0   0   0   10   0   0   0   10   0   0   0   0
0   0   0   13   0   0   0   13   0   0   0   0
0   0   0   7   0   0   0   7   0   0   0   0
0   0   0   6   0   0   0   6   0   0   0   0
0   0   0   11   0   0   0   11   0   0   0   0
0   0   0   6   0   0   0   6   0   0   0   0
0   0   0   3   0   0   0   3   0   0   0   0
0   0   0   8   0   0   0   8   0   0   0   0
0   0   0   9   0   0   0   9   0   0   0   0
0   0   0   5   0   0   0   5   0   0   0   0
0   0   0   8   0   0   0   8   0   0   0   0
0   0   0   12   0   0   0   12   0   0   0   0
0   0   0   6   0   0   0   6   0   0   0   0
0   0   0   6   0   0   0   6   0   0   0   0
0   0   0   10   0   0   0   10   0   0   0   0
0   0   0   5   0   0   0   5   0   0   0   0
0   0   0   4   0   0   0   4   0   0   0   0
0   0   0   3   0   0   0   3   0   0   0   0
0   0   0   8   0   0   0   8   0   0   0   0
0   0   0   24   0   0   0   24   0   0   0   0
0   0   0   23   0   0   0   23   0   0   0   0
0   0   0   29   0   0   0   29   0   0   0   0
0   0   0   13   0   0   0   13   0   0   0   0
0   0   0   4   0   0   0   4   0   0   0   0
0   0   0   10   0   0   0   10   0   0   0   0
0   0   0   11   0   0   0   11   0   0   0   0
0   0   0   9   0   0   0   9   0   0   0   0
0   0   0   2   0   0   0   2   0   0   0   0
0   0   0   12   0   0   0   12   0   0   0   0
0   0   0   8   0   0   0   8   0   0   0   0
0   0   0   3   0   0   0   3   0   0   0   0
0   0   0   12   0   0   0   12   0   0   0   0
0   0   0   8   0   0   0   8   0   0   0   0
0   0   0   9   0   0   0   9   0   0   0   0
0   0   0   2   0   0   0   2   0   0   0   0
0   0   0   6   0   0   0   6   0   0   0   0
0   0   0   8   0   0   0   8   0   0   0   0
0   0   0   5   0   0   0   5   0   0   0   0
0   0   0   5   0   0   0   5   0   0   0   0
0   0   0   1   0   0   0   1   0   0   0   0
0   0   0   0   0   0   0   0   0   0   0   0
0   0   0   0   0   0   0   0   0   0   0   0
0   0   0   0   0   0   0   0   0   0   0   0
