0   0   118   7   0   0   118   7   0   0   0   0
0   0   111   6   0   0   111   6   0   0   0   0
1   0   118   2   1   0   118   2   0   0   0   0
0   0   104   7   0   0   104   7   0   0   0   0
3   0   31   3   3   0   31   3   0   0   0   0
0   0   40   15   0   0   40   15   0   0   0   0
2   0   32   9   2   0   32   9   0   0   0   0
0   0   33   8   0   0   33   8   0   0   0   0
2   0   24   8   2   0   24   8   0   0   0   0
4   0   24   20   4   0   24   20   0   0   0   0
2   0   22   15   2   0   22   15   0   0   0   0
1   0   14   8   1   0   14   8   0   0   0   0
3   0   34   10   3   0   34   10   0   0   0   0
3   0   41   10   3   0   41   10   0   0   0   0
0   0   38   13   0   0   38   13   0   0   0   0
1   0   22   9   1   0   22   9   0   0   0   0
1   0   86   7   1   0   86   7   0   0   0   0
0   0   103   4   0   0   103   4   0   0   0   0
1   0   115   3   1   0   115   3   0   0   0   0
0   0   103   3   0   0   103   3   0   0   0   0
0   0   39   3   0   0   39   3   0   0   0   0
0   0   51   2   0   0   51   2   0   0   0   0
0   0   48   3   0   0   48   3   0   0   0   0
0   0   38   2   0   0   38   2   0   0   0   0
2   0   6   3   2   0   6   3   0   0   0   0
0   0   7   1   0   0   7   1   0   0   0   0
0   0   11   2   0   0   11   2   0   0   0   0
1   0   15   2   1   0   15   2   0   0   0   0
2   0   8   1   2   0   8   1   0   0   0   0
2   0   14   6   2   0   14   6   0   0   0   0
1   0   11   3   1   0   11   3   0   0   0   0
1   0   7   1   1   0   7   1   0   0   0   0
0   0   11   3   0   0   11   3   0   0   0   0
4   0   25   7   4   0   25   7   0   0   0   0
0   0   12   6   0   0   12   6   0   0   0   0
1   0   11   3   1   0   11   3   0   0   0   0
0   0   25   3   0   0   25   3   0   0   0   0
0   0   51   0   0   0   51   0   0   0   0   0
0   0   38   1   0   0   38   1   0   0   0   0
1   0   43   3   1   0   43   3   0   0   0   0
0   0   29   5   0   0   29   5   0   0   0   0
0   0   21   2   0   0   21   2   0   0   0   0
0   0   28   0   0   0   28   0   0   0   0   0
0   0   28   3   0   0   28   3   0   0   0   0
1   0   6   0   1   0   6   0   0   0   0   0
0   0   15   2   0   0   15   2   0   0   0   0
1   0   11   0   1   0   11   0   0   0   0   0
0   0   6   0   0   0   6   0   0   0   0   0
0   0   4   1   0   0   4   1   0   0   0   0
1   0   3   4   1   0   3   4   0   0   0   0
1   0   4   4   1   0   4   4   0   0   0   0
0   0   1   0   0   0   1   0   0   0   0   0
0   0   17   1   0   0   17   1   0   0   0   0
0   0   8   4   0   0   8   4   0   0   0   0
0   0   5   6   0   0   5   6   0   0   0   0
1   0   6   1   1   0   6   1   0   0   0   0
0   0   32   4   0   0   32   4   0   0   0   0
0   0   38   1   0   0   38   1   0   0   0   0
1   0   29   6   1   0   29   6   0   0   0   0
1   0   27   2   1   0   27   2   0   0   0   0
0   0   36   0   0   0   36   0   0   0   0   0
0   0   49   2   0   0   49   2   0   0   0   0
0   0   38   2   0   0   38   2   0   0   0   0
0   0   50   2   0   0   50   2   0   0   0   0
0   0   14   1   0   0   14   1   0   0   0   0
0   0   13   1   0   0   13   1   0   0   0   0
0   0   14   0   0   0   14   0   0   0   0   0
0   0   10   0   0   0   10   0   0   0   0   0
1   0   4   3   1   0   4   3   0   0   0   0
1   0   10   0   1   0   10   0   0   0   0   0
0   0   8   3   0   0   8   3   0   0   0   0
3   0   10   0   3   0   10   0   0   0   0   0
1   0   9   1   1   0   9   1   0   0   0   0
0   0   7   1   0   0   7   1   0   0   0   0
1   0   14   2   1   0   14   2   0   0   0   0
1   0   10   1   1   0   10   1   0   0   0   0
0   0   36   5   0   0   36   5   0   0   0   0
0   0   41   5   0   0   41   5   0   0   0   0
0   0   32   2   0   0   32   2   0   0   0   0
0   0   31   2   0   0   31   2   0   0   0   0
0   0   118   0   0   0   118   0   0   0   0   0
0   0   127   5   0   0   127   5   0   0   0   0
1   0   121   1   1   0   121   1   0   0   0   0
0   0   106   3   0   0   106   3   0   0   0   0
1   0   33   7   1   0   33   7   0   0   0   0
4   0   46   6   4   0   46   6   0   0   0   0
3   0   27   6   3   0   27   6   0   0   0   0
0   0   25   6   0   0   25   6   0   0   0   0
2   0   26   7   2   0   26   7   0   0   0   0
0   0   16   3   0   0   16   3   0   0   0   0
4   0   33   6   4   0   33   6   0   0   0   0
1   0   31   5   1   0   31   5   0   0   0   0
4   0   28   7   4   0   28   7   0   0   0   0
2   0   23   8   2   0   23   8   0   0   0   0
2   0   42   9   2   0   42   9   0   0   0   0
3   0   27   7   3   0   27   7   0   0   0   0
1   0   115   16   1   0   115   16   0   0   0   0
1   0   138   11   1   0   138   11   0   0   0   0
1   0   123   12   1   0   123   12   0   0   0   0
1   0   112   20   1   0   112   20   0   0   0   0
5   0   317   21   5   0   317   21   0   0   0   0
4   0   325   24   4   0   325   24   0   0   0   0
7   0   360   18   7   0   360   18   0   0   0   0
4   0   304   18   4   0   304   18   0   0   0   0
4   0   86   33   4   0   86   33   0   0   0   0
13   0   97   49   13   0   97   49   0   0   0   0
10   0   97   45   10   0   97   45   0   0   0   0
5   0   91   45   5   0   91   45   0   0   0   0
4   0   75   43   4   0   75   43   0   0   0   0
7   0   88   60   7   0   88   60   0   0   0   0
7   0   76   65   7   0   76   65   0   0   0   0
3   0   55   67   3   0   55   67   0   0   0   0
8   0   76   21   8   0   76   21   0   0   0   0
8   0   92   23   8   0   92   23   0   0   0   0
10   0   98   25   10   0   98   25   0   0   0   0
5   0   90   19   5   0   90   19   0   0   0   0
5   0   301   18   5   0   301   18   0   0   0   0
5   0   317   24   5   0   317   24   0   0   0   0
8   0   344   10   8   0   344   10   0   0   0   0
1   0   284   13   1   0   284   13   0   0   0   0
3   0   119   8   3   0   119   8   0   0   0   0
1   0   143   13   1   0   143   13   0   0   0   0
4   0   130   6   4   0   130   6   0   0   0   0
0   0   116   2   0   0   116   2   0   0   0   0
3   0   39   15   3   0   39   15   0   0   0   0
2   0   40   17   2   0   40   17   0   0   0   0
4   0   49   23   4   0   49   23   0   0   0   0
1   0   39   9   1   0   39   9   0   0   0   0
2   0   18   18   2   0   18   18   0   0   0   0
5   0   32   7   5   0   32   7   0   0   0   0
1   0   29   25   1   0   29   25   0   0   0   0
5   0   31   16   5   0   31   16   0   0   0   0
4   0   38   10   4   0   38   10   0   0   0   0
2   0   39   9   2   0   39   9   0   0   0   0
7   0   38   25   7   0   38   25   0   0   0   0
3   0   31   15   3   0   31   15   0   0   0   0
0   0   119   5   0   0   119   5   0   0   0   0
1   0   117   11   1   0   117   11   0   0   0   0
0   0   129   5   0   0   129   5   0   0   0   0
2   0   126   6   2   0   126   6   0   0   0   0
1   0   93   2   1   0   93   2   0   0   0   0
0   0   82   10   0   0   82   10   0   0   0   0
1   0   97   4   1   0   97   4   0   0   0   0
1   0   83   14   1   0   83   14   0   0   0   0
0   0   16   6   0   0   16   6   0   0   0   0
3   0   35   1   3   0   35   1   0   0   0   0
4   0   27   8   4   0   27   8   0   0   0   0
2   0   20   8   2   0   20   8   0   0   0   0
1   0   30   8   1   0   30   8   0   0   0   0
1   0   23   11   1   0   23   11   0   0   0   0
3   0   19   20   3   0   19   20   0   0   0   0
1   0   16   5   1   0   16   5   0   0   0   0
3   0   38   12   3   0   38   12   0   0   0   0
2   0   26   11   2   0   26   11   0   0   0   0
0   0   35   6   0   0   35   6   0   0   0   0
1   0   25   7   1   0   25   7   0   0   0   0
2   0   78   7   2   0   78   7   0   0   0   0
0   0   114   6   0   0   114   6   0   0   0   0
3   0   114   11   3   0   114   11   0   0   0   0
0   0   78   7   0   0   78   7   0   0   0   0
1   0   104   3   1   0   104   3   0   0   0   0
1   0   129   2   1   0   129   2   0   0   0   0
4   0   125   6   4   0   125   6   0   0   0   0
0   0   100   5   0   0   100   5   0   0   0   0
1   0   23   10   1   0   23   10   0   0   0   0
0   0   30   13   0   0   30   13   0   0   0   0
2   0   30   14   2   0   30   14   0   0   0   0
1   0   35   1   1   0   35   1   0   0   0   0
2   0   21   6   2   0   21   6   0   0   0   0
2   0   18   13   2   0   18   13   0   0   0   0
4   0   33   23   4   0   33   23   0   0   0   0
1   0   17   12   1   0   17   12   0   0   0   0
1   0   25   19   1   0   25   19   0   0   0   0
3   0   46   15   3   0   46   15   0   0   0   0
0   0   32   12   0   0   32   12   0   0   0   0
2   0   28   14   2   0   28   14   0   0   0   0
1   0   101   7   1   0   101   7   0   0   0   0
1   0   100   5   1   0   100   5   0   0   0   0
1   0   111   13   1   0   111   13   0   0   0   0
2   0   92   10   2   0   92   10   0   0   0   0
5   0   334   12   5   0   334   12   0   0   0   0
6   0   382   23   6   0   382   23   0   0   0   0
4   0   386   15   4   0   386   15   0   0   0   0
4   0   308   11   4   0   308   11   0   0   0   0
4   0   80   18   4   0   80   18   0   0   0   0
6   0   87   28   6   0   87   28   0   0   0   0
6   0   101   17   6   0   101   17   0   0   0   0
4   0   88   18   4   0   88   18   0   0   0   0
8   0   88   14   8   0   88   14   0   0   0   0
10   0   71   52   10   0   71   52   0   0   0   0
9   0   79   45   9   0   79   45   0   0   0   0
15   0   75   24   15   0   75   24   0   0   0   0
7   0   89   55   7   0   89   55   0   0   0   0
8   0   106   91   8   0   106   91   0   0   0   0
6   0   103   85   6   0   103   85   0   0   0   0
7   0   97   52   7   0   97   52   0   0   0   0
2   0   334   33   2   0   334   33   0   0   0   0
7   0   371   16   7   0   371   16   0   0   0   0
8   0   386   14   8   0   386   14   0   0   0   0
3   0   318   22   3   0   318   22   0   0   0   0
11   0   286   34   11   0   286   34   0   0   0   0
14   0   343   40   14   0   343   40   0   0   0   0
14   0   357   38   14   0   357   38   0   0   0   0
9   0   328   33   9   0   328   33   0   0   0   0
6   0   89   21   6   0   89   21   0   0   0   0
14   0   123   21   14   0   123   21   0   0   0   0
11   0   131   37   11   0   131   37   0   0   0   0
7   0   100   28   7   0   100   28   0   0   0   0
6   0   86   54   6   0   86   54   0   0   0   0
16   0   106   34   16   0   106   34   0   0   0   0
12   0   90   34   12   0   90   34   0   0   0   0
3   0   75   62   3   0   75   62   0   0   0   0
8   0   101   57   8   0   101   57   0   0   0   0
14   0   99   90   14   0   99   90   0   0   0   0
5   0   131   70   5   0   131   70   0   0   0   0
7   0   100   59   7   0   100   59   0   0   0   0
8   0   316   28   8   0   316   28   0   0   0   0
11   0   366   53   11   0   366   53   0   0   0   0
18   0   340   49   18   0   340   49   0   0   0   0
8   0   318   28   8   0   318   28   0   0   0   0
4   0   128   24   4   0   128   24   0   0   0   0
10   0   156   40   10   0   156   40   0   0   0   0
6   0   134   52   6   0   134   52   0   0   0   0
4   0   109   22   4   0   109   22   0   0   0   0
2   0   44   26   2   0   44   26   0   0   0   0
3   0   43   15   3   0   43   15   0   0   0   0
6   0   55   9   6   0   55   9   0   0   0   0
4   0   36   20   4   0   36   20   0   0   0   0
4   0   35   11   4   0   35   11   0   0   0   0
4   0   34   8   4   0   34   8   0   0   0   0
3   0   36   10   3   0   36   10   0   0   0   0
4   0   39   19   4   0   39   19   0   0   0   0
2   0   41   12   2   0   41   12   0   0   0   0
4   0   40   9   4   0   40   9   0   0   0   0
2   0   44   12   2   0   44   12   0   0   0   0
4   0   47   9   4   0   47   9   0   0   0   0
3   0   121   12   3   0   121   12   0   0   0   0
4   0   144   44   4   0   144   44   0   0   0   0
5   0   148   46   5   0   148   46   0   0   0   0
4   0   128   18   4   0   128   18   0   0   0   0
3   0   85   10   3   0   85   10   0   0   0   0
5   0   114   22   5   0   114   22   0   0   0   0
5   0   80   30   5   0   80   30   0   0   0   0
3   0   100   10   3   0   100   10   0   0   0   0
2   0   24   19   2   0   24   19   0   0   0   0
1   0   39   18   1   0   39   18   0   0   0   0
5   0   35   31   5   0   35   31   0   0   0   0
2   0   27   15   2   0   27   15   0   0   0   0
2   0   22   11   2   0   22   11   0   0   0   0
0   0   23   4   0   0   23   4   0   0   0   0
1   0   18   2   1   0   18   2   0   0   0   0
0   0   25   9   0   0   25   9   0   0   0   0
3   0   28   4   3   0   28   4   0   0   0   0
3   0   34   3   3   0   34   3   0   0   0   0
1   0   32   5   1   0   32   5   0   0   0   0
2   0   32   8   2   0   32   8   0   0   0   0
3   0   81   18   3   0   81   18   0   0   0   0
4   0   93   9   4   0   93   9   0   0   0   0
4   0   104   8   4   0   104   8   0   0   0   0
2   0   88   10   2   0   88   10   0   0   0   0
3   0   105   7   3   0   105   7   0   0   0   0
4   0   106   14   4   0   106   14   0   0   0   0
3   0   106   22   3   0   106   22   0   0   0   0
5   0   110   10   5   0   110   10   0   0   0   0
1   0   36   6   1   0   36   6   0   0   0   0
1   0   41   34   1   0   41   34   0   0   0   0
6   0   43   55   6   0   43   55   0   0   0   0
0   0   34   8   0   0   34   8   0   0   0   0
4   0   23   20   4   0   23   20   0   0   0   0
2   0   22   13   2   0   22   13   0   0   0   0
3   0   24   10   3   0   24   10   0   0   0   0
3   0   33   11   3   0   33   11   0   0   0   0
4   0   23   9   4   0   23   9   0   0   0   0
3   0   38   6   3   0   38   6   0   0   0   0
3   0   35   11   3   0   35   11   0   0   0   0
4   0   30   11   4   0   30   11   0   0   0   0
3   0   98   9   3   0   98   9   0   0   0   0
0   0   119   10   0   0   119   10   0   0   0   0
1   0   111   10   1   0   111   10   0   0   0   0
4   0   96   10   4   0   96   10   0   0   0   0
16   0   318   23   16   0   318   23   0   0   0   0
10   0   344   25   10   0   344   25   0   0   0   0
9   0   369   33   9   0   369   33   0   0   0   0
15   0   316   34   15   0   316   34   0   0   0   0
6   0   118   22   6   0   118   22   0   0   0   0
9   0   107   54   9   0   107   54   0   0   0   0
14   0   119   44   14   0   119   44   0   0   0   0
10   0   104   20   10   0   104   20   0   0   0   0
9   0   87   77   9   0   87   77   0   0   0   0
8   0   111   162   8   0   111   162   0   0   0   0
13   0   101   144   13   0   101   144   0   0   0   0
10   0   96   74   10   0   96   74   0   0   0   0
8   0   97   47   8   0   97   47   0   0   0   0
14   0   135   24   14   0   135   24   0   0   0   0
6   0   129   29   6   0   129   29   0   0   0   0
10   0   113   47   10   0   113   47   0   0   0   0
14   0   376   28   14   0   376   28   0   0   0   0
10   0   402   46   10   0   402   46   0   0   0   0
10   0   362   34   10   0   362   34   0   0   0   0
11   0   349   27   11   0   349   27   0   0   0   0
42   0   663   108   42   0   663   108   0   0   0   0
43   0   672   111   43   0   672   111   0   0   0   0
37   0   610   80   37   0   610   80   0   0   0   0
62   0   688   94   62   0   688   94   0   0   0   0
41   0   379   80   41   0   379   80   0   0   0   0
48   0   482   126   48   0   482   126   0   0   0   0
49   0   473   111   49   0   473   111   0   0   0   0
44   0   342   104   44   0   342   104   0   0   0   0
35   0   270   91   35   0   270   91   0   0   0   0
40   0   340   90   40   0   340   90   0   0   0   0
34   0   309   88   34   0   309   88   0   0   0   0
34   0   296   83   34   0   296   83   0   0   0   0
29   0   374   111   29   0   374   111   0   0   0   0
37   0   387   122   37   0   387   122   0   0   0   0
49   0   416   127   49   0   416   127   0   0   0   0
44   0   368   101   44   0   368   101   0   0   0   0
33   0   572   124   33   0   572   124   0   0   0   0
48   0   701   231   48   0   701   231   0   0   0   0
38   0   770   251   38   0   770   251   0   0   0   0
35   0   580   162   35   0   580   162   0   0   0   0
11   0   220   50   11   0   220   50   0   0   0   0
20   0   288   52   20   0   288   52   0   0   0   0
18   0   300   59   18   0   300   59   0   0   0   0
11   0   267   57   11   0   267   57   0   0   0   0
14   0   133   26   14   0   133   26   0   0   0   0
18   0   185   46   18   0   185   46   0   0   0   0
17   0   175   40   17   0   175   40   0   0   0   0
9   0   121   52   9   0   121   52   0   0   0   0
8   0   115   21   8   0   115   21   0   0   0   0
23   0   140   27   23   0   140   27   0   0   0   0
8   0   114   27   8   0   114   27   0   0   0   0
14   0   105   35   14   0   105   35   0   0   0   0
17   0   167   32   17   0   167   32   0   0   0   0
21   0   159   45   21   0   159   45   0   0   0   0
15   0   154   32   15   0   154   32   0   0   0   0
21   0   166   34   21   0   166   34   0   0   0   0
7   0   240   44   7   0   240   44   0   0   0   0
20   0   287   47   20   0   287   47   0   0   0   0
14   0   276   50   14   0   276   50   0   0   0   0
7   0   227   50   7   0   227   50   0   0   0   0
7   0   184   96   7   0   184   96   0   0   0   0
9   0   194   144   9   0   194   144   0   0   0   0
13   0   185   129   13   0   185   129   0   0   0   0
12   0   195   87   12   0   195   87   0   0   0   0
9   0   109   35   9   0   109   35   0   0   0   0
10   0   109   35   10   0   109   35   0   0   0   0
14   0   104   26   14   0   104   26   0   0   0   0
18   0   108   40   18   0   108   40   0   0   0   0
9   0   76   18   9   0   76   18   0   0   0   0
9   0   99   29   9   0   99   29   0   0   0   0
6   0   88   21   6   0   88   21   0   0   0   0
13   0   108   27   13   0   108   27   0   0   0   0
13   0   100   23   13   0   100   23   0   0   0   0
12   0   123   24   12   0   123   24   0   0   0   0
9   0   107   17   9   0   107   17   0   0   0   0
12   0   103   26   12   0   103   26   0   0   0   0
14   0   188   32   14   0   188   32   0   0   0   0
22   0   202   32   22   0   202   32   0   0   0   0
9   0   191   25   9   0   191   25   0   0   0   0
13   0   172   32   13   0   172   32   0   0   0   0
6   0   175   102   6   0   175   102   0   0   0   0
18   0   243   188   18   0   243   188   0   0   0   0
11   0   235   197   11   0   235   197   0   0   0   0
15   0   176   103   15   0   176   103   0   0   0   0
17   0   144   69   17   0   144   69   0   0   0   0
10   0   110   71   10   0   110   71   0   0   0   0
9   0   138   62   9   0   138   62   0   0   0   0
9   0   125   62   9   0   125   62   0   0   0   0
12   0   82   26   12   0   82   26   0   0   0   0
14   0   116   35   14   0   116   35   0   0   0   0
12   0   107   21   12   0   107   21   0   0   0   0
14   0   96   26   14   0   96   26   0   0   0   0
15   0   132   25   15   0   132   25   0   0   0   0
17   0   144   25   17   0   144   25   0   0   0   0
15   0   146   25   15   0   146   25   0   0   0   0
16   0   116   26   16   0   116   26   0   0   0   0
9   0   205   47   9   0   205   47   0   0   0   0
19   0   217   30   19   0   217   30   0   0   0   0
9   0   187   33   9   0   187   33   0   0   0   0
11   0   212   39   11   0   212   39   0   0   0   0
36   0   612   126   36   0   612   126   0   0   0   0
37   0   745   241   37   0   745   241   0   0   0   0
41   0   756   221   41   0   756   221   0   0   0   0
46   0   631   117   46   0   631   117   0   0   0   0
42   0   432   328   42   0   432   328   0   0   0   0
46   0   451   393   46   0   451   393   0   0   0   0
43   0   442   437   43   0   442   437   0   0   0   0
40   0   450   284   40   0   450   284   0   0   0   0
39   0   289   145   39   0   289   145   0   0   0   0
46   0   348   135   46   0   348   135   0   0   0   0
48   0   323   140   48   0   323   140   0   0   0   0
47   0   313   190   47   0   313   190   0   0   0   0
34   0   365   101   34   0   365   101   0   0   0   0
61   0   475   133   61   0   475   133   0   0   0   0
42   0   460   129   42   0   460   129   0   0   0   0
39   0   397   91   39   0   397   91   0   0   0   0
45   0   721   103   45   0   721   103   0   0   0   0
40   0   674   126   40   0   674   126   0   0   0   0
40   0   682   105   40   0   682   105   0   0   0   0
50   0   720   131   50   0   720   131   0   0   0   0
44   0   396   110   44   0   396   110   0   0   0   0
42   0   366   97   42   0   366   97   0   0   0   0
46   0   370   97   46   0   370   97   0   0   0   0
49   0   448   115   49   0   448   115   0   0   0   0
57   0   438   118   57   0   438   118   0   0   0   0
78   0   454   141   78   0   454   141   0   0   0   0
54   0   451   156   54   0   451   156   0   0   0   0
60   0   427   140   60   0   427   140   0   0   0   0
50   0   383   132   50   0   383   132   0   0   0   0
63   0   453   145   63   0   453   145   0   0   0   0
63   0   453   139   63   0   453   139   0   0   0   0
51   0   401   127   51   0   401   127   0   0   0   0
60   0   412   123   60   0   412   123   0   0   0   0
74   0   470   139   74   0   470   139   0   0   0   0
79   0   495   147   79   0   495   147   0   0   0   0
64   0   422   147   64   0   422   147   0   0   0   0
35   0   347   67   35   0   347   67   0   0   0   0
45   0   471   141   45   0   471   141   0   0   0   0
42   0   498   119   42   0   498   119   0   0   0   0
39   0   332   76   39   0   332   76   0   0   0   0
16   0   216   43   16   0   216   43   0   0   0   0
16   0   187   43   16   0   187   43   0   0   0   0
15   0   168   39   15   0   168   39   0   0   0   0
26   0   224   43   26   0   224   43   0   0   0   0
18   0   171   46   18   0   171   46   0   0   0   0
27   0   147   59   27   0   147   59   0   0   0   0
13   0   155   49   13   0   155   49   0   0   0   0
20   0   151   52   20   0   151   52   0   0   0   0
17   0   158   47   17   0   158   47   0   0   0   0
25   0   189   47   25   0   189   47   0   0   0   0
13   0   137   48   13   0   137   48   0   0   0   0
22   0   157   40   22   0   157   40   0   0   0   0
13   0   150   37   13   0   150   37   0   0   0   0
16   0   165   54   16   0   165   54   0   0   0   0
16   0   148   47   16   0   148   47   0   0   0   0
22   0   141   48   22   0   141   48   0   0   0   0
11   0   167   35   11   0   167   35   0   0   0   0
20   0   219   58   20   0   219   58   0   0   0   0
20   0   242   56   20   0   242   56   0   0   0   0
8   0   135   36   8   0   135   36   0   0   0   0
17   0   137   32   17   0   137   32   0   0   0   0
17   0   164   32   17   0   164   32   0   0   0   0
14   0   157   39   14   0   157   39   0   0   0   0
17   0   158   45   17   0   158   45   0   0   0   0
12   0   99   31   12   0   99   31   0   0   0   0
18   0   127   39   18   0   127   39   0   0   0   0
8   0   104   23   8   0   104   23   0   0   0   0
18   0   99   25   18   0   99   25   0   0   0   0
12   0   106   22   12   0   106   22   0   0   0   0
17   0   105   41   17   0   105   41   0   0   0   0
16   0   104   38   16   0   104   38   0   0   0   0
15   0   102   46   15   0   102   46   0   0   0   0
14   0   98   24   14   0   98   24   0   0   0   0
15   0   102   30   15   0   102   30   0   0   0   0
13   0   118   35   13   0   118   35   0   0   0   0
8   0   112   36   8   0   112   36   0   0   0   0
11   0   156   25   11   0   156   25   0   0   0   0
10   0   153   32   10   0   153   32   0   0   0   0
15   0   163   28   15   0   163   28   0   0   0   0
18   0   130   34   18   0   130   34   0   0   0   0
10   0   133   67   10   0   133   67   0   0   0   0
9   0   192   77   9   0   192   77   0   0   0   0
20   0   188   85   20   0   188   85   0   0   0   0
16   0   148   65   16   0   148   65   0   0   0   0
15   0   127   41   15   0   127   41   0   0   0   0
22   0   132   52   22   0   132   52   0   0   0   0
21   0   175   45   21   0   175   45   0   0   0   0
10   0   111   33   10   0   111   33   0   0   0   0
11   0   118   37   11   0   118   37   0   0   0   0
15   0   110   32   15   0   110   32   0   0   0   0
17   0   130   42   17   0   130   42   0   0   0   0
18   0   115   43   18   0   115   43   0   0   0   0
11   0   116   39   11   0   116   39   0   0   0   0
19   0   130   47   19   0   130   47   0   0   0   0
18   0   127   32   18   0   127   32   0   0   0   0
16   0   141   49   16   0   141   49   0   0   0   0
19   0   187   29   19   0   187   29   0   0   0   0
15   0   146   36   15   0   146   36   0   0   0   0
14   0   157   40   14   0   157   40   0   0   0   0
18   0   162   36   18   0   162   36   0   0   0   0
43   0   375   215   43   0   375   215   0   0   0   0
45   0   531   358   45   0   531   358   0   0   0   0
62   0   529   387   62   0   529   387   0   0   0   0
37   0   367   230   37   0   367   230   0   0   0   0
60   0   472   196   60   0   472   196   0   0   0   0
63   0   549   185   63   0   549   185   0   0   0   0
67   0   530   175   67   0   530   175   0   0   0   0
65   0   429   205   65   0   429   205   0   0   0   0
57   0   468   124   57   0   468   124   0   0   0   0
80   0   470   165   80   0   470   165   0   0   0   0
63   0   523   153   63   0   523   153   0   0   0   0
73   0   433   125   73   0   433   125   0   0   0   0
52   0   485   153   52   0   485   153   0   0   0   0
69   0   483   135   69   0   483   135   0   0   0   0
50   0   450   126   50   0   450   126   0   0   0   0
59   0   492   156   59   0   492   156   0   0   0   0
47   0   479   107   47   0   479   107   0   0   0   0
43   0   397   80   43   0   397   80   0   0   0   0
34   0   403   97   34   0   403   97   0   0   0   0
47   0   501   120   47   0   501   120   0   0   0   0
282   0   2080   691   282   0   2080   691   0   0   0   0
204   0   1416   508   204   0   1416   508   0   0   0   0
227   0   1414   506   227   0   1414   506   0   0   0   0
280   0   1959   740   280   0   1959   740   0   0   0   0
510   1   2817   1219   510   1   2817   1219   0   0   0   0
462   0   2593   1147   462   0   2593   1147   0   0   0   0
460   0   2643   1094   460   0   2643   1094   0   0   0   0
495   0   2846   1357   495   0   2846   1357   0   0   0   0
502   0   2785   1353   502   0   2785   1353   0   0   0   0
582   0   3162   1488   582   0   3162   1488   0   0   0   0
601   0   3246   1377   601   0   3246   1377   0   0   0   0
583   0   3007   1334   583   0   3007   1334   0   0   0   0
411   0   2266   988   411   0   2266   988   0   0   0   0
583   0   3119   1297   583   0   3119   1297   0   0   0   0
549   0   3184   1365   549   0   3184   1365   0   0   0   0
401   0   2280   1020   401   0   2280   1020   0   0   0   0
161   0   1193   496   161   0   1193   496   0   0   0   0
291   0   2188   786   291   0   2188   786   0   0   0   0
306   0   2199   789   306   0   2199   789   0   0   0   0
146   0   1144   425   146   0   1144   425   0   0   0   0
187   1   1191   377   187   1   1191   377   0   0   0   0
122   0   851   291   122   0   851   291   0   0   0   0
104   0   843   288   104   0   843   288   0   0   0   0
166   0   1171   439   166   0   1171   439   0   0   0   0
174   0   1028   407   174   0   1028   407   0   0   0   0
164   0   832   352   164   0   832   352   0   0   0   0
125   0   817   344   125   0   817   344   0   0   0   0
161   2   998   475   161   2   998   475   0   0   0   0
141   1   875   373   141   1   875   373   0   0   0   0
184   1   942   469   184   1   942   469   0   0   0   0
153   0   911   388   153   0   911   388   0   0   0   0
180   0   894   409   180   0   894   409   0   0   0   0
126   0   715   297   126   0   715   297   0   0   0   0
183   1   1125   456   183   1   1125   456   0   0   0   0
162   0   1102   447   162   0   1102   447   0   0   0   0
128   1   726   309   128   1   726   309   0   0   0   0
98   0   766   261   98   0   766   261   0   0   0   0
184   1   1182   426   184   1   1182   426   0   0   0   0
187   1   1242   459   187   1   1242   459   0   0   0   0
92   0   763   233   92   0   763   233   0   0   0   0
84   0   747   254   84   0   747   254   0   0   0   0
103   0   838   336   103   0   838   336   0   0   0   0
122   0   916   281   122   0   916   281   0   0   0   0
100   1   804   294   100   1   804   294   0   0   0   0
90   1   599   189   90   1   599   189   0   0   0   0
128   0   657   277   128   0   657   277   0   0   0   0
102   0   616   245   102   0   616   245   0   0   0   0
97   1   554   259   97   1   554   259   0   0   0   0
88   0   534   202   88   0   534   202   0   0   0   0
117   1   518   260   117   1   518   260   0   0   0   0
67   0   526   205   67   0   526   205   0   0   0   0
102   1   511   230   102   1   511   230   0   0   0   0
95   0   558   213   95   0   558   213   0   0   0   0
135   0   617   308   135   0   617   308   0   0   0   0
91   0   613   266   91   0   613   266   0   0   0   0
97   0   554   259   97   0   554   259   0   0   0   0
103   0   740   282   103   0   740   282   0   0   0   0
120   1   833   328   120   1   833   328   0   0   0   0
113   0   851   296   113   0   851   296   0   0   0   0
98   0   793   289   98   0   793   289   0   0   0   0
90   0   663   209   90   0   663   209   0   0   0   0
142   0   1033   374   142   0   1033   374   0   0   0   0
141   0   1096   384   141   0   1096   384   0   0   0   0
78   0   624   232   78   0   624   232   0   0   0   0
99   0   623   234   99   0   623   234   0   0   0   0
142   1   846   407   142   1   846   407   0   0   0   0
139   0   919   393   139   0   919   393   0   0   0   0
122   0   657   279   122   0   657   279   0   0   0   0
105   0   708   273   105   0   708   273   0   0   0   0
171   0   759   389   171   0   759   389   0   0   0   0
150   0   747   348   150   0   747   348   0   0   0   0
114   0   659   344   114   0   659   344   0   0   0   0
131   0   875   356   131   0   875   356   0   0   0   0
135   0   675   296   135   0   675   296   0   0   0   0
114   0   683   284   114   0   683   284   0   0   0   0
133   0   795   373   133   0   795   373   0   0   0   0
128   0   1004   358   128   0   1004   358   0   0   0   0
91   1   725   245   91   1   725   245   0   0   0   0
103   0   714   261   103   0   714   261   0   0   0   0
132   0   963   364   132   0   963   364   0   0   0   0
177   1   1285   544   177   1   1285   544   0   0   0   0
326   1   2333   923   326   1   2333   923   0   0   0   0
330   0   2399   924   330   0   2399   924   0   0   0   0
206   0   1364   554   206   0   1364   554   0   0   0   0
378   1   2357   1076   378   1   2357   1076   0   0   0   0
586   1   3338   1541   586   1   3338   1541   0   0   0   0
553   0   3301   1455   553   0   3301   1455   0   0   0   0
434   0   2484   1042   434   0   2484   1042   0   0   0   0
561   1   3112   1341   561   1   3112   1341   0   0   0   0
620   1   3400   1501   620   1   3400   1501   0   0   0   0
608   0   3418   1531   608   0   3418   1531   0   0   0   0
602   0   3059   1383   602   0   3059   1383   0   0   0   0
505   0   3136   1263   505   0   3136   1263   0   0   0   0
489   0   2867   1168   489   0   2867   1168   0   0   0   0
447   0   2667   1134   447   0   2667   1134   0   0   0   0
536   0   3157   1366   536   0   3157   1366   0   0   0   0
301   1   2279   818   301   1   2279   818   0   0   0   0
219   0   1464   496   219   0   1464   496   0   0   0   0
224   0   1502   542   224   0   1502   542   0   0   0   0
294   1   2125   797   294   1   2125   797   0   0   0   0
8247   19   48548   18648   8247   19   48548   18648   0   0   0   0
5473   4   31229   12127   5473   4   31229   12127   0   0   0   0
5401   1   31140   12199   5401   1   31140   12199   0   0   0   0
8445   22   48515   19064   8445   22   48515   19064   0   0   0   0
15343   42   76501   33514   15343   42   76501   33514   0   0   0   0
13454   16   65168   29629   13454   16   65168   29629   0   0   0   0
13573   18   65332   29091   13573   18   65332   29091   0   0   0   0
16333   40   77173   34755   16333   40   77173   34755   0   0   0   0
16493   40   77167   35534   16493   40   77167   35534   0   0   0   0
18578   34   84359   40390   18578   34   84359   40390   0   0   0   0
18274   43   85187   38977   18274   43   85187   38977   0   0   0   0
16952   46   77439   36558   16952   46   77439   36558   0   0   0   0
12110   16   58789   26301   12110   16   58789   26301   0   0   0   0
17304   47   82786   38318   17304   47   82786   38318   0   0   0   0
16777   42   82999   36316   16777   42   82999   36316   0   0   0   0
12438   9   58941   26351   12438   9   58941   26351   0   0   0   0
4888   7   27641   10673   4888   7   27641   10673   0   0   0   0
9039   12   52148   20616   9039   12   52148   20616   0   0   0   0
8961   13   52108   20038   8961   13   52108   20038   0   0   0   0
4717   5   27134   10876   4717   5   27134   10876   0   0   0   0
4844   52   28974   10809   4844   52   28974   10809   0   0   0   0
3598   14   21121   7759   3598   14   21121   7759   0   0   0   0
3445   9   20899   7876   3445   9   20899   7876   0   0   0   0
4893   52   28600   11001   4893   52   28600   11001   0   0   0   0
5030   73   26694   11133   5030   73   26694   11133   0   0   0   0
4481   31   20388   9675   4481   31   20388   9675   0   0   0   0
3961   25   20409   8629   3961   25   20409   8629   0   0   0   0
5924   70   26854   12459   5924   70   26854   12459   0   0   0   0
4345   54   22210   9491   4345   54   22210   9491   0   0   0   0
5639   57   24188   12526   5639   57   24188   12526   0   0   0   0
4826   60   24239   10463   4826   60   24239   10463   0   0   0   0
5308   51   22050   11122   5308   51   22050   11122   0   0   0   0
3494   31   18028   7563   3494   31   18028   7563   0   0   0   0
6242   74   28802   13753   6242   74   28802   13753   0   0   0   0
5567   83   29309   12080   5567   83   29309   12080   0   0   0   0
4007   29   18449   8597   4007   29   18449   8597   0   0   0   0
3129   11   18573   6951   3129   11   18573   6951   0   0   0   0
5415   46   31477   11916   5415   46   31477   11916   0   0   0   0
5150   56   31472   11506   5150   56   31472   11506   0   0   0   0
3076   14   18708   7195   3076   14   18708   7195   0   0   0   0
3317   55   19842   7362   3317   55   19842   7362   0   0   0   0
3709   18   21884   8285   3709   18   21884   8285   0   0   0   0
3669   19   22105   8077   3669   19   22105   8077   0   0   0   0
3279   73   19797   7321   3279   73   19797   7321   0   0   0   0
2675   57   14469   5863   2675   57   14469   5863   0   0   0   0
3607   28   16075   7554   3607   28   16075   7554   0   0   0   0
2945   47   15819   6478   2945   47   15819   6478   0   0   0   0
3159   54   14287   7047   3159   54   14287   7047   0   0   0   0
2343   49   12275   5036   2343   49   12275   5036   0   0   0   0
3433   43   14043   7367   3433   43   14043   7367   0   0   0   0
2710   41   13964   5767   2710   41   13964   5767   0   0   0   0
3152   68   12528   6645   3152   68   12528   6645   0   0   0   0
2633   38   14483   5814   2633   38   14483   5814   0   0   0   0
3497   76   15811   7707   3497   76   15811   7707   0   0   0   0
2996   79   15851   6441   2996   79   15851   6441   0   0   0   0
3241   42   14407   7024   3241   42   14407   7024   0   0   0   0
3169   11   19797   7335   3169   11   19797   7335   0   0   0   0
3667   70   21765   8236   3667   70   21765   8236   0   0   0   0
3583   65   21597   8011   3583   65   21597   8011   0   0   0   0
3287   29   19690   7689   3287   29   19690   7689   0   0   0   0
2704   68   16271   5951   2704   68   16271   5951   0   0   0   0
4451   31   26471   10003   4451   31   26471   10003   0   0   0   0
4461   26   26415   9635   4461   26   26415   9635   0   0   0   0
2622   63   16111   6151   2622   63   16111   6151   0   0   0   0
2870   50   15160   6405   2870   50   15160   6405   0   0   0   0
5247   34   23602   11223   5247   34   23602   11223   0   0   0   0
4544   29   23766   9972   4544   29   23766   9972   0   0   0   0
3348   46   15047   7153   3348   46   15047   7153   0   0   0   0
3501   38   17860   7684   3501   38   17860   7684   0   0   0   0
4595   41   19650   10055   4595   41   19650   10055   0   0   0   0
3910   39   19602   8516   3910   39   19602   8516   0   0   0   0
4311   32   17893   9107   4311   32   17893   9107   0   0   0   0
4125   35   22003   9094   4125   35   22003   9094   0   0   0   0
3683   43   16902   8093   3683   43   16902   8093   0   0   0   0
3350   52   17037   7232   3350   52   17037   7232   0   0   0   0
4777   24   22008   10595   4777   24   22008   10595   0   0   0   0
4004   28   24085   9080   4004   28   24085   9080   0   0   0   0
3095   70   18319   6969   3095   70   18319   6969   0   0   0   0
3077   59   18327   6738   3077   59   18327   6738   0   0   0   0
4167   26   24321   9443   4167   26   24321   9443   0   0   0   0
5206   106   30174   11409   5206   106   30174   11409   0   0   0   0
9993   118   57274   22238   9993   118   57274   22238   0   0   0   0
9886   108   56981   21785   9886   108   56981   21785   0   0   0   0
5208   80   30330   11363   5208   80   30330   11363   0   0   0   0
12602   75   61740   27346   12602   75   61740   27346   0   0   0   0
18528   67   87921   40260   18528   67   87921   40260   0   0   0   0
17945   92   88101   38039   17945   92   88101   38039   0   0   0   0
13025   72   62387   27784   13025   72   62387   27784   0   0   0   0
17485   75   81540   37240   17485   75   81540   37240   0   0   0   0
19996   89   90192   42485   19996   89   90192   42485   0   0   0   0
19233   88   89925   41438   19233   88   89925   41438   0   0   0   0
18025   70   81427   38585   18025   70   81427   38585   0   0   0   0
16346   73   81849   35741   16346   73   81849   35741   0   0   0   0
14270   87   69281   31281   14270   87   69281   31281   0   0   0   0
14188   90   68929   30913   14188   90   68929   30913   0   0   0   0
17275   69   81140   37316   17275   69   81140   37316   0   0   0   0
9044   82   53471   20615   9044   82   53471   20615   0   0   0   0
5765   112   33825   13157   5765   112   33825   13157   0   0   0   0
5855   99   34331   13259   5855   99   34331   13259   0   0   0   0
9172   100   53013   20738   9172   100   53013   20738   0   0   0   0
0   1   0   151   0   1   0   151   0   0   0   0
0   0   0   106   0   0   0   106   0   0   0   0
0   0   0   114   0   0   0   114   0   0   0   0
0   0   0   137   0   0   0   137   0   0   0   0
0   0   0   225   0   0   0   225   0   0   0   0
0   0   0   230   0   0   0   230   0   0   0   0
0   0   0   218   0   0   0   218   0   0   0   0
0   0   0   255   0   0   0   255   0   0   0   0
0   0   0   238   0   0   0   238   0   0   0   0
0   0   0   284   0   0   0   284   0   0   0   0
0   0   0   275   0   0   0   275   0   0   0   0
0   1   0   232   0   1   0   232   0   0   0   0
0   0   0   217   0   0   0   217   0   0   0   0
0   0   0   300   0   0   0   300   0   0   0   0
0   0   0   266   0   0   0   266   0   0   0   0
0   0   0   192   0   0   0   192   0   0   0   0
0   0   0   82   0   0   0   82   0   0   0   0
0   0   0   154   0   0   0   154   0   0   0   0
0   0   0   174   0   0   0   174   0   0   0   0
0   0   0   89   0   0   0   89   0   0   0   0
0   0   0   90   0   0   0   90   0   0   0   0
0   1   0   69   0   1   0   69   0   0   0   0
0   0   0   70   0   0   0   70   0   0   0   0
0   1   0   90   0   1   0   90   0   0   0   0
0   2   0   75   0   2   0   75   0   0   0   0
0   0   0   72   0   0   0   72   0   0   0   0
0   0   0   60   0   0   0   60   0   0   0   0
0   0   0   97   0   0   0   97   0   0   0   0
0   0   0   56   0   0   0   56   0   0   0   0
0   1   0   90   0   1   0   90   0   0   0   0
0   1   0   86   0   1   0   86   0   0   0   0
0   0   0   69   0   0   0   69   0   0   0   0
0   0   0   48   0   0   0   48   0   0   0   0
0   1   0   117   0   1   0   117   0   0   0   0
0   2   0   96   0   2   0   96   0   0   0   0
0   1   0   70   0   1   0   70   0   0   0   0
0   0   0   59   0   0   0   59   0   0   0   0
0   0   0   107   0   0   0   107   0   0   0   0
0   1   0   120   0   1   0   120   0   0   0   0
0   0   0   61   0   0   0   61   0   0   0   0
0   1   0   54   0   1   0   54   0   0   0   0
0   0   0   70   0   0   0   70   0   0   0   0
0   0   0   85   0   0   0   85   0   0   0   0
0   0   0   71   0   0   0   71   0   0   0   0
0   5   0   48   0   5   0   48   0   0   0   0
0   1   0   70   0   1   0   70   0   0   0   0
0   0   0   36   0   0   0   36   0   0   0   0
0   1   0   48   0   1   0   48   0   0   0   0
0   0   0   25   0   0   0   25   0   0   0   0
0   0   0   48   0   0   0   48   0   0   0   0
0   1   0   43   0   1   0   43   0   0   0   0
0   0   0   47   0   0   0   47   0   0   0   0
0   0   0   39   0   0   0   39   0   0   0   0
0   1   0   50   0   1   0   50   0   0   0   0
0   0   0   46   0   0   0   46   0   0   0   0
0   0   0   47   0   0   0   47   0   0   0   0
0   0   0   71   0   0   0   71   0   0   0   0
0   1   0   80   0   1   0   80   0   0   0   0
0   0   0   71   0   0   0   71   0   0   0   0
0   1   0   63   0   1   0   63   0   0   0   0
0   0   0   52   0   0   0   52   0   0   0   0
0   0   0   91   0   0   0   91   0   0   0   0
0   3   0   65   0   3   0   65   0   0   0   0
0   2   0   37   0   2   0   37   0   0   0   0
0   2   0   37   0   2   0   37   0   0   0   0
0   1   0   88   0   1   0   88   0   0   0   0
0   0   0   84   0   0   0   84   0   0   0   0
0   1   0   51   0   1   0   51   0   0   0   0
0   2   0   57   0   2   0   57   0   0   0   0
0   0   0   57   0   0   0   57   0   0   0   0
0   0   0   71   0   0   0   71   0   0   0   0
0   1   0   55   0   1   0   55   0   0   0   0
0   1   0   71   0   1   0   71   0   0   0   0
0   3   0   51   0   3   0   51   0   0   0   0
0   1   0   42   0   1   0   42   0   0   0   0
0   0   0   84   0   0   0   84   0   0   0   0
0   0   0   55   0   0   0   55   0   0   0   0
0   1   0   58   0   1   0   58   0   0   0   0
0   2   0   71   0   2   0   71   0   0   0   0
0   1   0   90   0   1   0   90   0   0   0   0
0   2   0   71   0   2   0   71   0   0   0   0
0   0   0   161   0   0   0   161   0   0   0   0
0   1   0   129   0   1   0   129   0   0   0   0
0   2   0   66   0   2   0   66   0   0   0   0
0   1   0   148   0   1   0   148   0   0   0   0
0   0   0   274   0   0   0   274   0   0   0   0
0   0   0   271   0   0   0   271   0   0   0   0
0   0   0   170   0   0   0   170   0   0   0   0
0   4   0   219   0   4   0   219   0   0   0   0
0   0   0   275   0   0   0   275   0   0   0   0
0   0   0   271   0   0   0   271   0   0   0   0
0   1   0   225   0   1   0   225   0   0   0   0
0   1   0   226   0   1   0   226   0   0   0   0
0   2   0   202   0   2   0   202   0   0   0   0
0   2   0   187   0   2   0   187   0   0   0   0
0   2   0   235   0   2   0   235   0   0   0   0
0   0   0   159   0   0   0   159   0   0   0   0
0   0   0   91   0   0   0   91   0   0   0   0
0   1   0   106   0   1   0   106   0   0   0   0
0   6   0   164   0   6   0   164   0   0   0   0
0   0   0   5   0   0   0   5   0   0   0   0
0   0   0   3   0   0   0   3   0   0   0   0
0   0   0   3   0   0   0   3   0   0   0   0
0   0   0   3   0   0   0   3   0   0   0   0
0   0   0   4   0   0   0   4   0   0   0   0
0   0   0   2   0   0   0   2   0   0   0   0
0   0   0   2   0   0   0   2   0   0   0   0
0   0   0   4   0   0   0   4   0   0   0   0
0   0   0   1   0   0   0   1   0   0   0   0
0   0   0   5   0   0   0   5   0   0   0   0
0   0   0   4   0   0   0   4   0   0   0   0
0   0   0   7   0   0   0   7   0   0   0   0
0   0   0   6   0   0   0   6   0   0   0   0
0   0   0   12   0   0   0   12   0   0   0   0
0   0   0   9   0   0   0   9   0   0   0   0
0   0   0   4   0   0   0   4   0   0   0   0
0   0   0   2   0   0   0   2   0   0   0   0
0   0   0   4   0   0   0   4   0   0   0   0
0   0   0   2   0   0   0   2   0   0   0   0
0   0   0   3   0   0   0   3   0   0   0   0
0   0   0   3   0   0   0   3   0   0   0   0
0   0   0   1   0   0   0   1   0   0   0   0
0   0   0   1   0   0   0   1   0   0   0   0
0   0   0   3   0   0   0   3   0   0   0   0
0   0   0   2   0   0   0   2   0   0   0   0
0   0   0   0   0   0   0   0   0   0   0   0
0   0   0   0   0   0   0   0   0   0   0   0
0   0   0   2   0   0   0   2   0   0   0   0
0   0   0   2   0   0   0   2   0   0   0   0
0   0   0   0   0   0   0   0   0   0   0   0
0   0   0   1   0   0   0   1   0   0   0   0
0   0   0   1   0   0   0   1   0   0   0   0
0   0   0   3   0   0   0   3   0   0   0   0
0   0   0   3   0   0   0   3   0   0   0   0
0   0   0   3   0   0   0   3   0   0   0   0
0   0   0   1   0   0   0   1   0   0   0   0
0   0   0   1   0   0   0   1   0   0   0   0
0   0   0   3   0   0   0   3   0   0   0   0
0   0   0   3   0   0   0   3   0   0   0   0
0   0   0   2   0   0   0   2   0   0   0   0
0   0   0   0   0   0   0   0   0   0   0   0
0   0   0   3   0   0   0   3   0   0   0   0
0   0   0   1   0   0   0   1   0   0   0   0
0   0   0   2   0   0   0   2   0   0   0   0
0   0   0   0   0   0   0   0   0   0   0   0
0   0   0   0   0   0   0   0   0   0   0   0
0   0   0   0   0   0   0   0   0   0   0   0
0   0   0   0   0   0   0   0   0   0   0   0
0   0   0   0   0   0   0   0   0   0   0   0
0   0   0   2   0   0   0   2   0   0   0   0
0   0   0   2   0   0   0   2   0   0   0   0
0   0   0   0   0   0   0   0   0   0   0   0
0   0   0   0   0   0   0   0   0   0   0   0
0   0   0   1   0   0   0   1   0   0   0   0
0   0   0   1   0   0   0   1   0   0   0   0
0   0   0   2   0   0   0   2   0   0   0   0
0   0   0   1   0   0   0   1   0   0   0   0
0   0   0   0   0   0   0   0   0   0   0   0
0   0   0   1   0   0   0   1   0   0   0   0
0   0   0   0   0   0   0   0   0   0   0   0
0   0   0   1   0   0   0   1   0   0   0   0
0   0   0   0   0   0   0   0   0   0   0   0
0   0   0   1   0   0   0   1   0   0   0   0
0   0   0   0   0   0   0   0   0   0   0   0
0   0   0   1   0   0   0   1   0   0   0   0
0   0   0   3   0   0   0   3   0   0   0   0
0   0   0   1   0   0   0   1   0   0   0   0
0   0   0   1   0   0   0   1   0   0   0   0
0   0   0   2   0   0   0   2   0   0   0   0
0   0   0   1   0   0   0   1   0   0   0   0
0   0   0   1   0   0   0   1   0   0   0   0
0   0   0   0   0   0   0   0   0   0   0   0
0   0   0   3   0   0   0   3   0   0   0   0
0   0   0   1   0   0   0   1   0   0   0   0
0   0   0   1   0   0   0   1   0   0   0   0
0   0   0   0   0   0   0   0   0   0   0   0
0   0   0   2   0   0   0   2   0   0   0   0
0   0   0   1   0   0   0   1   0   0   0   0
0   0   0   3   0   0   0   3   0   0   0   0
0   0   0   1   0   0   0   1   0   0   0   0
0   0   0   6   0   0   0   6   0   0   0   0
0   0   0   2   0   0   0   2   0   0   0   0
0   0   0   8   0   0   0   8   0   0   0   0
0   0   0   1   0   0   0   1   0   0   0   0
0   0   0   4   0   0   0   4   0   0   0   0
0   0   0   7   0   0   0   7   0   0   0   0
0   0   0   7   0   0   0   7   0   0   0   0
0   0   0   5   0   0   0   5   0   0   0   0
0   0   0   6   0   0   0   6   0   0   0   0
0   0   0   7   0   0   0   7   0   0   0   0
0   0   0   5   0   0   0   5   0   0   0   0
0   0   0   3   0   0   0   3   0   0   0   0
0   0   0   4   0   0   0   4   0   0   0   0
0   0   0   3   0   0   0   3   0   0   0   0
0   0   0   5   0   0   0   5   0   0   0   0
0   0   0   2   0   0   0   2   0   0   0   0
0   0   0   3   0   0   0   3   0   0   0   0
0   0   0   0   0   0   0   0   0   0   0   0
0   0   0   3   0   0   0   3   0   0   0   0
0   0   0   1   0   0   0   1   0   0   0   0
