0   0   66   3   0   0   66   3   0   0   0   0
0   0   68   2   0   0   68   2   0   0   0   0
1   0   64   2   1   0   64   2   0   0   0   0
0   0   66   2   0   0   66   2   0   0   0   0
1   0   31   3   1   0   31   3   0   0   0   0
0   0   27   13   0   0   27   13   0   0   0   0
0   0   26   5   0   0   26   5   0   0   0   0
0   0   20   8   0   0   20   8   0   0   0   0
1   0   12   5   1   0   12   5   0   0   0   0
1   0   12   3   1   0   12   3   0   0   0   0
2   0   10   9   2   0   10   9   0   0   0   0
0   0   12   5   0   0   12   5   0   0   0   0
2   0   12   6   2   0   12   6   0   0   0   0
2   0   17   17   2   0   17   17   0   0   0   0
0   0   8   9   0   0   8   9   0   0   0   0
0   0   8   3   0   0   8   3   0   0   0   0
1   0   20   2   1   0   20   2   0   0   0   0
2   0   25   3   2   0   25   3   0   0   0   0
1   0   29   4   1   0   29   4   0   0   0   0
1   0   23   5   1   0   23   5   0   0   0   0
0   0   57   3   0   0   57   3   0   0   0   0
0   0   59   2   0   0   59   2   0   0   0   0
0   0   59   2   0   0   59   2   0   0   0   0
0   0   59   1   0   0   59   1   0   0   0   0
0   0   85   6   0   0   85   6   0   0   0   0
0   0   92   4   0   0   92   4   0   0   0   0
0   0   102   3   0   0   102   3   0   0   0   0
0   0   78   5   0   0   78   5   0   0   0   0
4   0   26   4   4   0   26   4   0   0   0   0
0   0   23   6   0   0   23   6   0   0   0   0
1   0   28   4   1   0   28   4   0   0   0   0
1   0   38   5   1   0   38   5   0   0   0   0
1   0   8   2   1   0   8   2   0   0   0   0
3   0   20   5   3   0   20   5   0   0   0   0
1   0   20   5   1   0   20   5   0   0   0   0
2   0   15   1   2   0   15   1   0   0   0   0
2   0   15   3   2   0   15   3   0   0   0   0
6   0   27   14   6   0   27   14   0   0   0   0
1   0   13   6   1   0   13   6   0   0   0   0
0   0   10   2   0   0   10   2   0   0   0   0
1   0   30   10   1   0   30   10   0   0   0   0
0   0   38   9   0   0   38   9   0   0   0   0
0   0   31   15   0   0   31   15   0   0   0   0
2   0   20   10   2   0   20   10   0   0   0   0
1   0   60   6   1   0   60   6   0   0   0   0
0   0   100   2   0   0   100   2   0   0   0   0
0   0   91   3   0   0   91   3   0   0   0   0
1   0   77   3   1   0   77   3   0   0   0   0
0   0   37   2   0   0   37   2   0   0   0   0
0   0   40   1   0   0   40   1   0   0   0   0
0   0   40   1   0   0   40   1   0   0   0   0
0   0   41   3   0   0   41   3   0   0   0   0
0   0   15   2   0   0   15   2   0   0   0   0
0   0   22   3   0   0   22   3   0   0   0   0
1   0   18   1   1   0   18   1   0   0   0   0
0   0   18   0   0   0   18   0   0   0   0   0
0   0   7   2   0   0   7   2   0   0   0   0
0   0   7   0   0   0   7   0   0   0   0   0
1   0   7   2   1   0   7   2   0   0   0   0
3   0   6   0   3   0   6   0   0   0   0   0
1   0   6   2   1   0   6   2   0   0   0   0
0   0   5   1   0   0   5   1   0   0   0   0
0   0   12   2   0   0   12   2   0   0   0   0
2   0   6   0   2   0   6   0   0   0   0   0
0   0   20   1   0   0   20   1   0   0   0   0
0   0   12   3   0   0   12   3   0   0   0   0
1   0   16   4   1   0   16   4   0   0   0   0
0   0   10   1   0   0   10   1   0   0   0   0
0   0   39   6   0   0   39   6   0   0   0   0
0   0   49   4   0   0   49   4   0   0   0   0
1   0   40   3   1   0   40   3   0   0   0   0
0   0   43   3   0   0   43   3   0   0   0   0
0   0   64   0   0   0   64   0   0   0   0   0
0   0   85   3   0   0   85   3   0   0   0   0
0   0   59   0   0   0   59   0   0   0   0   0
0   0   53   0   0   0   53   0   0   0   0   0
1   0   26   5   1   0   26   5   0   0   0   0
1   0   26   2   1   0   26   2   0   0   0   0
2   0   22   3   2   0   22   3   0   0   0   0
0   0   19   0   0   0   19   0   0   0   0   0
0   0   7   1   0   0   7   1   0   0   0   0
2   0   9   2   2   0   9   2   0   0   0   0
4   0   15   1   4   0   15   1   0   0   0   0
0   0   9   3   0   0   9   3   0   0   0   0
2   0   19   3   2   0   19   3   0   0   0   0
0   0   12   4   0   0   12   4   0   0   0   0
0   0   14   4   0   0   14   4   0   0   0   0
2   0   17   4   2   0   17   4   0   0   0   0
3   0   20   5   3   0   20   5   0   0   0   0
0   0   20   6   0   0   20   6   0   0   0   0
0   0   21   9   0   0   21   9   0   0   0   0
1   0   19   5   1   0   19   5   0   0   0   0
0   0   63   7   0   0   63   7   0   0   0   0
1   0   73   0   1   0   73   0   0   0   0   0
0   0   59   3   0   0   59   3   0   0   0   0
1   0   56   11   1   0   56   11   0   0   0   0
0   0   48   0   0   0   48   0   0   0   0   0
0   0   45   1   0   0   45   1   0   0   0   0
0   0   46   0   0   0   46   0   0   0   0   0
0   0   49   2   0   0   49   2   0   0   0   0
0   0   18   2   0   0   18   2   0   0   0   0
2   0   26   3   2   0   26   3   0   0   0   0
0   0   21   3   0   0   21   3   0   0   0   0
0   0   15   5   0   0   15   5   0   0   0   0
1   0   6   2   1   0   6   2   0   0   0   0
0   0   5   2   0   0   5   2   0   0   0   0
1   0   11   1   1   0   11   1   0   0   0   0
0   0   11   1   0   0   11   1   0   0   0   0
1   0   10   2   1   0   10   2   0   0   0   0
1   0   9   1   1   0   9   1   0   0   0   0
1   0   9   3   1   0   9   3   0   0   0   0
0   0   10   0   0   0   10   0   0   0   0   0
0   0   14   5   0   0   14   5   0   0   0   0
1   0   14   4   1   0   14   4   0   0   0   0
2   0   25   6   2   0   25   6   0   0   0   0
1   0   13   3   1   0   13   3   0   0   0   0
1   0   48   6   1   0   48   6   0   0   0   0
0   0   55   6   0   0   55   6   0   0   0   0
1   0   58   3   1   0   58   3   0   0   0   0
0   0   49   7   0   0   49   7   0   0   0   0
1   0   188   12   1   0   188   12   0   0   0   0
3   0   197   15   3   0   197   15   0   0   0   0
2   0   222   7   2   0   222   7   0   0   0   0
2   0   192   10   2   0   192   10   0   0   0   0
4   0   78   15   4   0   78   15   0   0   0   0
7   0   78   23   7   0   78   23   0   0   0   0
8   0   77   26   8   0   77   26   0   0   0   0
5   0   74   26   5   0   74   26   0   0   0   0
3   0   37   30   3   0   37   30   0   0   0   0
5   0   43   32   5   0   43   32   0   0   0   0
5   0   44   38   5   0   44   38   0   0   0   0
2   0   33   47   2   0   33   47   0   0   0   0
5   0   33   13   5   0   33   13   0   0   0   0
5   0   39   28   5   0   39   28   0   0   0   0
4   0   43   25   4   0   43   25   0   0   0   0
4   0   32   17   4   0   32   17   0   0   0   0
3   0   66   10   3   0   66   10   0   0   0   0
3   0   71   11   3   0   71   11   0   0   0   0
8   0   71   13   8   0   71   13   0   0   0   0
3   0   63   12   3   0   63   12   0   0   0   0
2   0   184   14   2   0   184   14   0   0   0   0
3   0   199   13   3   0   199   13   0   0   0   0
3   0   211   3   3   0   211   3   0   0   0   0
0   0   185   7   0   0   185   7   0   0   0   0
4   0   243   7   4   0   243   7   0   0   0   0
1   0   268   18   1   0   268   18   0   0   0   0
5   0   274   11   5   0   274   11   0   0   0   0
2   0   214   13   2   0   214   13   0   0   0   0
5   0   86   33   5   0   86   33   0   0   0   0
5   0   91   23   5   0   91   23   0   0   0   0
7   0   101   34   7   0   101   34   0   0   0   0
3   0   91   24   3   0   91   24   0   0   0   0
3   0   41   27   3   0   41   27   0   0   0   0
5   0   44   26   5   0   44   26   0   0   0   0
4   0   40   35   4   0   40   35   0   0   0   0
2   0   44   24   2   0   44   24   0   0   0   0
2   0   45   29   2   0   45   29   0   0   0   0
5   0   59   19   5   0   59   19   0   0   0   0
7   0   57   41   7   0   57   41   0   0   0   0
4   0   37   25   4   0   37   25   0   0   0   0
6   0   90   19   6   0   90   19   0   0   0   0
8   0   87   31   8   0   87   31   0   0   0   0
7   0   97   30   7   0   97   30   0   0   0   0
6   0   90   24   6   0   90   24   0   0   0   0
2   0   229   6   2   0   229   6   0   0   0   0
1   0   242   16   1   0   242   16   0   0   0   0
3   0   265   10   3   0   265   10   0   0   0   0
0   0   225   12   0   0   225   12   0   0   0   0
1   0   120   3   1   0   120   3   0   0   0   0
1   0   135   8   1   0   135   8   0   0   0   0
2   0   133   3   2   0   133   3   0   0   0   0
0   0   109   1   0   0   109   1   0   0   0   0
1   0   33   11   1   0   33   11   0   0   0   0
1   0   52   11   1   0   52   11   0   0   0   0
5   0   47   10   5   0   47   10   0   0   0   0
1   0   43   7   1   0   43   7   0   0   0   0
3   0   27   5   3   0   27   5   0   0   0   0
3   0   27   8   3   0   27   8   0   0   0   0
2   0   24   27   2   0   24   27   0   0   0   0
1   0   19   4   1   0   19   4   0   0   0   0
0   0   18   7   0   0   18   7   0   0   0   0
2   0   24   17   2   0   24   17   0   0   0   0
4   0   22   14   4   0   22   14   0   0   0   0
2   0   20   8   2   0   20   8   0   0   0   0
4   0   54   17   4   0   54   17   0   0   0   0
3   0   53   10   3   0   53   10   0   0   0   0
1   0   64   13   1   0   64   13   0   0   0   0
2   0   38   12   2   0   38   12   0   0   0   0
0   0   107   6   0   0   107   6   0   0   0   0
0   0   124   6   0   0   124   6   0   0   0   0
1   0   120   12   1   0   120   12   0   0   0   0
0   0   98   7   0   0   98   7   0   0   0   0
1   0   162   3   1   0   162   3   0   0   0   0
1   0   206   12   1   0   206   12   0   0   0   0
3   0   228   11   3   0   228   11   0   0   0   0
3   0   165   5   3   0   165   5   0   0   0   0
2   0   58   10   2   0   58   10   0   0   0   0
2   0   56   13   2   0   56   13   0   0   0   0
3   0   53   8   3   0   53   8   0   0   0   0
3   0   67   7   3   0   67   7   0   0   0   0
5   0   36   7   5   0   36   7   0   0   0   0
3   0   32   24   3   0   32   24   0   0   0   0
2   0   40   16   2   0   40   16   0   0   0   0
4   0   36   6   4   0   36   6   0   0   0   0
5   0   35   5   5   0   35   5   0   0   0   0
4   0   38   34   4   0   38   34   0   0   0   0
7   0   47   40   7   0   47   40   0   0   0   0
10   0   44   17   10   0   44   17   0   0   0   0
1   0   53   34   1   0   53   34   0   0   0   0
2   0   72   22   2   0   72   22   0   0   0   0
4   0   68   30   4   0   68   30   0   0   0   0
3   0   69   26   3   0   69   26   0   0   0   0
1   0   191   8   1   0   191   8   0   0   0   0
4   0   198   6   4   0   198   6   0   0   0   0
4   0   216   3   4   0   216   3   0   0   0   0
3   0   170   9   3   0   170   9   0   0   0   0
2   0   146   3   2   0   146   3   0   0   0   0
3   0   161   8   3   0   161   8   0   0   0   0
1   0   146   5   1   0   146   5   0   0   0   0
0   0   125   6   0   0   125   6   0   0   0   0
2   0   44   9   2   0   44   9   0   0   0   0
3   0   53   11   3   0   53   11   0   0   0   0
3   0   59   4   3   0   59   4   0   0   0   0
0   0   42   7   0   0   42   7   0   0   0   0
1   0   27   9   1   0   27   9   0   0   0   0
5   0   23   13   5   0   23   13   0   0   0   0
3   0   27   7   3   0   27   7   0   0   0   0
3   0   24   11   3   0   24   11   0   0   0   0
3   0   32   10   3   0   32   10   0   0   0   0
5   0   19   28   5   0   19   28   0   0   0   0
0   0   23   19   0   0   23   19   0   0   0   0
4   0   21   9   4   0   21   9   0   0   0   0
4   0   51   33   4   0   51   33   0   0   0   0
3   0   54   44   3   0   54   44   0   0   0   0
3   0   46   37   3   0   46   37   0   0   0   0
1   0   49   32   1   0   49   32   0   0   0   0
1   0   128   9   1   0   128   9   0   0   0   0
2   0   165   4   2   0   165   4   0   0   0   0
2   0   163   8   2   0   163   8   0   0   0   0
0   0   128   5   0   0   128   5   0   0   0   0
6   0   164   14   6   0   164   14   0   0   0   0
9   0   202   15   9   0   202   15   0   0   0   0
7   0   210   14   7   0   210   14   0   0   0   0
6   0   203   14   6   0   203   14   0   0   0   0
9   0   77   17   9   0   77   17   0   0   0   0
9   0   109   20   9   0   109   20   0   0   0   0
7   0   109   31   7   0   109   31   0   0   0   0
6   0   95   18   6   0   95   18   0   0   0   0
3   0   35   13   3   0   35   13   0   0   0   0
10   0   59   13   10   0   59   13   0   0   0   0
6   0   58   21   6   0   58   21   0   0   0   0
4   0   41   21   4   0   41   21   0   0   0   0
3   0   42   42   3   0   42   42   0   0   0   0
7   0   45   33   7   0   45   33   0   0   0   0
6   0   58   25   6   0   58   25   0   0   0   0
2   0   37   38   2   0   37   38   0   0   0   0
2   0   81   31   2   0   81   31   0   0   0   0
9   0   88   61   9   0   88   61   0   0   0   0
6   0   99   43   6   0   99   43   0   0   0   0
8   0   91   26   8   0   91   26   0   0   0   0
6   0   167   9   6   0   167   9   0   0   0   0
7   0   209   19   7   0   209   19   0   0   0   0
10   0   217   23   10   0   217   23   0   0   0   0
3   0   181   14   3   0   181   14   0   0   0   0
7   0   235   30   7   0   235   30   0   0   0   0
16   0   270   53   16   0   270   53   0   0   0   0
15   0   236   67   15   0   236   67   0   0   0   0
8   0   217   34   8   0   217   34   0   0   0   0
3   0   103   42   3   0   103   42   0   0   0   0
8   0   124   37   8   0   124   37   0   0   0   0
6   0   134   38   6   0   134   38   0   0   0   0
2   0   91   35   2   0   91   35   0   0   0   0
3   0   46   37   3   0   46   37   0   0   0   0
5   0   49   17   5   0   49   17   0   0   0   0
8   0   60   16   8   0   60   16   0   0   0   0
3   0   48   30   3   0   48   30   0   0   0   0
7   0   76   24   7   0   76   24   0   0   0   0
5   0   59   12   5   0   59   12   0   0   0   0
5   0   52   12   5   0   52   12   0   0   0   0
6   0   55   38   6   0   55   38   0   0   0   0
7   0   110   29   7   0   110   29   0   0   0   0
9   0   106   37   9   0   106   37   0   0   0   0
5   0   121   36   5   0   121   36   0   0   0   0
7   0   115   32   7   0   115   32   0   0   0   0
5   0   234   27   5   0   234   27   0   0   0   0
9   0   275   64   9   0   275   64   0   0   0   0
10   0   249   65   10   0   249   65   0   0   0   0
5   0   231   28   5   0   231   28   0   0   0   0
2   0   113   9   2   0   113   9   0   0   0   0
4   0   127   16   4   0   127   16   0   0   0   0
3   0   116   17   3   0   116   17   0   0   0   0
4   0   125   9   4   0   125   9   0   0   0   0
2   0   49   8   2   0   49   8   0   0   0   0
2   0   62   38   2   0   62   38   0   0   0   0
6   0   48   66   6   0   48   66   0   0   0   0
3   0   51   10   3   0   51   10   0   0   0   0
2   0   23   12   2   0   23   12   0   0   0   0
0   0   25   18   0   0   25   18   0   0   0   0
4   0   22   25   4   0   22   25   0   0   0   0
1   0   26   10   1   0   26   10   0   0   0   0
4   0   21   13   4   0   21   13   0   0   0   0
2   0   24   6   2   0   24   6   0   0   0   0
6   0   20   8   6   0   20   8   0   0   0   0
2   0   32   13   2   0   32   13   0   0   0   0
2   0   33   7   2   0   33   7   0   0   0   0
2   0   63   6   2   0   63   6   0   0   0   0
3   0   65   9   3   0   65   9   0   0   0   0
3   0   40   9   3   0   40   9   0   0   0   0
6   0   105   14   6   0   105   14   0   0   0   0
1   0   124   10   1   0   124   10   0   0   0   0
1   0   123   9   1   0   123   9   0   0   0   0
3   0   119   6   3   0   119   6   0   0   0   0
3   0   152   15   3   0   152   15   0   0   0   0
6   0   184   10   6   0   184   10   0   0   0   0
5   0   165   15   5   0   165   15   0   0   0   0
4   0   165   16   4   0   165   16   0   0   0   0
10   0   85   16   10   0   85   16   0   0   0   0
2   0   84   29   2   0   84   29   0   0   0   0
7   0   95   20   7   0   95   20   0   0   0   0
8   0   81   17   8   0   81   17   0   0   0   0
3   0   34   14   3   0   34   14   0   0   0   0
6   0   46   82   6   0   46   82   0   0   0   0
8   0   39   76   8   0   39   76   0   0   0   0
4   0   49   16   4   0   49   16   0   0   0   0
7   0   39   53   7   0   39   53   0   0   0   0
5   0   57   31   5   0   57   31   0   0   0   0
5   0   43   26   5   0   43   26   0   0   0   0
7   0   40   39   7   0   40   39   0   0   0   0
3   0   64   19   3   0   64   19   0   0   0   0
9   0   110   13   9   0   110   13   0   0   0   0
3   0   93   11   3   0   93   11   0   0   0   0
6   0   73   14   6   0   73   14   0   0   0   0
8   0   206   10   8   0   206   10   0   0   0   0
4   0   192   21   4   0   192   21   0   0   0   0
6   0   184   19   6   0   184   19   0   0   0   0
2   0   172   14   2   0   172   14   0   0   0   0
7   0   127   3   7   0   127   3   0   0   0   0
4   0   124   11   4   0   124   11   0   0   0   0
1   0   153   14   1   0   153   14   0   0   0   0
6   0   122   13   6   0   122   13   0   0   0   0
1   0   73   11   1   0   73   11   0   0   0   0
3   0   66   12   3   0   66   12   0   0   0   0
4   0   79   11   4   0   79   11   0   0   0   0
5   0   51   11   5   0   51   11   0   0   0   0
2   0   36   8   2   0   36   8   0   0   0   0
3   0   31   31   3   0   31   31   0   0   0   0
2   0   31   33   2   0   31   33   0   0   0   0
4   0   35   9   4   0   35   9   0   0   0   0
5   0   33   39   5   0   33   39   0   0   0   0
3   0   37   53   3   0   37   53   0   0   0   0
6   0   42   46   6   0   42   46   0   0   0   0
2   0   40   43   2   0   40   43   0   0   0   0
3   0   61   10   3   0   61   10   0   0   0   0
5   0   74   15   5   0   74   15   0   0   0   0
2   0   66   15   2   0   66   15   0   0   0   0
5   0   54   13   5   0   54   13   0   0   0   0
4   0   144   13   4   0   144   13   0   0   0   0
4   0   157   15   4   0   157   15   0   0   0   0
3   0   147   14   3   0   147   14   0   0   0   0
6   0   153   12   6   0   153   12   0   0   0   0
19   0   350   45   19   0   350   45   0   0   0   0
25   0   372   57   25   0   372   57   0   0   0   0
21   0   323   41   21   0   323   41   0   0   0   0
30   0   355   44   30   0   355   44   0   0   0   0
31   1   318   68   31   1   318   68   0   0   0   0
36   2   378   88   36   2   378   88   0   0   0   0
36   0   353   73   36   0   353   73   0   0   0   0
33   2   278   70   33   2   278   70   0   0   0   0
22   0   143   34   22   0   143   34   0   0   0   0
18   1   174   49   18   1   174   49   0   0   0   0
18   1   159   55   18   1   159   55   0   0   0   0
16   0   143   45   16   0   143   45   0   0   0   0
15   0   142   42   15   0   142   42   0   0   0   0
15   0   157   50   15   0   157   50   0   0   0   0
15   0   161   46   15   0   161   46   0   0   0   0
17   0   142   38   17   0   142   38   0   0   0   0
22   0   317   93   22   0   317   93   0   0   0   0
41   1   333   109   41   1   333   109   0   0   0   0
36   0   362   123   36   0   362   123   0   0   0   0
31   0   300   102   31   0   300   102   0   0   0   0
17   1   308   72   17   1   308   72   0   0   0   0
18   0   369   124   18   0   369   124   0   0   0   0
17   0   404   144   17   0   404   144   0   0   0   0
19   0   286   89   19   0   286   89   0   0   0   0
19   1   394   98   19   1   394   98   0   0   0   0
19   0   439   126   19   0   439   126   0   0   0   0
28   0   455   104   28   0   455   104   0   0   0   0
28   0   467   90   28   0   467   90   0   0   0   0
36   0   346   86   36   0   346   86   0   0   0   0
50   0   439   99   50   0   439   99   0   0   0   0
31   0   436   89   31   0   436   89   0   0   0   0
34   1   353   108   34   1   353   108   0   0   0   0
17   0   182   38   17   0   182   38   0   0   0   0
32   1   260   74   32   1   260   74   0   0   0   0
19   1   206   55   19   1   206   55   0   0   0   0
23   0   179   62   23   0   179   62   0   0   0   0
15   0   202   50   15   0   202   50   0   0   0   0
23   0   216   57   23   0   216   57   0   0   0   0
24   1   209   47   24   1   209   47   0   0   0   0
34   1   210   53   34   1   210   53   0   0   0   0
25   1   361   81   25   1   361   81   0   0   0   0
38   1   371   103   38   1   371   103   0   0   0   0
31   1   383   74   31   1   383   74   0   0   0   0
27   1   382   89   27   1   382   89   0   0   0   0
17   0   371   68   17   0   371   68   0   0   0   0
36   1   488   100   36   1   488   100   0   0   0   0
25   2   488   99   25   2   488   99   0   0   0   0
19   0   390   76   19   0   390   76   0   0   0   0
5   0   192   108   5   0   192   108   0   0   0   0
11   1   243   190   11   1   243   190   0   0   0   0
13   2   217   221   13   2   217   221   0   0   0   0
16   0   195   108   16   0   195   108   0   0   0   0
17   0   195   95   17   0   195   95   0   0   0   0
14   0   173   94   14   0   173   94   0   0   0   0
13   0   188   90   13   0   188   90   0   0   0   0
17   1   175   102   17   1   175   102   0   0   0   0
12   0   82   25   12   0   82   25   0   0   0   0
9   0   91   30   9   0   91   30   0   0   0   0
14   1   102   13   14   1   102   13   0   0   0   0
11   1   105   30   11   1   105   30   0   0   0   0
17   0   96   23   17   0   96   23   0   0   0   0
15   0   96   26   15   0   96   26   0   0   0   0
6   0   101   30   6   0   101   30   0   0   0   0
15   0   91   25   15   0   91   25   0   0   0   0
17   0   181   36   17   0   181   36   0   0   0   0
24   0   225   32   24   0   225   32   0   0   0   0
17   0   195   32   17   0   195   32   0   0   0   0
22   0   166   32   22   0   166   32   0   0   0   0
12   2   215   46   12   2   215   46   0   0   0   0
19   1   216   29   19   1   216   29   0   0   0   0
10   0   185   31   10   0   185   31   0   0   0   0
11   0   213   35   11   0   213   35   0   0   0   0
10   0   287   54   10   0   287   54   0   0   0   0
23   1   384   132   23   1   384   132   0   0   0   0
17   0   359   110   17   0   359   110   0   0   0   0
19   1   285   42   19   1   285   42   0   0   0   0
24   0   290   190   24   0   290   190   0   0   0   0
26   0   329   259   26   0   329   259   0   0   0   0
31   1   342   312   31   1   342   312   0   0   0   0
28   0   315   163   28   0   315   163   0   0   0   0
16   1   147   100   16   1   147   100   0   0   0   0
19   1   161   61   19   1   161   61   0   0   0   0
11   0   146   68   11   0   146   68   0   0   0   0
22   1   153   83   22   1   153   83   0   0   0   0
14   1   112   28   14   1   112   28   0   0   0   0
24   2   180   45   24   2   180   45   0   0   0   0
19   0   146   59   19   0   146   59   0   0   0   0
16   1   146   42   16   1   146   42   0   0   0   0
29   1   274   57   29   1   274   57   0   0   0   0
34   0   319   83   34   0   319   83   0   0   0   0
28   1   314   57   28   1   314   57   0   0   0   0
22   0   272   62   22   0   272   62   0   0   0   0
19   0   367   40   19   0   367   40   0   0   0   0
23   1   292   52   23   1   292   52   0   0   0   0
19   1   301   48   19   1   301   48   0   0   0   0
21   0   360   55   21   0   360   55   0   0   0   0
21   0   214   32   21   0   214   32   0   0   0   0
12   0   231   49   12   0   231   49   0   0   0   0
13   0   260   41   13   0   260   41   0   0   0   0
15   0   206   38   15   0   206   38   0   0   0   0
17   0   207   109   17   0   207   109   0   0   0   0
19   2   235   170   19   2   235   170   0   0   0   0
20   0   226   153   20   0   226   153   0   0   0   0
21   0   241   100   21   0   241   100   0   0   0   0
15   0   113   116   15   0   113   116   0   0   0   0
17   0   110   107   17   0   110   107   0   0   0   0
18   0   102   112   18   0   102   112   0   0   0   0
16   0   105   133   16   0   105   133   0   0   0   0
16   1   100   34   16   1   100   34   0   0   0   0
13   0   111   37   13   0   111   37   0   0   0   0
17   0   125   28   17   0   125   28   0   0   0   0
13   1   104   35   13   1   104   35   0   0   0   0
16   1   205   53   16   1   205   53   0   0   0   0
23   1   252   68   23   1   252   68   0   0   0   0
21   1   244   61   21   1   244   61   0   0   0   0
20   0   219   54   20   0   219   54   0   0   0   0
12   0   236   42   12   0   236   42   0   0   0   0
12   0   247   38   12   0   247   38   0   0   0   0
12   0   256   37   12   0   256   37   0   0   0   0
20   0   246   48   20   0   246   48   0   0   0   0
16   1   179   45   16   1   179   45   0   0   0   0
18   0   176   43   18   0   176   43   0   0   0   0
16   2   178   46   16   2   178   46   0   0   0   0
27   0   232   48   27   0   232   48   0   0   0   0
48   2   308   88   48   2   308   88   0   0   0   0
56   4   340   93   56   4   340   93   0   0   0   0
51   4   316   101   51   4   316   101   0   0   0   0
37   2   295   84   37   2   295   84   0   0   0   0
22   2   204   72   22   2   204   72   0   0   0   0
31   0   218   74   31   0   218   74   0   0   0   0
30   2   223   86   30   2   223   86   0   0   0   0
24   2   206   83   24   2   206   83   0   0   0   0
34   2   204   68   34   2   204   68   0   0   0   0
39   0   249   70   39   0   249   70   0   0   0   0
36   2   257   72   36   2   257   72   0   0   0   0
26   2   207   71   26   2   207   71   0   0   0   0
44   2   283   87   44   2   283   87   0   0   0   0
54   1   320   104   54   1   320   104   0   0   0   0
48   2   370   97   48   2   370   97   0   0   0   0
33   1   275   91   33   1   275   91   0   0   0   0
14   0   162   28   14   0   162   28   0   0   0   0
18   1   222   68   18   1   222   68   0   0   0   0
22   1   241   50   22   1   241   50   0   0   0   0
20   0   165   28   20   0   165   28   0   0   0   0
23   1   327   73   23   1   327   73   0   0   0   0
28   2   275   62   28   2   275   62   0   0   0   0
21   3   272   60   21   3   272   60   0   0   0   0
36   3   360   73   36   3   360   73   0   0   0   0
39   0   384   106   39   0   384   106   0   0   0   0
49   2   336   124   49   2   336   124   0   0   0   0
33   2   342   115   33   2   342   115   0   0   0   0
50   1   364   123   50   1   364   123   0   0   0   0
30   0   242   74   30   0   242   74   0   0   0   0
38   2   303   85   38   2   303   85   0   0   0   0
17   0   239   67   17   0   239   67   0   0   0   0
39   0   239   73   39   0   239   73   0   0   0   0
33   0   246   64   33   0   246   64   0   0   0   0
39   2   250   91   39   2   250   91   0   0   0   0
47   0   267   79   47   0   267   79   0   0   0   0
36   2   241   70   36   2   241   70   0   0   0   0
25   0   312   76   25   0   312   76   0   0   0   0
45   1   401   115   45   1   401   115   0   0   0   0
45   2   366   115   45   2   366   115   0   0   0   0
47   2   320   107   47   2   320   107   0   0   0   0
20   0   283   46   20   0   283   46   0   0   0   0
30   1   370   87   30   1   370   87   0   0   0   0
23   4   361   87   23   4   361   87   0   0   0   0
22   1   228   62   22   1   228   62   0   0   0   0
16   2   125   52   16   2   125   52   0   0   0   0
17   2   195   59   17   2   195   59   0   0   0   0
17   1   181   68   17   1   181   68   0   0   0   0
15   0   151   51   15   0   151   51   0   0   0   0
21   0   156   49   21   0   156   49   0   0   0   0
24   1   181   57   24   1   181   57   0   0   0   0
27   3   204   52   27   3   204   52   0   0   0   0
16   0   150   39   16   0   150   39   0   0   0   0
10   0   120   28   10   0   120   28   0   0   0   0
13   0   124   42   13   0   124   42   0   0   0   0
16   1   116   42   16   1   116   42   0   0   0   0
15   0   106   40   15   0   106   40   0   0   0   0
16   2   110   30   16   2   110   30   0   0   0   0
16   0   100   35   16   0   100   35   0   0   0   0
17   0   130   41   17   0   130   41   0   0   0   0
20   1   109   45   20   1   109   45   0   0   0   0
16   1   151   48   16   1   151   48   0   0   0   0
21   1   153   44   21   1   153   44   0   0   0   0
18   1   170   46   18   1   170   46   0   0   0   0
26   1   181   55   26   1   181   55   0   0   0   0
16   0   180   30   16   0   180   30   0   0   0   0
13   0   147   35   13   0   147   35   0   0   0   0
15   0   165   36   15   0   165   36   0   0   0   0
15   1   158   34   15   1   158   34   0   0   0   0
12   0   156   124   12   0   156   124   0   0   0   0
21   0   271   213   21   0   271   213   0   0   0   0
34   0   266   233   34   0   266   233   0   0   0   0
19   1   156   126   19   1   156   126   0   0   0   0
38   3   283   109   38   3   283   109   0   0   0   0
42   5   326   111   42   5   326   111   0   0   0   0
39   1   338   111   39   1   338   111   0   0   0   0
30   1   236   122   30   1   236   122   0   0   0   0
28   0   211   59   28   0   211   59   0   0   0   0
47   1   227   73   47   1   227   73   0   0   0   0
29   0   229   58   29   0   229   58   0   0   0   0
26   1   200   72   26   1   200   72   0   0   0   0
17   1   198   61   17   1   198   61   0   0   0   0
31   2   210   61   31   2   210   61   0   0   0   0
31   0   213   60   31   0   213   60   0   0   0   0
26   0   203   60   26   0   203   60   0   0   0   0
35   2   310   80   35   2   310   80   0   0   0   0
27   1   292   74   27   1   292   74   0   0   0   0
33   0   274   77   33   0   274   77   0   0   0   0
39   1   292   91   39   1   292   91   0   0   0   0
22   0   231   52   22   0   231   52   0   0   0   0
17   1   174   38   17   1   174   38   0   0   0   0
7   1   165   43   7   1   165   43   0   0   0   0
17   0   258   53   17   0   258   53   0   0   0   0
15   0   126   27   15   0   126   27   0   0   0   0
8   0   154   79   8   0   154   79   0   0   0   0
17   0   139   71   17   0   139   71   0   0   0   0
7   0   110   39   7   0   110   39   0   0   0   0
22   1   201   139   22   1   201   139   0   0   0   0
20   0   235   127   20   0   235   127   0   0   0   0
31   1   253   138   31   1   253   138   0   0   0   0
38   0   229   143   38   0   229   143   0   0   0   0
22   0   165   38   22   0   165   38   0   0   0   0
23   0   162   61   23   0   162   61   0   0   0   0
16   0   176   48   16   0   176   48   0   0   0   0
27   1   149   39   27   1   149   39   0   0   0   0
21   0   170   46   21   0   170   46   0   0   0   0
22   2   152   46   22   2   152   46   0   0   0   0
21   0   164   57   21   0   164   57   0   0   0   0
25   0   161   36   25   0   161   36   0   0   0   0
23   2   214   73   23   2   214   73   0   0   0   0
40   0   229   76   40   0   229   76   0   0   0   0
23   0   229   57   23   0   229   57   0   0   0   0
27   0   222   78   27   0   222   78   0   0   0   0
14   0   153   28   14   0   153   28   0   0   0   0
16   0   120   18   16   0   120   18   0   0   0   0
13   0   131   29   13   0   131   29   0   0   0   0
11   0   135   36   11   0   135   36   0   0   0   0
118   6   895   286   118   6   895   286   0   0   0   0
72   5   591   194   72   5   591   194   0   0   0   0
93   6   609   188   93   6   609   188   0   0   0   0
108   4   818   269   108   4   818   269   0   0   0   0
323   24   1831   752   323   24   1831   752   0   0   0   0
288   14   1682   718   288   14   1682   718   0   0   0   0
292   18   1669   700   292   18   1669   700   0   0   0   0
302   23   1867   842   302   23   1867   842   0   0   0   0
260   12   1522   716   260   12   1522   716   0   0   0   0
316   11   1628   708   316   11   1628   708   0   0   0   0
312   12   1649   673   312   12   1649   673   0   0   0   0
299   17   1591   706   299   17   1591   706   0   0   0   0
273   17   1449   700   273   17   1449   700   0   0   0   0
321   15   1742   776   321   15   1742   776   0   0   0   0
315   29   1769   755   315   29   1769   755   0   0   0   0
299   17   1555   695   299   17   1555   695   0   0   0   0
249   13   1487   608   249   13   1487   608   0   0   0   0
358   27   2057   828   358   27   2057   828   0   0   0   0
350   24   2091   836   350   24   2091   836   0   0   0   0
250   12   1445   654   250   12   1445   654   0   0   0   0
77   3   467   181   77   3   467   181   0   0   0   0
88   13   907   331   88   13   907   331   0   0   0   0
128   5   911   291   128   5   911   291   0   0   0   0
42   7   465   171   42   7   465   171   0   0   0   0
241   23   1763   557   241   23   1763   557   0   0   0   0
172   22   1264   450   172   22   1264   450   0   0   0   0
173   11   1348   439   173   11   1348   439   0   0   0   0
232   15   1757   631   232   15   1757   631   0   0   0   0
385   21   2233   906   385   21   2233   906   0   0   0   0
329   15   1816   797   329   15   1816   797   0   0   0   0
264   15   1814   711   264   15   1814   711   0   0   0   0
370   33   2244   1017   370   33   2244   1017   0   0   0   0
249   11   1575   645   249   11   1575   645   0   0   0   0
299   11   1541   693   299   11   1541   693   0   0   0   0
248   11   1506   647   248   11   1506   647   0   0   0   0
336   9   1598   800   336   9   1598   800   0   0   0   0
256   10   1394   563   256   10   1394   563   0   0   0   0
306   19   1644   831   306   19   1644   831   0   0   0   0
303   21   1677   742   303   21   1677   742   0   0   0   0
252   16   1338   625   252   16   1338   625   0   0   0   0
256   17   1518   662   256   17   1518   662   0   0   0   0
451   18   2459   1031   451   18   2459   1031   0   0   0   0
389   24   2478   1020   389   24   2478   1020   0   0   0   0
254   8   1566   646   254   8   1566   646   0   0   0   0
127   13   1149   412   127   13   1149   412   0   0   0   0
261   30   1801   653   261   30   1801   653   0   0   0   0
243   20   1862   705   243   20   1862   705   0   0   0   0
147   12   1186   350   147   12   1186   350   0   0   0   0
89   10   699   228   89   10   699   228   0   0   0   0
118   16   1008   357   118   16   1008   357   0   0   0   0
139   10   1075   339   139   10   1075   339   0   0   0   0
74   7   676   221   74   7   676   221   0   0   0   0
117   6   800   301   117   6   800   301   0   0   0   0
183   13   1057   453   183   13   1057   453   0   0   0   0
162   11   1104   477   162   11   1104   477   0   0   0   0
131   4   787   367   131   4   787   367   0   0   0   0
97   2   615   213   97   2   615   213   0   0   0   0
146   10   677   334   146   10   677   334   0   0   0   0
123   5   689   262   123   5   689   262   0   0   0   0
90   2   559   305   90   2   559   305   0   0   0   0
92   2   642   254   92   2   642   254   0   0   0   0
140   3   652   326   140   3   652   326   0   0   0   0
107   8   627   286   107   8   627   286   0   0   0   0
127   6   626   285   127   6   626   285   0   0   0   0
155   7   1018   405   155   7   1018   405   0   0   0   0
168   4   840   378   168   4   840   378   0   0   0   0
138   4   843   358   138   4   843   358   0   0   0   0
164   9   997   458   164   9   997   458   0   0   0   0
115   15   939   357   115   15   939   357   0   0   0   0
90   9   770   258   90   9   770   258   0   0   0   0
112   10   766   265   112   10   766   265   0   0   0   0
110   13   916   346   110   13   916   346   0   0   0   0
65   4   620   237   65   4   620   237   0   0   0   0
166   4   1185   427   166   4   1185   427   0   0   0   0
167   12   1210   421   167   12   1210   421   0   0   0   0
89   3   632   226   89   3   632   226   0   0   0   0
186   9   1170   488   186   9   1170   488   0   0   0   0
336   6   1906   865   336   6   1906   865   0   0   0   0
317   16   1951   798   317   16   1951   798   0   0   0   0
227   8   1259   514   227   8   1259   514   0   0   0   0
237   8   1226   526   237   8   1226   526   0   0   0   0
267   13   1462   701   267   13   1462   701   0   0   0   0
257   9   1488   654   257   9   1488   654   0   0   0   0
245   4   1226   514   245   4   1226   514   0   0   0   0
221   8   1374   564   221   8   1374   564   0   0   0   0
276   6   1333   577   276   6   1333   577   0   0   0   0
234   11   1358   604   234   11   1358   604   0   0   0   0
263   9   1371   644   263   9   1371   644   0   0   0   0
292   20   1944   720   292   20   1944   720   0   0   0   0
238   9   1374   551   238   9   1374   551   0   0   0   0
232   6   1342   558   232   6   1342   558   0   0   0   0
304   10   1846   779   304   10   1846   779   0   0   0   0
151   12   1115   392   151   12   1115   392   0   0   0   0
92   2   700   203   92   2   700   203   0   0   0   0
76   9   672   239   76   9   672   239   0   0   0   0
141   14   1081   365   141   14   1081   365   0   0   0   0
42   2   313   179   42   2   313   179   0   0   0   0
69   3   556   250   69   3   556   250   0   0   0   0
70   3   583   260   70   3   583   260   0   0   0   0
50   0   342   195   50   0   342   195   0   0   0   0
178   1   1067   492   178   1   1067   492   0   0   0   0
234   5   1501   629   234   5   1501   629   0   0   0   0
239   4   1419   629   239   4   1419   629   0   0   0   0
201   4   1106   431   201   4   1106   431   0   0   0   0
196   4   1118   458   196   4   1118   458   0   0   0   0
206   5   1258   577   206   5   1258   577   0   0   0   0
202   4   1284   575   202   4   1284   575   0   0   0   0
181   4   1046   479   181   4   1046   479   0   0   0   0
197   4   1096   519   197   4   1096   519   0   0   0   0
223   5   1233   549   223   5   1233   549   0   0   0   0
213   1   1173   562   213   1   1173   562   0   0   0   0
219   7   1171   503   219   7   1171   503   0   0   0   0
222   6   1349   567   222   6   1349   567   0   0   0   0
211   4   1292   488   211   4   1292   488   0   0   0   0
215   5   1198   464   215   5   1198   464   0   0   0   0
199   3   1326   574   199   3   1326   574   0   0   0   0
61   3   548   186   61   3   548   186   0   0   0   0
59   2   377   136   59   2   377   136   0   0   0   0
65   0   404   148   65   0   404   148   0   0   0   0
71   0   494   194   71   0   494   194   0   0   0   0
3133   202   19025   7197   3133   202   19025   7197   0   0   0   0
1995   133   12100   4506   1995   133   12100   4506   0   0   0   0
2017   152   12078   4652   2017   152   12078   4652   0   0   0   0
3160   243   18941   7256   3160   243   18941   7256   0   0   0   0
9482   485   48637   20987   9482   485   48637   20987   0   0   0   0
8126   432   40819   18068   8126   432   40819   18068   0   0   0   0
8346   418   40994   17980   8346   418   40994   17980   0   0   0   0
9918   475   48911   21353   9918   475   48911   21353   0   0   0   0
9060   378   42103   19407   9060   378   42103   19407   0   0   0   0
9359   395   43109   20155   9359   395   43109   20155   0   0   0   0
9336   425   42972   19880   9336   425   42972   19880   0   0   0   0
9219   381   42592   19873   9219   381   42592   19873   0   0   0   0
8380   379   39057   18337   8380   379   39057   18337   0   0   0   0
9935   407   46163   21982   9935   407   46163   21982   0   0   0   0
9985   422   46288   21346   9985   422   46288   21346   0   0   0   0
8520   346   39271   18130   8520   346   39271   18130   0   0   0   0
7508   359   36926   16122   7508   359   36926   16122   0   0   0   0
10633   585   52438   23373   10633   585   52438   23373   0   0   0   0
10340   551   52562   22823   10340   551   52562   22823   0   0   0   0
7567   379   36911   16085   7567   379   36911   16085   0   0   0   0
1814   136   10673   3967   1814   136   10673   3967   0   0   0   0
3473   250   20716   7847   3473   250   20716   7847   0   0   0   0
3361   258   20466   7658   3361   258   20466   7658   0   0   0   0
1767   127   10424   4093   1767   127   10424   4093   0   0   0   0
7080   521   43220   15848   7080   521   43220   15848   0   0   0   0
5394   408   32103   11673   5394   408   32103   11673   0   0   0   0
5101   427   32188   11706   5101   427   32188   11706   0   0   0   0
7071   517   43088   15784   7071   517   43088   15784   0   0   0   0
11084   570   59518   24579   11084   570   59518   24579   0   0   0   0
9179   454   44482   19907   9179   454   44482   19907   0   0   0   0
8518   476   44580   18704   8518   476   44580   18704   0   0   0   0
12475   619   59881   26984   12475   619   59881   26984   0   0   0   0
8165   358   40784   17579   8165   358   40784   17579   0   0   0   0
8960   395   38869   19698   8960   395   38869   19698   0   0   0   0
7965   331   39064   17260   7965   331   39064   17260   0   0   0   0
9453   381   40587   20030   9453   381   40587   20030   0   0   0   0
7246   340   35467   15161   7246   340   35467   15161   0   0   0   0
10136   340   44168   22149   10136   340   44168   22149   0   0   0   0
8914   392   44472   19256   8914   392   44472   19256   0   0   0   0
8319   344   35504   17565   8319   344   35504   17565   0   0   0   0
7499   399   39617   16553   7499   399   39617   16553   0   0   0   0
13323   665   64755   29669   13323   665   64755   29669   0   0   0   0
12287   589   65260   26558   12287   589   65260   26558   0   0   0   0
8136   411   39654   18003   8136   411   39654   18003   0   0   0   0
4705   356   28616   10493   4705   356   28616   10493   0   0   0   0
7620   575   46599   17228   7620   575   46599   17228   0   0   0   0
7540   531   46759   16959   7540   531   46759   16959   0   0   0   0
4563   385   28705   10644   4563   385   28705   10644   0   0   0   0
2906   162   18139   6480   2906   162   18139   6480   0   0   0   0
4066   312   25502   9219   4066   312   25502   9219   0   0   0   0
4215   294   25523   8974   4215   294   25523   8974   0   0   0   0
2809   166   18003   6566   2809   166   18003   6566   0   0   0   0
3546   169   19249   8036   3546   169   19249   8036   0   0   0   0
6185   314   28841   13152   6185   314   28841   13152   0   0   0   0
5320   277   28709   11600   5320   277   28709   11600   0   0   0   0
3996   145   18931   8853   3996   145   18931   8853   0   0   0   0
2803   104   14419   6063   2803   104   14419   6063   0   0   0   0
4265   141   18012   9270   4265   141   18012   9270   0   0   0   0
3564   149   17927   7527   3564   149   17927   7527   0   0   0   0
3522   105   14558   7390   3522   105   14558   7390   0   0   0   0
3036   142   16175   6879   3036   142   16175   6879   0   0   0   0
3824   135   16004   8349   3824   135   16004   8349   0   0   0   0
3158   124   16055   6662   3158   124   16055   6662   0   0   0   0
4001   131   16397   8422   4001   131   16397   8422   0   0   0   0
4770   274   26527   10764   4770   274   26527   10764   0   0   0   0
4401   171   21421   9781   4401   171   21421   9781   0   0   0   0
4133   162   21640   8915   4133   162   21640   8915   0   0   0   0
5535   292   26501   12267   5535   292   26501   12267   0   0   0   0
3690   257   23153   8540   3690   257   23153   8540   0   0   0   0
3315   182   20149   7397   3315   182   20149   7397   0   0   0   0
3306   189   19970   7190   3306   189   19970   7190   0   0   0   0
3771   273   23087   8612   3771   273   23087   8612   0   0   0   0
2320   86   13858   4876   2320   86   13858   4876   0   0   0   0
4788   251   28855   10685   4788   251   28855   10685   0   0   0   0
4806   253   28543   10550   4806   253   28543   10550   0   0   0   0
2291   79   14050   5054   2291   79   14050   5054   0   0   0   0
5777   155   30183   12973   5777   155   30183   12973   0   0   0   0
10527   406   51230   22988   10527   406   51230   22988   0   0   0   0
10149   380   51824   21589   10149   380   51824   21589   0   0   0   0
6187   162   30392   13289   6187   162   30392   13289   0   0   0   0
6754   169   31665   14057   6754   169   31665   14057   0   0   0   0
8898   264   39568   19041   8898   264   39568   19041   0   0   0   0
8330   236   39574   17626   8330   236   39574   17626   0   0   0   0
7076   174   31429   14906   7076   174   31429   14906   0   0   0   0
7437   222   36022   16031   7437   222   36022   16031   0   0   0   0
7615   186   35267   16721   7615   186   35267   16721   0   0   0   0
7441   199   35039   16053   7441   199   35039   16053   0   0   0   0
8059   217   35830   17349   8059   217   35830   17349   0   0   0   0
9118   336   47971   20143   9118   336   47971   20143   0   0   0   0
6830   175   34082   15123   6830   175   34082   15123   0   0   0   0
6666   188   33853   14814   6666   188   33853   14814   0   0   0   0
9843   368   47660   21622   9843   368   47660   21622   0   0   0   0
4369   234   26706   10018   4369   234   26706   10018   0   0   0   0
2535   99   15672   5820   2535   99   15672   5820   0   0   0   0
2618   93   16093   5903   2618   93   16093   5903   0   0   0   0
4448   251   26766   9922   4448   251   26766   9922   0   0   0   0
1218   13   7428   2760   1218   13   7428   2760   0   0   0   0
2282   44   13331   5120   2282   44   13331   5120   0   0   0   0
2200   50   13354   4981   2200   50   13354   4981   0   0   0   0
1242   20   7361   2710   1242   20   7361   2710   0   0   0   0
5496   61   27141   11825   5496   61   27141   11825   0   0   0   0
7479   118   36962   16351   7479   118   36962   16351   0   0   0   0
7426   109   36861   15764   7426   109   36861   15764   0   0   0   0
5458   59   27440   11576   5458   59   27440   11576   0   0   0   0
6202   72   28493   13139   6202   72   28493   13139   0   0   0   0
7333   99   33340   15314   7333   99   33340   15314   0   0   0   0
7084   89   33126   15418   7084   89   33126   15418   0   0   0   0
6257   82   28811   13519   6257   82   28811   13519   0   0   0   0
6521   94   30375   14254   6521   94   30375   14254   0   0   0   0
6847   67   31470   14781   6847   67   31470   14781   0   0   0   0
6726   87   31553   14662   6726   87   31553   14662   0   0   0   0
6575   76   30545   14234   6575   76   30545   14234   0   0   0   0
6792   124   34492   14736   6792   124   34492   14736   0   0   0   0
6074   72   30319   13138   6074   72   30319   13138   0   0   0   0
6089   74   30232   13384   6089   74   30232   13384   0   0   0   0
6859   102   33699   15128   6859   102   33699   15128   0   0   0   0
2036   23   12505   4788   2036   23   12505   4788   0   0   0   0
1362   25   8335   3117   1362   25   8335   3117   0   0   0   0
1346   17   8285   3082   1346   17   8285   3082   0   0   0   0
2044   41   12320   4720   2044   41   12320   4720   0   0   0   0
0   2   0   55   0   2   0   55   0   0   0   0
0   2   0   44   0   2   0   44   0   0   0   0
0   2   0   58   0   2   0   58   0   0   0   0
0   0   0   48   0   0   0   48   0   0   0   0
0   9   0   133   0   9   0   133   0   0   0   0
0   1   0   150   0   1   0   150   0   0   0   0
0   4   0   122   0   4   0   122   0   0   0   0
0   11   0   159   0   11   0   159   0   0   0   0
0   5   0   128   0   5   0   128   0   0   0   0
0   9   0   160   0   9   0   160   0   0   0   0
0   4   0   146   0   4   0   146   0   0   0   0
0   11   0   142   0   11   0   142   0   0   0   0
0   4   0   127   0   4   0   127   0   0   0   0
0   4   0   148   0   4   0   148   0   0   0   0
0   4   0   145   0   4   0   145   0   0   0   0
0   4   0   115   0   4   0   115   0   0   0   0
0   5   0   138   0   5   0   138   0   0   0   0
0   6   0   183   0   6   0   183   0   0   0   0
0   6   0   183   0   6   0   183   0   0   0   0
0   7   0   124   0   7   0   124   0   0   0   0
0   0   0   31   0   0   0   31   0   0   0   0
0   4   0   58   0   4   0   58   0   0   0   0
0   2   0   59   0   2   0   59   0   0   0   0
0   1   0   28   0   1   0   28   0   0   0   0
0   9   0   144   0   9   0   144   0   0   0   0
0   8   0   102   0   8   0   102   0   0   0   0
0   5   0   113   0   5   0   113   0   0   0   0
0   10   0   126   0   10   0   126   0   0   0   0
0   7   0   170   0   7   0   170   0   0   0   0
0   8   0   147   0   8   0   147   0   0   0   0
0   4   0   141   0   4   0   141   0   0   0   0
0   9   0   216   0   9   0   216   0   0   0   0
0   1   0   118   0   1   0   118   0   0   0   0
0   9   0   143   0   9   0   143   0   0   0   0
0   10   0   146   0   10   0   146   0   0   0   0
0   3   0   128   0   3   0   128   0   0   0   0
0   1   0   92   0   1   0   92   0   0   0   0
0   10   0   154   0   10   0   154   0   0   0   0
0   2   0   134   0   2   0   134   0   0   0   0
0   4   0   110   0   4   0   110   0   0   0   0
0   3   0   122   0   3   0   122   0   0   0   0
0   13   0   237   0   13   0   237   0   0   0   0
0   8   0   208   0   8   0   208   0   0   0   0
0   9   0   141   0   9   0   141   0   0   0   0
0   4   0   93   0   4   0   93   0   0   0   0
0   6   0   152   0   6   0   152   0   0   0   0
0   11   0   179   0   11   0   179   0   0   0   0
0   7   0   100   0   7   0   100   0   0   0   0
0   5   0   46   0   5   0   46   0   0   0   0
0   4   0   84   0   4   0   84   0   0   0   0
0   4   0   77   0   4   0   77   0   0   0   0
0   2   0   47   0   2   0   47   0   0   0   0
0   1   0   63   0   1   0   63   0   0   0   0
0   4   0   115   0   4   0   115   0   0   0   0
0   5   0   82   0   5   0   82   0   0   0   0
0   2   0   63   0   2   0   63   0   0   0   0
0   0   0   42   0   0   0   42   0   0   0   0
0   1   0   59   0   1   0   59   0   0   0   0
0   3   0   56   0   3   0   56   0   0   0   0
0   1   0   48   0   1   0   48   0   0   0   0
0   2   0   40   0   2   0   40   0   0   0   0
0   2   0   51   0   2   0   51   0   0   0   0
0   2   0   61   0   2   0   61   0   0   0   0
0   3   0   55   0   3   0   55   0   0   0   0
0   3   0   76   0   3   0   76   0   0   0   0
0   2   0   58   0   2   0   58   0   0   0   0
0   1   0   47   0   1   0   47   0   0   0   0
0   7   0   93   0   7   0   93   0   0   0   0
0   6   0   72   0   6   0   72   0   0   0   0
0   2   0   77   0   2   0   77   0   0   0   0
0   2   0   77   0   2   0   77   0   0   0   0
0   6   0   73   0   6   0   73   0   0   0   0
0   2   0   33   0   2   0   33   0   0   0   0
0   1   0   85   0   1   0   85   0   0   0   0
0   4   0   68   0   4   0   68   0   0   0   0
0   4   0   31   0   4   0   31   0   0   0   0
0   2   0   68   0   2   0   68   0   0   0   0
0   4   0   164   0   4   0   164   0   0   0   0
0   4   0   163   0   4   0   163   0   0   0   0
0   1   0   86   0   1   0   86   0   0   0   0
0   3   0   88   0   3   0   88   0   0   0   0
0   3   0   124   0   3   0   124   0   0   0   0
0   3   0   110   0   3   0   110   0   0   0   0
0   2   0   87   0   2   0   87   0   0   0   0
0   2   0   113   0   2   0   113   0   0   0   0
0   3   0   105   0   3   0   105   0   0   0   0
0   1   0   98   0   1   0   98   0   0   0   0
0   1   0   110   0   1   0   110   0   0   0   0
0   1   0   138   0   1   0   138   0   0   0   0
0   3   0   108   0   3   0   108   0   0   0   0
0   0   0   113   0   0   0   113   0   0   0   0
0   6   0   167   0   6   0   167   0   0   0   0
0   3   0   87   0   3   0   87   0   0   0   0
0   3   0   47   0   3   0   47   0   0   0   0
0   0   0   45   0   0   0   45   0   0   0   0
0   2   0   66   0   2   0   66   0   0   0   0
0   0   0   20   0   0   0   20   0   0   0   0
0   1   0   32   0   1   0   32   0   0   0   0
0   0   0   24   0   0   0   24   0   0   0   0
0   0   0   17   0   0   0   17   0   0   0   0
0   0   0   68   0   0   0   68   0   0   0   0
0   0   0   119   0   0   0   119   0   0   0   0
0   3   0   104   0   3   0   104   0   0   0   0
0   0   0   73   0   0   0   73   0   0   0   0
0   0   0   76   0   0   0   76   0   0   0   0
0   2   0   92   0   2   0   92   0   0   0   0
0   1   0   102   0   1   0   102   0   0   0   0
0   0   0   83   0   0   0   83   0   0   0   0
0   1   0   67   0   1   0   67   0   0   0   0
0   1   0   99   0   1   0   99   0   0   0   0
0   0   0   82   0   0   0   82   0   0   0   0
0   1   0   76   0   1   0   76   0   0   0   0
0   0   0   97   0   0   0   97   0   0   0   0
0   0   0   78   0   0   0   78   0   0   0   0
0   2   0   81   0   2   0   81   0   0   0   0
0   1   0   90   0   1   0   90   0   0   0   0
0   0   0   28   0   0   0   28   0   0   0   0
0   0   0   20   0   0   0   20   0   0   0   0
0   0   0   33   0   0   0   33   0   0   0   0
0   0   0   43   0   0   0   43   0   0   0   0
0   0   0   3   0   0   0   3   0   0   0   0
0   0   0   3   0   0   0   3   0   0   0   0
0   0   0   2   0   0   0   2   0   0   0   0
0   0   0   1   0   0   0   1   0   0   0   0
0   0   0   1   0   0   0   1   0   0   0   0
0   0   0   0   0   0   0   0   0   0   0   0
0   0   0   2   0   0   0   2   0   0   0   0
0   0   0   1   0   0   0   1   0   0   0   0
0   0   0   1   0   0   0   1   0   0   0   0
0   0   0   2   0   0   0   2   0   0   0   0
0   0   0   3   0   0   0   3   0   0   0   0
0   0   0   1   0   0   0   1   0   0   0   0
0   0   0   1   0   0   0   1   0   0   0   0
0   0   0   4   0   0   0   4   0   0   0   0
0   0   0   4   0   0   0   4   0   0   0   0
0   0   0   4   0   0   0   4   0   0   0   0
0   0   0   4   0   0   0   4   0   0   0   0
0   0   0   9   0   0   0   9   0   0   0   0
0   0   0   7   0   0   0   7   0   0   0   0
0   0   0   1   0   0   0   1   0   0   0   0
0   0   0   0   0   0   0   0   0   0   0   0
0   0   0   2   0   0   0   2   0   0   0   0
0   0   0   0   0   0   0   0   0   0   0   0
0   0   0   1   0   0   0   1   0   0   0   0
0   0   0   3   0   0   0   3   0   0   0   0
0   0   0   1   0   0   0   1   0   0   0   0
0   0   0   1   0   0   0   1   0   0   0   0
0   0   0   4   0   0   0   4   0   0   0   0
0   0   0   6   0   0   0   6   0   0   0   0
0   0   0   2   0   0   0   2   0   0   0   0
0   0   0   1   0   0   0   1   0   0   0   0
0   0   0   5   0   0   0   5   0   0   0   0
0   0   0   1   0   0   0   1   0   0   0   0
0   0   0   3   0   0   0   3   0   0   0   0
0   0   0   1   0   0   0   1   0   0   0   0
0   0   0   4   0   0   0   4   0   0   0   0
0   0   0   5   0   0   0   5   0   0   0   0
0   0   0   2   0   0   0   2   0   0   0   0
0   0   0   1   0   0   0   1   0   0   0   0
0   0   0   3   0   0   0   3   0   0   0   0
0   0   0   1   0   0   0   1   0   0   0   0
0   0   0   5   0   0   0   5   0   0   0   0
0   0   0   6   0   0   0   6   0   0   0   0
0   0   0   5   0   0   0   5   0   0   0   0
0   0   0   3   0   0   0   3   0   0   0   0
0   0   0   2   0   0   0   2   0   0   0   0
0   0   0   4   0   0   0   4   0   0   0   0
0   0   0   2   0   0   0   2   0   0   0   0
0   0   0   1   0   0   0   1   0   0   0   0
0   0   0   2   0   0   0   2   0   0   0   0
0   0   0   1   0   0   0   1   0   0   0   0
0   0   0   1   0   0   0   1   0   0   0   0
0   0   0   0   0   0   0   0   0   0   0   0
0   0   0   3   0   0   0   3   0   0   0   0
0   0   0   1   0   0   0   1   0   0   0   0
0   0   0   0   0   0   0   0   0   0   0   0
0   0   0   1   0   0   0   1   0   0   0   0
0   0   0   2   0   0   0   2   0   0   0   0
0   0   0   0   0   0   0   0   0   0   0   0
0   0   0   1   0   0   0   1   0   0   0   0
0   0   0   2   0   0   0   2   0   0   0   0
0   0   0   0   0   0   0   0   0   0   0   0
0   0   0   2   0   0   0   2   0   0   0   0
0   0   0   0   0   0   0   0   0   0   0   0
0   0   0   2   0   0   0   2   0   0   0   0
0   0   0   2   0   0   0   2   0   0   0   0
0   0   0   1   0   0   0   1   0   0   0   0
0   0   0   1   0   0   0   1   0   0   0   0
0   0   0   3   0   0   0   3   0   0   0   0
0   0   0   1   0   0   0   1   0   0   0   0
0   0   0   1   0   0   0   1   0   0   0   0
0   0   0   0   0   0   0   0   0   0   0   0
0   0   0   1   0   0   0   1   0   0   0   0
0   0   0   1   0   0   0   1   0   0   0   0
0   0   0   2   0   0   0   2   0   0   0   0
0   0   0   0   0   0   0   0   0   0   0   0
0   0   0   2   0   0   0   2   0   0   0   0
0   0   0   3   0   0   0   3   0   0   0   0
0   0   0   2   0   0   0   2   0   0   0   0
0   0   0   3   0   0   0   3   0   0   0   0
0   0   0   4   0   0   0   4   0   0   0   0
0   0   0   4   0   0   0   4   0   0   0   0
0   0   0   4   0   0   0   4   0   0   0   0
0   0   0   0   0   0   0   0   0   0   0   0
0   0   0   2   0   0   0   2   0   0   0   0
0   0   0   1   0   0   0   1   0   0   0   0
0   0   0   1   0   0   0   1   0   0   0   0
0   0   0   1   0   0   0   1   0   0   0   0
0   0   0   5   0   0   0   5   0   0   0   0
0   0   0   1   0   0   0   1   0   0   0   0
0   0   0   4   0   0   0   4   0   0   0   0
0   0   0   3   0   0   0   3   0   0   0   0
0   0   0   1   0   0   0   1   0   0   0   0
0   0   0   0   0   0   0   0   0   0   0   0
0   0   0   3   0   0   0   3   0   0   0   0
0   0   0   1   0   0   0   1   0   0   0   0
0   0   0   1   0   0   0   1   0   0   0   0
0   0   0   0   0   0   0   0   0   0   0   0
0   0   0   3   0   0   0   3   0   0   0   0
0   0   0   0   0   0   0   0   0   0   0   0
0   0   0   4   0   0   0   4   0   0   0   0
0   0   0   3   0   0   0   3   0   0   0   0
0   0   0   5   0   0   0   5   0   0   0   0
0   0   0   1   0   0   0   1   0   0   0   0
0   0   0   2   0   0   0   2   0   0   0   0
0   0   0   4   0   0   0   4   0   0   0   0
0   0   0   1   0   0   0   1   0   0   0   0
0   0   0   3   0   0   0   3   0   0   0   0
0   0   0   0   0   0   0   0   0   0   0   0
0   0   0   1   0   0   0   1   0   0   0   0
0   0   0   4   0   0   0   4   0   0   0   0
0   0   0   1   0   0   0   1   0   0   0   0
0   0   0   2   0   0   0   2   0   0   0   0
0   0   0   1   0   0   0   1   0   0   0   0
0   0   0   0   0   0   0   0   0   0   0   0
0   0   0   0   0   0   0   0   0   0   0   0
0   0   0   0   0   0   0   0   0   0   0   0
0   0   0   0   0   0   0   0   0   0   0   0
0   0   0   1   0   0   0   1   0   0   0   0
0   0   0   0   0   0   0   0   0   0   0   0
