0   0   114   54   0   0   114   54   0   0   0   0
2   0   132   90   2   0   132   90   0   0   0   0
1   0   145   66   1   0   145   66   0   0   0   0
1   0   99   65   1   0   99   65   0   0   0   0
3   0   42   88   3   0   42   88   0   0   0   0
2   0   43   96   2   0   43   96   0   0   0   0
4   0   41   108   4   0   41   108   0   0   0   0
2   0   48   84   2   0   48   84   0   0   0   0
7   0   33   128   7   0   33   128   0   0   0   0
3   0   42   146   3   0   42   146   0   0   0   0
6   0   46   171   6   0   46   171   0   0   0   0
4   0   24   135   4   0   24   135   0   0   0   0
2   0   40   97   2   0   40   97   0   0   0   0
3   0   48   166   3   0   48   166   0   0   0   0
5   0   53   163   5   0   53   163   0   0   0   0
1   0   51   110   1   0   51   110   0   0   0   0
0   0   101   59   0   0   101   59   0   0   0   0
0   0   146   69   0   0   146   69   0   0   0   0
1   0   135   74   1   0   135   74   0   0   0   0
1   0   120   61   1   0   120   61   0   0   0   0
0   0   69   57   0   0   69   57   0   0   0   0
1   0   76   32   1   0   76   32   0   0   0   0
1   0   71   41   1   0   71   41   0   0   0   0
0   0   65   61   0   0   65   61   0   0   0   0
1   0   25   47   1   0   25   47   0   0   0   0
0   0   29   75   0   0   29   75   0   0   0   0
0   0   27   70   0   0   27   70   0   0   0   0
0   0   18   68   0   0   18   68   0   0   0   0
1   0   12   59   1   0   12   59   0   0   0   0
4   0   23   88   4   0   23   88   0   0   0   0
2   0   21   72   2   0   21   72   0   0   0   0
3   0   21   80   3   0   21   80   0   0   0   0
2   0   20   42   2   0   20   42   0   0   0   0
1   0   25   105   1   0   25   105   0   0   0   0
3   0   35   91   3   0   35   91   0   0   0   0
2   0   16   61   2   0   16   61   0   0   0   0
0   0   69   67   0   0   69   67   0   0   0   0
0   0   67   51   0   0   67   51   0   0   0   0
0   0   66   44   0   0   66   44   0   0   0   0
0   0   66   59   0   0   66   59   0   0   0   0
1   0   56   38   1   0   56   38   0   0   0   0
1   0   61   22   1   0   61   22   0   0   0   0
0   0   62   18   0   0   62   18   0   0   0   0
0   0   61   35   0   0   61   35   0   0   0   0
0   0   22   45   0   0   22   45   0   0   0   0
3   0   19   42   3   0   19   42   0   0   0   0
2   0   23   67   2   0   23   67   0   0   0   0
1   0   16   50   1   0   16   50   0   0   0   0
2   0   11   40   2   0   11   40   0   0   0   0
4   0   18   53   4   0   18   53   0   0   0   0
4   0   22   38   4   0   22   38   0   0   0   0
3   0   14   49   3   0   14   49   0   0   0   0
0   0   13   32   0   0   13   32   0   0   0   0
0   0   28   42   0   0   28   42   0   0   0   0
0   0   21   56   0   0   21   56   0   0   0   0
0   0   20   30   0   0   20   30   0   0   0   0
0   0   41   51   0   0   41   51   0   0   0   0
0   0   58   49   0   0   58   49   0   0   0   0
0   0   53   61   0   0   53   61   0   0   0   0
0   0   45   65   0   0   45   65   0   0   0   0
0   0   72   26   0   0   72   26   0   0   0   0
1   0   82   29   1   0   82   29   0   0   0   0
0   0   73   25   0   0   73   25   0   0   0   0
0   0   57   25   0   0   57   25   0   0   0   0
0   0   27   63   0   0   27   63   0   0   0   0
1   0   33   76   1   0   33   76   0   0   0   0
0   0   29   69   0   0   29   69   0   0   0   0
0   0   19   44   0   0   19   44   0   0   0   0
4   0   27   65   4   0   27   65   0   0   0   0
1   0   27   91   1   0   27   91   0   0   0   0
5   0   29   94   5   0   29   94   0   0   0   0
1   0   19   74   1   0   19   74   0   0   0   0
0   0   26   55   0   0   26   55   0   0   0   0
2   0   36   65   2   0   36   65   0   0   0   0
0   0   27   55   0   0   27   55   0   0   0   0
0   0   17   49   0   0   17   49   0   0   0   0
1   0   67   61   1   0   67   61   0   0   0   0
1   0   58   71   1   0   58   71   0   0   0   0
0   0   72   66   0   0   72   66   0   0   0   0
1   0   73   66   1   0   73   66   0   0   0   0
0   0   120   32   0   0   120   32   0   0   0   0
0   0   137   38   0   0   137   38   0   0   0   0
1   0   122   40   1   0   122   40   0   0   0   0
0   0   129   37   0   0   129   37   0   0   0   0
1   0   50   73   1   0   50   73   0   0   0   0
4   0   37   98   4   0   37   98   0   0   0   0
4   0   52   113   4   0   52   113   0   0   0   0
3   0   40   77   3   0   40   77   0   0   0   0
2   0   32   114   2   0   32   114   0   0   0   0
4   0   36   137   4   0   36   137   0   0   0   0
6   0   38   147   6   0   38   147   0   0   0   0
3   0   34   120   3   0   34   120   0   0   0   0
2   0   45   80   2   0   45   80   0   0   0   0
2   0   56   78   2   0   56   78   0   0   0   0
7   0   45   86   7   0   45   86   0   0   0   0
2   0   49   104   2   0   49   104   0   0   0   0
2   0   134   112   2   0   134   112   0   0   0   0
0   0   147   106   0   0   147   106   0   0   0   0
1   0   125   114   1   0   125   114   0   0   0   0
0   0   109   98   0   0   109   98   0   0   0   0
4   0   347   363   4   0   347   363   0   0   0   0
7   0   397   334   7   0   397   334   0   0   0   0
11   0   403   362   11   0   403   362   0   0   0   0
9   0   399   362   9   0   399   362   0   0   0   0
10   0   187   747   10   0   187   747   0   0   0   0
16   1   215   790   16   1   215   790   0   0   0   0
19   0   229   798   19   0   229   798   0   0   0   0
15   0   207   763   15   0   207   763   0   0   0   0
13   0   175   678   13   0   175   678   0   0   0   0
18   0   169   792   18   0   169   792   0   0   0   0
15   0   150   782   15   0   150   782   0   0   0   0
16   0   128   677   16   0   128   677   0   0   0   0
10   0   191   529   10   0   191   529   0   0   0   0
9   0   222   527   9   0   222   527   0   0   0   0
14   0   203   546   14   0   203   546   0   0   0   0
8   0   203   496   8   0   203   496   0   0   0   0
5   0   320   289   5   0   320   289   0   0   0   0
11   0   391   355   11   0   391   355   0   0   0   0
7   0   414   343   7   0   414   343   0   0   0   0
5   0   375   301   5   0   375   301   0   0   0   0
4   0   217   172   4   0   217   172   0   0   0   0
3   0   214   170   3   0   214   170   0   0   0   0
4   0   233   152   4   0   233   152   0   0   0   0
2   0   202   186   2   0   202   186   0   0   0   0
5   1   109   382   5   1   109   382   0   0   0   0
11   0   109   328   11   0   109   328   0   0   0   0
16   0   147   361   16   0   147   361   0   0   0   0
7   0   97   357   7   0   97   357   0   0   0   0
10   1   91   336   10   1   91   336   0   0   0   0
7   0   92   517   7   0   92   517   0   0   0   0
9   0   76   496   9   0   76   496   0   0   0   0
6   0   77   349   6   0   77   349   0   0   0   0
6   0   131   309   6   0   131   309   0   0   0   0
6   0   97   350   6   0   97   350   0   0   0   0
6   1   114   336   6   1   114   336   0   0   0   0
7   0   120   344   7   0   120   344   0   0   0   0
6   0   224   158   6   0   224   158   0   0   0   0
2   0   247   198   2   0   247   198   0   0   0   0
2   0   231   200   2   0   231   200   0   0   0   0
4   0   179   169   4   0   179   169   0   0   0   0
3   0   147   103   3   0   147   103   0   0   0   0
3   0   165   135   3   0   165   135   0   0   0   0
0   0   187   109   0   0   187   109   0   0   0   0
3   0   165   161   3   0   165   161   0   0   0   0
7   0   95   222   7   0   95   222   0   0   0   0
4   0   105   229   4   0   105   229   0   0   0   0
7   0   89   176   7   0   89   176   0   0   0   0
7   0   77   247   7   0   77   247   0   0   0   0
2   0   61   223   2   0   61   223   0   0   0   0
5   0   84   327   5   0   84   327   0   0   0   0
4   1   91   293   4   1   91   293   0   0   0   0
6   0   61   260   6   0   61   260   0   0   0   0
3   0   107   243   3   0   107   243   0   0   0   0
3   0   89   309   3   0   89   309   0   0   0   0
7   0   101   354   7   0   101   354   0   0   0   0
3   0   94   281   3   0   94   281   0   0   0   0
3   0   152   157   3   0   152   157   0   0   0   0
1   0   194   198   1   0   194   198   0   0   0   0
4   0   164   188   4   0   164   188   0   0   0   0
7   0   129   162   7   0   129   162   0   0   0   0
3   0   187   130   3   0   187   130   0   0   0   0
9   0   257   186   9   0   257   186   0   0   0   0
5   0   253   159   5   0   253   159   0   0   0   0
4   0   207   125   4   0   207   125   0   0   0   0
4   0   120   222   4   0   120   222   0   0   0   0
5   0   131   292   5   0   131   292   0   0   0   0
9   0   117   263   9   0   117   263   0   0   0   0
1   1   111   229   1   1   111   229   0   0   0   0
8   0   96   253   8   0   96   253   0   0   0   0
8   0   98   331   8   0   98   331   0   0   0   0
4   0   89   293   4   0   89   293   0   0   0   0
9   0   92   301   9   0   92   301   0   0   0   0
6   0   83   359   6   0   83   359   0   0   0   0
7   1   126   494   7   1   126   494   0   0   0   0
9   1   126   387   9   1   126   387   0   0   0   0
6   0   114   420   6   0   114   420   0   0   0   0
5   0   198   304   5   0   198   304   0   0   0   0
3   0   255   317   3   0   255   317   0   0   0   0
7   0   229   338   7   0   229   338   0   0   0   0
3   0   220   302   3   0   220   302   0   0   0   0
4   0   336   250   4   0   336   250   0   0   0   0
4   0   421   306   4   0   421   306   0   0   0   0
7   0   410   351   7   0   410   351   0   0   0   0
5   0   315   245   5   0   315   245   0   0   0   0
5   0   184   457   5   0   184   457   0   0   0   0
14   0   197   524   14   0   197   524   0   0   0   0
15   0   202   495   15   0   202   495   0   0   0   0
10   0   204   463   10   0   204   463   0   0   0   0
14   0   148   501   14   0   148   501   0   0   0   0
18   0   154   551   18   0   154   551   0   0   0   0
16   0   164   517   16   0   164   517   0   0   0   0
9   0   129   489   9   0   129   489   0   0   0   0
11   0   193   677   11   0   193   677   0   0   0   0
9   0   220   796   9   0   220   796   0   0   0   0
12   0   209   873   12   0   209   873   0   0   0   0
13   0   179   633   13   0   179   633   0   0   0   0
7   0   328   447   7   0   328   447   0   0   0   0
7   0   376   492   7   0   376   492   0   0   0   0
7   0   365   409   7   0   365   409   0   0   0   0
4   0   354   417   4   0   354   417   0   0   0   0
17   0   335   1230   17   0   335   1230   0   0   0   0
14   0   326   1024   14   0   326   1024   0   0   0   0
10   0   319   1051   10   0   319   1051   0   0   0   0
18   0   341   1250   18   0   341   1250   0   0   0   0
36   1   369   1468   36   1   369   1468   0   0   0   0
32   0   344   1270   32   0   344   1270   0   0   0   0
31   0   358   1254   31   0   358   1254   0   0   0   0
27   2   336   1482   27   2   336   1482   0   0   0   0
32   0   326   1348   32   0   326   1348   0   0   0   0
40   1   332   1632   40   1   332   1632   0   0   0   0
36   0   334   1518   36   0   334   1518   0   0   0   0
22   0   305   1455   22   0   305   1455   0   0   0   0
33   0   335   964   33   0   335   964   0   0   0   0
44   1   360   1246   44   1   360   1246   0   0   0   0
28   1   365   1299   28   1   365   1299   0   0   0   0
24   0   332   1007   24   0   332   1007   0   0   0   0
7   0   272   478   7   0   272   478   0   0   0   0
24   1   437   680   24   1   437   680   0   0   0   0
18   0   404   626   18   0   404   626   0   0   0   0
10   0   260   426   10   0   260   426   0   0   0   0
6   0   224   404   6   0   224   404   0   0   0   0
11   0   192   417   11   0   192   417   0   0   0   0
11   0   208   460   11   0   208   460   0   0   0   0
3   0   216   430   3   0   216   430   0   0   0   0
15   2   203   716   15   2   203   716   0   0   0   0
17   0   178   776   17   0   178   776   0   0   0   0
15   2   196   718   15   2   196   718   0   0   0   0
14   4   155   759   14   4   155   759   0   0   0   0
18   0   168   783   18   0   168   783   0   0   0   0
21   1   190   764   21   1   190   764   0   0   0   0
14   3   188   625   14   3   188   625   0   0   0   0
16   1   199   890   16   1   199   890   0   0   0   0
17   0   151   517   17   0   151   517   0   0   0   0
24   2   219   913   24   2   219   913   0   0   0   0
18   2   216   890   18   2   216   890   0   0   0   0
18   0   185   570   18   0   185   570   0   0   0   0
5   0   173   261   5   0   173   261   0   0   0   0
14   1   274   530   14   1   274   530   0   0   0   0
13   3   264   546   13   3   264   546   0   0   0   0
8   0   173   272   8   0   173   272   0   0   0   0
6   1   170   238   6   1   170   238   0   0   0   0
14   1   205   304   14   1   205   304   0   0   0   0
6   0   181   281   6   0   181   281   0   0   0   0
7   4   159   267   7   4   159   267   0   0   0   0
12   1   121   331   12   1   121   331   0   0   0   0
4   1   125   532   4   1   125   532   0   0   0   0
11   1   123   404   11   1   123   404   0   0   0   0
16   7   127   406   16   7   127   406   0   0   0   0
14   0   104   440   14   0   104   440   0   0   0   0
17   3   132   576   17   3   132   576   0   0   0   0
12   2   146   509   12   2   146   509   0   0   0   0
13   3   95   482   13   3   95   482   0   0   0   0
3   1   122   494   3   1   122   494   0   0   0   0
10   1   153   505   10   1   153   505   0   0   0   0
9   2   132   459   9   2   132   459   0   0   0   0
8   2   107   564   8   2   107   564   0   0   0   0
2   0   173   620   2   0   173   620   0   0   0   0
9   3   188   976   9   3   188   976   0   0   0   0
15   2   204   998   15   2   204   998   0   0   0   0
7   0   197   625   7   0   197   625   0   0   0   0
8   0   157   251   8   0   157   251   0   0   0   0
15   0   255   377   15   0   255   377   0   0   0   0
8   2   259   367   8   2   259   367   0   0   0   0
8   0   174   252   8   0   174   252   0   0   0   0
16   1   163   460   16   1   163   460   0   0   0   0
17   2   216   666   17   2   216   666   0   0   0   0
12   5   194   563   12   5   194   563   0   0   0   0
12   2   164   538   12   2   164   538   0   0   0   0
10   2   161   616   10   2   161   616   0   0   0   0
9   0   164   879   9   0   164   879   0   0   0   0
13   2   164   753   13   2   164   753   0   0   0   0
24   1   155   692   24   1   155   692   0   0   0   0
9   0   182   630   9   0   182   630   0   0   0   0
18   2   179   620   18   2   179   620   0   0   0   0
8   2   166   605   8   2   166   605   0   0   0   0
21   0   216   750   21   0   216   750   0   0   0   0
7   0   263   419   7   0   263   419   0   0   0   0
6   0   201   359   6   0   201   359   0   0   0   0
5   2   178   343   5   2   178   343   0   0   0   0
13   0   235   460   13   0   235   460   0   0   0   0
12   0   252   422   12   0   252   422   0   0   0   0
15   5   358   667   15   5   358   667   0   0   0   0
16   1   329   568   16   1   329   568   0   0   0   0
15   2   297   393   15   2   297   393   0   0   0   0
26   2   351   984   26   2   351   984   0   0   0   0
31   3   380   1267   31   3   380   1267   0   0   0   0
38   4   393   1224   38   4   393   1224   0   0   0   0
27   2   322   1037   27   2   322   1037   0   0   0   0
33   4   283   1182   33   4   283   1182   0   0   0   0
35   0   336   1450   35   0   336   1450   0   0   0   0
39   0   324   1365   39   0   324   1365   0   0   0   0
36   3   328   1147   36   3   328   1147   0   0   0   0
37   3   327   1593   37   3   327   1593   0   0   0   0
34   2   349   1614   34   2   349   1614   0   0   0   0
24   1   379   1623   24   1   379   1623   0   0   0   0
33   1   366   1579   33   1   366   1579   0   0   0   0
13   2   326   636   13   2   326   636   0   0   0   0
18   1   306   538   18   1   306   538   0   0   0   0
11   0   327   526   11   0   327   526   0   0   0   0
15   0   362   587   15   0   362   587   0   0   0   0
103   4   1277   4524   103   4   1277   4524   0   0   0   0
63   2   834   3006   63   2   834   3006   0   0   0   0
68   1   889   3003   68   1   889   3003   0   0   0   0
94   6   1266   4616   94   6   1266   4616   0   0   0   0
256   10   1916   9009   256   10   1916   9009   0   0   0   0
232   5   1830   8370   232   5   1830   8370   0   0   0   0
220   3   1678   8395   220   3   1678   8395   0   0   0   0
264   6   1907   9559   264   6   1907   9559   0   0   0   0
292   8   1880   10727   292   8   1880   10727   0   0   0   0
324   6   2034   11830   324   6   2034   11830   0   0   0   0
325   11   2145   11583   325   11   2145   11583   0   0   0   0
325   5   1900   10758   325   5   1900   10758   0   0   0   0
211   1   1529   8874   211   1   1529   8874   0   0   0   0
302   7   2118   11886   302   7   2118   11886   0   0   0   0
268   4   2032   11761   268   4   2032   11761   0   0   0   0
206   6   1560   8869   206   6   1560   8869   0   0   0   0
57   0   779   2550   57   0   779   2550   0   0   0   0
115   1   1332   5040   115   1   1332   5040   0   0   0   0
105   3   1369   5081   105   3   1369   5081   0   0   0   0
56   0   806   2652   56   0   806   2652   0   0   0   0
67   9   1065   5914   67   9   1065   5914   0   0   0   0
45   1   705   3733   45   1   705   3733   0   0   0   0
43   3   755   3759   43   3   755   3759   0   0   0   0
88   13   1020   5811   88   13   1020   5811   0   0   0   0
104   31   952   5427   104   31   952   5427   0   0   0   0
104   15   840   4353   104   15   840   4353   0   0   0   0
87   14   768   3869   87   14   768   3869   0   0   0   0
160   35   1043   5902   160   35   1043   5902   0   0   0   0
123   22   854   4411   123   22   854   4411   0   0   0   0
203   25   1024   5653   203   25   1024   5653   0   0   0   0
130   17   981   4860   130   17   981   4860   0   0   0   0
150   33   911   5205   150   33   911   5205   0   0   0   0
108   11   673   3767   108   11   673   3767   0   0   0   0
169   30   1144   5928   169   30   1144   5928   0   0   0   0
139   38   1107   5130   139   38   1107   5130   0   0   0   0
107   8   754   4084   107   8   754   4084   0   0   0   0
43   2   648   3225   43   2   648   3225   0   0   0   0
98   18   1178   5570   98   18   1178   5570   0   0   0   0
87   13   1160   5774   87   13   1160   5774   0   0   0   0
46   3   664   3322   46   3   664   3322   0   0   0   0
44   32   727   2288   44   32   727   2288   0   0   0   0
59   9   853   3009   59   9   853   3009   0   0   0   0
72   5   893   2870   72   5   893   2870   0   0   0   0
57   27   797   2428   57   27   797   2428   0   0   0   0
76   28   588   3230   76   28   588   3230   0   0   0   0
104   14   650   3977   104   14   650   3977   0   0   0   0
79   17   662   3370   79   17   662   3370   0   0   0   0
90   41   597   3717   90   41   597   3717   0   0   0   0
55   32   510   2461   55   32   510   2461   0   0   0   0
101   38   567   3699   101   38   567   3699   0   0   0   0
75   27   582   2669   75   27   582   2669   0   0   0   0
98   29   548   3494   98   29   548   3494   0   0   0   0
61   17   610   2461   61   17   610   2461   0   0   0   0
92   33   629   3519   92   33   629   3519   0   0   0   0
64   37   668   2694   64   37   668   2694   0   0   0   0
93   11   584   3245   93   11   584   3245   0   0   0   0
63   4   802   2558   63   4   802   2558   0   0   0   0
56   25   887   2841   56   25   887   2841   0   0   0   0
52   36   869   2903   52   36   869   2903   0   0   0   0
69   9   824   2835   69   9   824   2835   0   0   0   0
46   22   647   1654   46   22   647   1654   0   0   0   0
80   12   1147   3275   80   12   1147   3275   0   0   0   0
91   11   1110   3032   91   11   1110   3032   0   0   0   0
44   16   618   1736   44   16   618   1736   0   0   0   0
97   23   724   3403   97   23   724   3403   0   0   0   0
162   16   1091   6508   162   16   1091   6508   0   0   0   0
135   17   1103   5802   135   17   1103   5802   0   0   0   0
103   17   702   3974   103   17   702   3974   0   0   0   0
116   21   843   4963   116   21   843   4963   0   0   0   0
153   17   926   6128   153   17   926   6128   0   0   0   0
135   15   965   5366   135   15   965   5366   0   0   0   0
162   9   891   5617   162   9   891   5617   0   0   0   0
123   11   1038   4590   123   11   1038   4590   0   0   0   0
118   29   803   4098   118   29   803   4098   0   0   0   0
89   28   827   3712   89   28   827   3712   0   0   0   0
166   10   1035   5284   166   10   1035   5284   0   0   0   0
79   10   1056   2939   79   10   1056   2939   0   0   0   0
44   31   750   2104   44   31   750   2104   0   0   0   0
38   31   680   2109   38   31   680   2109   0   0   0   0
88   10   1078   3191   88   10   1078   3191   0   0   0   0
69   14   763   2274   69   14   763   2274   0   0   0   0
113   8   1389   4057   113   8   1389   4057   0   0   0   0
107   23   1395   3900   107   23   1395   3900   0   0   0   0
61   21   798   2331   61   21   798   2331   0   0   0   0
220   21   1540   7225   220   21   1540   7225   0   0   0   0
294   30   2054   10454   294   30   2054   10454   0   0   0   0
262   31   2104   9933   262   31   2104   9933   0   0   0   0
240   24   1559   7605   240   24   1559   7605   0   0   0   0
314   26   1911   11740   314   26   1911   11740   0   0   0   0
357   19   2084   13640   357   19   2084   13640   0   0   0   0
329   22   2173   13132   329   22   2173   13132   0   0   0   0
317   11   1894   12047   317   11   1894   12047   0   0   0   0
214   22   1930   9339   214   22   1930   9339   0   0   0   0
230   26   1706   8375   230   26   1706   8375   0   0   0   0
245   27   1773   8278   245   27   1773   8278   0   0   0   0
230   23   1829   9573   230   23   1829   9573   0   0   0   0
94   22   1177   3756   94   22   1177   3756   0   0   0   0
71   5   848   2638   71   5   848   2638   0   0   0   0
77   17   898   2624   77   17   898   2624   0   0   0   0
82   21   1299   3864   82   21   1299   3864   0   0   0   0
4535   109   40022   155161   4535   109   40022   155161   0   0   0   0
3058   20   26384   104084   3058   20   26384   104084   0   0   0   0
3114   24   26217   105742   3114   24   26217   105742   0   0   0   0
4515   118   40270   158688   4515   118   40270   158688   0   0   0   0
11662   394   66446   389426   11662   394   66446   389426   0   0   0   0
10461   181   57663   350542   10461   181   57663   350542   0   0   0   0
10623   153   58172   349793   10623   153   58172   349793   0   0   0   0
12322   363   66627   407775   12322   363   66627   407775   0   0   0   0
13787   304   68639   453030   13787   304   68639   453030   0   0   0   0
15718   382   75378   514227   15718   382   75378   514227   0   0   0   0
14998   347   74818   497033   14998   347   74818   497033   0   0   0   0
14291   337   68440   468476   14291   337   68440   468476   0   0   0   0
9338   145   52496   315003   9338   145   52496   315003   0   0   0   0
13189   435   71706   444469   13189   435   71706   444469   0   0   0   0
12784   381   72115   424030   12784   381   72115   424030   0   0   0   0
9584   132   52467   317853   9584   132   52467   317853   0   0   0   0
2677   22   23067   93717   2677   22   23067   93717   0   0   0   0
5055   128   43539   172747   5055   128   43539   172747   0   0   0   0
4776   121   43341   169248   4776   121   43341   169248   0   0   0   0
2709   21   23236   92881   2709   21   23236   92881   0   0   0   0
3635   628   35173   126640   3635   628   35173   126640   0   0   0   0
2501   114   23751   87088   2501   114   23751   87088   0   0   0   0
2491   102   23675   84855   2491   102   23675   84855   0   0   0   0
3848   648   35097   131402   3848   648   35097   131402   0   0   0   0
5841   1381   35493   195117   5841   1381   35493   195117   0   0   0   0
5051   547   26710   169970   5051   547   26710   169970   0   0   0   0
4627   547   26967   152744   4627   547   26967   152744   0   0   0   0
6820   1366   35675   228555   6820   1366   35675   228555   0   0   0   0
5661   1042   30240   184883   5661   1042   30240   184883   0   0   0   0
7466   1176   33437   243169   7466   1176   33437   243169   0   0   0   0
6181   1163   33002   205852   6181   1163   33002   205852   0   0   0   0
6779   1049   30307   221782   6779   1049   30307   221782   0   0   0   0
4063   416   23953   133357   4063   416   23953   133357   0   0   0   0
7504   1516   38698   248053   7504   1516   38698   248053   0   0   0   0
6380   1596   38764   214827   6380   1596   38764   214827   0   0   0   0
4622   435   23816   152481   4622   435   23816   152481   0   0   0   0
2137   89   21020   76495   2137   89   21020   76495   0   0   0   0
4150   648   38066   145308   4150   648   38066   145308   0   0   0   0
3983   666   38208   138644   3983   666   38208   138644   0   0   0   0
2209   80   21232   77344   2209   80   21232   77344   0   0   0   0
2758   1220   27100   92451   2758   1220   27100   92451   0   0   0   0
3099   306   29320   107374   3099   306   29320   107374   0   0   0   0
2979   303   29637   102814   2979   303   29637   102814   0   0   0   0
2843   1235   27038   96589   2843   1235   27038   96589   0   0   0   0
3078   1729   19951   102164   3078   1729   19951   102164   0   0   0   0
4431   731   21902   145339   4431   731   21902   145339   0   0   0   0
3413   719   21693   114923   3413   719   21693   114923   0   0   0   0
3973   1807   19844   133050   3973   1807   19844   133050   0   0   0   0
2839   1129   17625   95000   2839   1129   17625   95000   0   0   0   0
4752   1310   19531   152483   4752   1310   19531   152483   0   0   0   0
3262   1225   19501   108034   3262   1225   19501   108034   0   0   0   0
4351   1200   17456   139610   4351   1200   17456   139610   0   0   0   0
3139   600   19872   102889   3139   600   19872   102889   0   0   0   0
4405   1827   21927   146837   4405   1827   21927   146837   0   0   0   0
3499   1846   22092   115735   3499   1846   22092   115735   0   0   0   0
4043   589   19544   133339   4043   589   19544   133339   0   0   0   0
2664   213   27007   96558   2664   213   27007   96558   0   0   0   0
3079   1299   29713   110031   3079   1299   29713   110031   0   0   0   0
2983   1335   29801   106107   2983   1335   29801   106107   0   0   0   0
2829   224   26694   100902   2829   224   26694   100902   0   0   0   0
2129   1140   21200   72851   2129   1140   21200   72851   0   0   0   0
4142   642   38355   140636   4142   642   38355   140636   0   0   0   0
3960   681   37900   134741   3960   681   37900   134741   0   0   0   0
2239   1125   21173   74400   2239   1125   21173   74400   0   0   0   0
3994   1137   23814   133319   3994   1137   23814   133319   0   0   0   0
7599   716   38485   246670   7599   716   38485   246670   0   0   0   0
6412   703   39019   213621   6412   703   39019   213621   0   0   0   0
4604   1124   23848   152015   4604   1124   23848   152015   0   0   0   0
5559   790   30098   183801   5559   790   30098   183801   0   0   0   0
7516   795   33613   242714   7516   795   33613   242714   0   0   0   0
6240   842   33595   205337   6240   842   33595   205337   0   0   0   0
6853   726   30244   221526   6853   726   30244   221526   0   0   0   0
5851   603   35722   196885   5851   603   35722   196885   0   0   0   0
5076   1135   26938   170412   5076   1135   26938   170412   0   0   0   0
4612   1204   27162   153882   4612   1204   27162   153882   0   0   0   0
6871   631   35674   230224   6871   631   35674   230224   0   0   0   0
3589   540   35059   131064   3589   540   35059   131064   0   0   0   0
2462   1198   23925   89431   2462   1198   23925   89431   0   0   0   0
2457   1238   23752   88538   2457   1238   23752   88538   0   0   0   0
3838   566   35122   136784   3838   566   35122   136784   0   0   0   0
2638   741   23342   90823   2638   741   23342   90823   0   0   0   0
4894   1146   42853   167770   4894   1146   42853   167770   0   0   0   0
4713   1060   42913   164148   4713   1060   42913   164148   0   0   0   0
2608   688   23246   90062   2608   688   23246   90062   0   0   0   0
9448   949   52215   314452   9448   949   52215   314452   0   0   0   0
13469   1256   72199   442030   13469   1256   72199   442030   0   0   0   0
12595   1136   72114   421842   12595   1136   72114   421842   0   0   0   0
9647   860   52435   315336   9647   860   52435   315336   0   0   0   0
13759   937   68108   452679   13759   937   68108   452679   0   0   0   0
15663   1014   75360   512581   15663   1014   75360   512581   0   0   0   0
15319   1043   75118   495490   15319   1043   75118   495490   0   0   0   0
14233   901   68406   468807   14233   901   68406   468807   0   0   0   0
11582   1035   66342   390893   11582   1035   66342   390893   0   0   0   0
10582   915   57887   351867   10582   915   57887   351867   0   0   0   0
10486   1087   57664   350972   10486   1087   57664   350972   0   0   0   0
12225   1146   66374   409977   12225   1146   66374   409977   0   0   0   0
4363   1028   39892   159266   4363   1028   39892   159266   0   0   0   0
3041   799   26341   106146   3041   799   26341   106146   0   0   0   0
2932   795   26237   107209   2932   795   26237   107209   0   0   0   0
4570   1043   40013   162936   4570   1043   40013   162936   0   0   0   0
0   0   0   780   0   0   0   780   0   0   0   0
0   1   0   514   0   1   0   514   0   0   0   0
0   0   0   519   0   0   0   519   0   0   0   0
0   1   0   765   0   1   0   765   0   0   0   0
0   1   0   1629   0   1   0   1629   0   0   0   0
0   0   0   1487   0   0   0   1487   0   0   0   0
0   2   0   1475   0   2   0   1475   0   0   0   0
0   1   0   1639   0   1   0   1639   0   0   0   0
0   2   0   1840   0   2   0   1840   0   0   0   0
0   1   0   2098   0   1   0   2098   0   0   0   0
0   2   0   2092   0   2   0   2092   0   0   0   0
0   3   0   1807   0   3   0   1807   0   0   0   0
0   1   0   1330   0   1   0   1330   0   0   0   0
0   3   0   2045   0   3   0   2045   0   0   0   0
0   2   0   1819   0   2   0   1819   0   0   0   0
0   1   0   1319   0   1   0   1319   0   0   0   0
0   0   0   1355   0   0   0   1355   0   0   0   0
0   2   0   1843   0   2   0   1843   0   0   0   0
0   0   0   1891   0   0   0   1891   0   0   0   0
0   0   0   1448   0   0   0   1448   0   0   0   0
0   3   0   677   0   3   0   677   0   0   0   0
0   0   0   493   0   0   0   493   0   0   0   0
0   1   0   478   0   1   0   478   0   0   0   0
0   3   0   695   0   3   0   695   0   0   0   0
0   9   0   811   0   9   0   811   0   0   0   0
0   2   0   716   0   2   0   716   0   0   0   0
0   4   0   612   0   4   0   612   0   0   0   0
0   9   0   922   0   9   0   922   0   0   0   0
0   4   0   707   0   4   0   707   0   0   0   0
0   8   0   903   0   8   0   903   0   0   0   0
0   7   0   778   0   7   0   778   0   0   0   0
0   3   0   833   0   3   0   833   0   0   0   0
0   4   0   581   0   4   0   581   0   0   0   0
0   6   0   1021   0   6   0   1021   0   0   0   0
0   7   0   955   0   7   0   955   0   0   0   0
0   5   0   599   0   5   0   599   0   0   0   0
0   0   0   387   0   0   0   387   0   0   0   0
0   6   0   757   0   6   0   757   0   0   0   0
0   6   0   680   0   6   0   680   0   0   0   0
0   1   0   395   0   1   0   395   0   0   0   0
0   8   0   3382   0   8   0   3382   0   0   0   0
0   3   0   1855   0   3   0   1855   0   0   0   0
0   5   0   1994   0   5   0   1994   0   0   0   0
0   9   0   3315   0   9   0   3315   0   0   0   0
0   14   0   355   0   14   0   355   0   0   0   0
0   3   0   574   0   3   0   574   0   0   0   0
0   4   0   480   0   4   0   480   0   0   0   0
0   14   0   515   0   14   0   515   0   0   0   0
0   4   0   362   0   4   0   362   0   0   0   0
0   9   0   572   0   9   0   572   0   0   0   0
0   6   0   393   0   6   0   393   0   0   0   0
0   9   0   532   0   9   0   532   0   0   0   0
0   4   0   455   0   4   0   455   0   0   0   0
0   13   0   572   0   13   0   572   0   0   0   0
0   6   0   468   0   6   0   468   0   0   0   0
0   4   0   554   0   4   0   554   0   0   0   0
0   2   0   476   0   2   0   476   0   0   0   0
0   9   0   521   0   9   0   521   0   0   0   0
0   11   0   499   0   11   0   499   0   0   0   0
0   4   0   527   0   4   0   527   0   0   0   0
0   6   0   3495   0   6   0   3495   0   0   0   0
0   6   0   4417   0   6   0   4417   0   0   0   0
0   4   0   4685   0   4   0   4685   0   0   0   0
0   9   0   3495   0   9   0   3495   0   0   0   0
0   8   0   854   0   8   0   854   0   0   0   0
0   6   0   1263   0   6   0   1263   0   0   0   0
0   3   0   1058   0   3   0   1058   0   0   0   0
0   6   0   926   0   6   0   926   0   0   0   0
0   2   0   693   0   2   0   693   0   0   0   0
0   3   0   813   0   3   0   813   0   0   0   0
0   8   0   711   0   8   0   711   0   0   0   0
0   6   0   756   0   6   0   756   0   0   0   0
0   6   0   781   0   6   0   781   0   0   0   0
0   6   0   614   0   6   0   614   0   0   0   0
0   12   0   553   0   12   0   553   0   0   0   0
0   1   0   914   0   1   0   914   0   0   0   0
0   5   0   611   0   5   0   611   0   0   0   0
0   8   0   370   0   8   0   370   0   0   0   0
0   9   0   436   0   9   0   436   0   0   0   0
0   6   0   685   0   6   0   685   0   0   0   0
0   7   0   959   0   7   0   959   0   0   0   0
0   8   0   2343   0   8   0   2343   0   0   0   0
0   9   0   2339   0   9   0   2339   0   0   0   0
0   3   0   916   0   3   0   916   0   0   0   0
0   4   0   2900   0   4   0   2900   0   0   0   0
0   11   0   3534   0   11   0   3534   0   0   0   0
0   9   0   3450   0   9   0   3450   0   0   0   0
0   4   0   2858   0   4   0   2858   0   0   0   0
0   6   0   1529   0   6   0   1529   0   0   0   0
0   9   0   1723   0   9   0   1723   0   0   0   0
0   12   0   1724   0   12   0   1724   0   0   0   0
0   7   0   1560   0   7   0   1560   0   0   0   0
0   8   0   1354   0   8   0   1354   0   0   0   0
0   5   0   1089   0   5   0   1089   0   0   0   0
0   10   0   1131   0   10   0   1131   0   0   0   0
0   6   0   1469   0   6   0   1469   0   0   0   0
0   5   0   590   0   5   0   590   0   0   0   0
0   13   0   370   0   13   0   370   0   0   0   0
0   6   0   384   0   6   0   384   0   0   0   0
0   5   0   655   0   5   0   655   0   0   0   0
0   0   0   14   0   0   0   14   0   0   0   0
0   0   0   6   0   0   0   6   0   0   0   0
0   0   0   8   0   0   0   8   0   0   0   0
0   0   0   14   0   0   0   14   0   0   0   0
0   0   0   21   0   0   0   21   0   0   0   0
0   0   0   18   0   0   0   18   0   0   0   0
0   0   0   12   0   0   0   12   0   0   0   0
0   0   0   20   0   0   0   20   0   0   0   0
0   0   0   17   0   0   0   17   0   0   0   0
0   0   0   24   0   0   0   24   0   0   0   0
0   0   0   23   0   0   0   23   0   0   0   0
0   0   0   19   0   0   0   19   0   0   0   0
0   0   0   12   0   0   0   12   0   0   0   0
0   0   0   24   0   0   0   24   0   0   0   0
0   0   0   16   0   0   0   16   0   0   0   0
0   0   0   6   0   0   0   6   0   0   0   0
0   0   0   13   0   0   0   13   0   0   0   0
0   0   0   18   0   0   0   18   0   0   0   0
0   0   0   11   0   0   0   11   0   0   0   0
0   0   0   12   0   0   0   12   0   0   0   0
0   0   0   7   0   0   0   7   0   0   0   0
0   0   0   6   0   0   0   6   0   0   0   0
0   0   0   5   0   0   0   5   0   0   0   0
0   0   0   7   0   0   0   7   0   0   0   0
0   0   0   12   0   0   0   12   0   0   0   0
0   0   0   8   0   0   0   8   0   0   0   0
0   0   0   7   0   0   0   7   0   0   0   0
0   0   0   7   0   0   0   7   0   0   0   0
0   0   0   7   0   0   0   7   0   0   0   0
0   0   0   11   0   0   0   11   0   0   0   0
0   0   0   10   0   0   0   10   0   0   0   0
0   0   0   7   0   0   0   7   0   0   0   0
0   0   0   8   0   0   0   8   0   0   0   0
0   0   0   13   0   0   0   13   0   0   0   0
0   0   0   9   0   0   0   9   0   0   0   0
0   0   0   6   0   0   0   6   0   0   0   0
0   0   0   8   0   0   0   8   0   0   0   0
0   0   0   8   0   0   0   8   0   0   0   0
0   0   0   8   0   0   0   8   0   0   0   0
0   0   0   6   0   0   0   6   0   0   0   0
0   0   0   30   0   0   0   30   0   0   0   0
0   0   0   14   0   0   0   14   0   0   0   0
0   0   0   8   0   0   0   8   0   0   0   0
0   0   0   16   0   0   0   16   0   0   0   0
0   0   0   7   0   0   0   7   0   0   0   0
0   0   0   6   0   0   0   6   0   0   0   0
0   0   0   12   0   0   0   12   0   0   0   0
0   0   0   7   0   0   0   7   0   0   0   0
0   0   0   5   0   0   0   5   0   0   0   0
0   0   0   7   0   0   0   7   0   0   0   0
0   0   0   3   0   0   0   3   0   0   0   0
0   0   0   4   0   0   0   4   0   0   0   0
0   0   0   7   0   0   0   7   0   0   0   0
0   0   0   5   0   0   0   5   0   0   0   0
0   0   0   3   0   0   0   3   0   0   0   0
0   0   0   6   0   0   0   6   0   0   0   0
0   0   0   7   0   0   0   7   0   0   0   0
0   0   0   6   0   0   0   6   0   0   0   0
0   0   0   7   0   0   0   7   0   0   0   0
0   0   0   4   0   0   0   4   0   0   0   0
0   0   0   759   0   0   0   759   0   0   0   0
0   0   0   619   0   0   0   619   0   0   0   0
0   0   0   680   0   0   0   680   0   0   0   0
0   0   0   800   0   0   0   800   0   0   0   0
0   0   0   10   0   0   0   10   0   0   0   0
0   0   0   10   0   0   0   10   0   0   0   0
0   0   0   12   0   0   0   12   0   0   0   0
0   0   0   7   0   0   0   7   0   0   0   0
0   0   0   8   0   0   0   8   0   0   0   0
0   0   0   10   0   0   0   10   0   0   0   0
0   0   0   13   0   0   0   13   0   0   0   0
0   0   0   7   0   0   0   7   0   0   0   0
0   0   0   8   0   0   0   8   0   0   0   0
0   0   0   8   0   0   0   8   0   0   0   0
0   0   0   3   0   0   0   3   0   0   0   0
0   0   0   10   0   0   0   10   0   0   0   0
0   0   0   7   0   0   0   7   0   0   0   0
0   0   0   8   0   0   0   8   0   0   0   0
0   0   0   4   0   0   0   4   0   0   0   0
0   0   0   7   0   0   0   7   0   0   0   0
0   0   0   1415   0   0   0   1415   0   0   0   0
0   0   0   2042   0   0   0   2042   0   0   0   0
0   0   0   2082   0   0   0   2082   0   0   0   0
0   0   0   1371   0   0   0   1371   0   0   0   0
0   0   0   61   0   0   0   61   0   0   0   0
0   0   0   36   0   0   0   36   0   0   0   0
0   0   0   43   0   0   0   43   0   0   0   0
0   0   0   51   0   0   0   51   0   0   0   0
0   0   0   17   0   0   0   17   0   0   0   0
0   0   0   26   0   0   0   26   0   0   0   0
0   0   0   15   0   0   0   15   0   0   0   0
0   0   0   27   0   0   0   27   0   0   0   0
0   0   0   17   0   0   0   17   0   0   0   0
0   0   0   18   0   0   0   18   0   0   0   0
0   0   0   14   0   0   0   14   0   0   0   0
0   0   0   16   0   0   0   16   0   0   0   0
0   0   0   7   0   0   0   7   0   0   0   0
0   0   0   3   0   0   0   3   0   0   0   0
0   0   0   3   0   0   0   3   0   0   0   0
0   0   0   7   0   0   0   7   0   0   0   0
0   0   0   7   0   0   0   7   0   0   0   0
0   0   0   4   0   0   0   4   0   0   0   0
0   0   0   4   0   0   0   4   0   0   0   0
0   0   0   10   0   0   0   10   0   0   0   0
0   0   0   15   0   0   0   15   0   0   0   0
0   0   0   14   0   0   0   14   0   0   0   0
0   0   0   7   0   0   0   7   0   0   0   0
0   0   0   14   0   0   0   14   0   0   0   0
0   0   0   8   0   0   0   8   0   0   0   0
0   0   0   14   0   0   0   14   0   0   0   0
0   0   0   20   0   0   0   20   0   0   0   0
0   0   0   17   0   0   0   17   0   0   0   0
0   0   0   7   0   0   0   7   0   0   0   0
0   0   0   13   0   0   0   13   0   0   0   0
0   0   0   16   0   0   0   16   0   0   0   0
0   0   0   11   0   0   0   11   0   0   0   0
0   0   0   6   0   0   0   6   0   0   0   0
0   0   0   10   0   0   0   10   0   0   0   0
0   0   0   13   0   0   0   13   0   0   0   0
0   0   0   4   0   0   0   4   0   0   0   0
0   0   0   12   0   0   0   12   0   0   0   0
0   0   0   6   0   0   0   6   0   0   0   0
0   0   0   1   0   0   0   1   0   0   0   0
0   0   0   9   0   0   0   9   0   0   0   0
0   0   0   9   0   0   0   9   0   0   0   0
0   0   0   5   0   0   0   5   0   0   0   0
0   0   0   3   0   0   0   3   0   0   0   0
0   0   0   4   0   0   0   4   0   0   0   0
0   0   0   3   0   0   0   3   0   0   0   0
0   0   0   3   0   0   0   3   0   0   0   0
0   0   0   9   0   0   0   9   0   0   0   0
0   0   0   7   0   0   0   7   0   0   0   0
0   0   0   2   0   0   0   2   0   0   0   0
0   0   0   8   0   0   0   8   0   0   0   0
0   0   0   7   0   0   0   7   0   0   0   0
0   0   0   4   0   0   0   4   0   0   0   0
0   0   0   6   0   0   0   6   0   0   0   0
0   0   0   6   0   0   0   6   0   0   0   0
0   0   0   5   0   0   0   5   0   0   0   0
0   0   0   1   0   0   0   1   0   0   0   0
0   0   0   13   0   0   0   13   0   0   0   0
0   0   0   15   0   0   0   15   0   0   0   0
0   0   0   10   0   0   0   10   0   0   0   0
0   0   0   8   0   0   0   8   0   0   0   0
0   0   0   4   0   0   0   4   0   0   0   0
0   0   0   3   0   0   0   3   0   0   0   0
0   0   0   6   0   0   0   6   0   0   0   0
0   0   0   7   0   0   0   7   0   0   0   0
0   0   0   6   0   0   0   6   0   0   0   0
0   0   0   5   0   0   0   5   0   0   0   0
0   0   0   3   0   0   0   3   0   0   0   0
0   0   0   0   0   0   0   0   0   0   0   0
0   0   0   3   0   0   0   3   0   0   0   0
0   0   0   5   0   0   0   5   0   0   0   0
0   0   0   0   0   0   0   0   0   0   0   0
0   0   0   3   0   0   0   3   0   0   0   0
0   0   0   7   0   0   0   7   0   0   0   0
0   0   0   4   0   0   0   4   0   0   0   0
0   0   0   3   0   0   0   3   0   0   0   0
0   0   0   3   0   0   0   3   0   0   0   0
0   0   0   33   0   0   0   33   0   0   0   0
0   0   0   33   0   0   0   33   0   0   0   0
0   0   0   46   0   0   0   46   0   0   0   0
0   0   0   42   0   0   0   42   0   0   0   0
0   0   0   7   0   0   0   7   0   0   0   0
0   0   0   14   0   0   0   14   0   0   0   0
0   0   0   8   0   0   0   8   0   0   0   0
0   0   0   11   0   0   0   11   0   0   0   0
0   0   0   5   0   0   0   5   0   0   0   0
0   0   0   5   0   0   0   5   0   0   0   0
0   0   0   3   0   0   0   3   0   0   0   0
0   0   0   5   0   0   0   5   0   0   0   0
0   0   0   10   0   0   0   10   0   0   0   0
0   0   0   2   0   0   0   2   0   0   0   0
0   0   0   3   0   0   0   3   0   0   0   0
0   0   0   10   0   0   0   10   0   0   0   0
0   0   0   9   0   0   0   9   0   0   0   0
0   0   0   4   0   0   0   4   0   0   0   0
0   0   0   3   0   0   0   3   0   0   0   0
0   0   0   13   0   0   0   13   0   0   0   0
0   0   0   677   0   0   0   677   0   0   0   0
0   0   0   1095   0   0   0   1095   0   0   0   0
0   0   0   1158   0   0   0   1158   0   0   0   0
0   0   0   806   0   0   0   806   0   0   0   0
0   0   0   15   0   0   0   15   0   0   0   0
0   0   0   25   0   0   0   25   0   0   0   0
0   0   0   17   0   0   0   17   0   0   0   0
0   0   0   21   0   0   0   21   0   0   0   0
0   0   0   12   0   0   0   12   0   0   0   0
0   0   0   14   0   0   0   14   0   0   0   0
0   0   0   21   0   0   0   21   0   0   0   0
0   0   0   14   0   0   0   14   0   0   0   0
0   0   0   15   0   0   0   15   0   0   0   0
0   0   0   6   0   0   0   6   0   0   0   0
0   0   0   10   0   0   0   10   0   0   0   0
0   0   0   18   0   0   0   18   0   0   0   0
0   0   0   5   0   0   0   5   0   0   0   0
0   0   0   2   0   0   0   2   0   0   0   0
0   0   0   2   0   0   0   2   0   0   0   0
0   0   0   7   0   0   0   7   0   0   0   0
0   0   0   5   0   0   0   5   0   0   0   0
0   0   0   3   0   0   0   3   0   0   0   0
0   0   0   6   0   0   0   6   0   0   0   0
0   0   0   8   0   0   0   8   0   0   0   0
0   0   0   10   0   0   0   10   0   0   0   0
0   0   0   12   0   0   0   12   0   0   0   0
0   0   0   13   0   0   0   13   0   0   0   0
0   0   0   16   0   0   0   16   0   0   0   0
0   0   0   20   0   0   0   20   0   0   0   0
0   0   0   8   0   0   0   8   0   0   0   0
0   0   0   8   0   0   0   8   0   0   0   0
0   0   0   6   0   0   0   6   0   0   0   0
0   0   0   11   0   0   0   11   0   0   0   0
0   0   0   11   0   0   0   11   0   0   0   0
0   0   0   15   0   0   0   15   0   0   0   0
0   0   0   6   0   0   0   6   0   0   0   0
0   0   0   6   0   0   0   6   0   0   0   0
0   0   0   9   0   0   0   9   0   0   0   0
0   0   0   6   0   0   0   6   0   0   0   0
0   0   0   1   0   0   0   1   0   0   0   0
0   0   0   5   0   0   0   5   0   0   0   0
0   0   0   1   0   0   0   1   0   0   0   0
0   0   0   3   0   0   0   3   0   0   0   0
0   0   0   4   0   0   0   4   0   0   0   0
0   0   0   9   0   0   0   9   0   0   0   0
0   0   0   8   0   0   0   8   0   0   0   0
0   0   0   4   0   0   0   4   0   0   0   0
0   0   0   11   0   0   0   11   0   0   0   0
0   0   0   6   0   0   0   6   0   0   0   0
0   0   0   4   0   0   0   4   0   0   0   0
0   0   0   2   0   0   0   2   0   0   0   0
0   0   0   8   0   0   0   8   0   0   0   0
0   0   0   2   0   0   0   2   0   0   0   0
0   0   0   4   0   0   0   4   0   0   0   0
0   0   0   8   0   0   0   8   0   0   0   0
0   0   0   5   0   0   0   5   0   0   0   0
0   0   0   4   0   0   0   4   0   0   0   0
0   0   0   2   0   0   0   2   0   0   0   0
0   0   0   2   0   0   0   2   0   0   0   0
0   0   0   5   0   0   0   5   0   0   0   0
0   0   0   8   0   0   0   8   0   0   0   0
0   0   0   9   0   0   0   9   0   0   0   0
0   0   0   5   0   0   0   5   0   0   0   0
0   0   0   7   0   0   0   7   0   0   0   0
0   0   0   5   0   0   0   5   0   0   0   0
0   0   0   4   0   0   0   4   0   0   0   0
0   0   0   3   0   0   0   3   0   0   0   0
0   0   0   7   0   0   0   7   0   0   0   0
0   0   0   2   0   0   0   2   0   0   0   0
0   0   0   6   0   0   0   6   0   0   0   0
0   0   0   0   0   0   0   0   0   0   0   0
0   0   0   4   0   0   0   4   0   0   0   0
0   0   0   0   0   0   0   0   0   0   0   0
0   0   0   5   0   0   0   5   0   0   0   0
0   0   0   5   0   0   0   5   0   0   0   0
0   0   0   2   0   0   0   2   0   0   0   0
0   0   0   1   0   0   0   1   0   0   0   0
0   0   0   4   0   0   0   4   0   0   0   0
0   0   0   7   0   0   0   7   0   0   0   0
0   0   0   6   0   0   0   6   0   0   0   0
0   0   0   12   0   0   0   12   0   0   0   0
0   0   0   14   0   0   0   14   0   0   0   0
0   0   0   17   0   0   0   17   0   0   0   0
0   0   0   11   0   0   0   11   0   0   0   0
0   0   0   4   0   0   0   4   0   0   0   0
0   0   0   13   0   0   0   13   0   0   0   0
0   0   0   4   0   0   0   4   0   0   0   0
0   0   0   5   0   0   0   5   0   0   0   0
0   0   0   7   0   0   0   7   0   0   0   0
0   0   0   5   0   0   0   5   0   0   0   0
0   0   0   5   0   0   0   5   0   0   0   0
0   0   0   4   0   0   0   4   0   0   0   0
0   0   0   4   0   0   0   4   0   0   0   0
0   0   0   4   0   0   0   4   0   0   0   0
0   0   0   2   0   0   0   2   0   0   0   0
0   0   0   7   0   0   0   7   0   0   0   0
0   0   0   6   0   0   0   6   0   0   0   0
0   0   0   6   0   0   0   6   0   0   0   0
0   0   0   4   0   0   0   4   0   0   0   0
0   0   0   9   0   0   0   9   0   0   0   0
0   0   0   34   0   0   0   34   0   0   0   0
0   0   0   42   0   0   0   42   0   0   0   0
0   0   0   51   0   0   0   51   0   0   0   0
0   0   0   29   0   0   0   29   0   0   0   0
0   0   0   5   0   0   0   5   0   0   0   0
0   0   0   15   0   0   0   15   0   0   0   0
0   0   0   16   0   0   0   16   0   0   0   0
0   0   0   9   0   0   0   9   0   0   0   0
0   0   0   20   0   0   0   20   0   0   0   0
0   0   0   29   0   0   0   29   0   0   0   0
0   0   0   17   0   0   0   17   0   0   0   0
0   0   0   8   0   0   0   8   0   0   0   0
0   0   0   13   0   0   0   13   0   0   0   0
0   0   0   12   0   0   0   12   0   0   0   0
0   0   0   10   0   0   0   10   0   0   0   0
0   0   0   13   0   0   0   13   0   0   0   0
0   0   0   5   0   0   0   5   0   0   0   0
0   0   0   2   0   0   0   2   0   0   0   0
0   0   0   4   0   0   0   4   0   0   0   0
0   0   0   7   0   0   0   7   0   0   0   0
