7   20   1026   543   7   20   1026   543   0   0   0   0
9   29   1107   611   9   29   1107   611   0   0   0   0
8   25   1023   563   8   25   1023   563   0   0   0   0
15   30   1021   586   15   30   1021   586   0   0   0   0
267   478   2787   13249   267   478   2787   13249   0   0   0   0
250   519   2721   12795   250   519   2721   12795   0   0   0   0
234   541   2589   12791   234   541   2589   12791   0   0   0   0
272   499   2686   13085   272   499   2686   13085   0   0   0   0
640   939   2666   29500   640   939   2666   29500   0   0   0   0
528   917   2422   28501   528   917   2422   28501   0   0   0   0
568   919   2362   28316   568   919   2362   28316   0   0   0   0
583   940   2495   29710   583   940   2495   29710   0   0   0   0
597   947   2501   29674   597   947   2501   29674   0   0   0   0
526   835   2294   27657   526   835   2294   27657   0   0   0   0
570   866   2404   27724   570   866   2404   27724   0   0   0   0
594   974   2490   29726   594   974   2490   29726   0   0   0   0
249   546   2591   13284   249   546   2591   13284   0   0   0   0
194   477   2324   12091   194   477   2324   12091   0   0   0   0
202   438   2320   11780   202   438   2320   11780   0   0   0   0
243   517   2609   13235   243   517   2609   13235   0   0   0   0
5   21   869   672   5   21   869   672   0   0   0   0
5   19   695   572   5   19   695   572   0   0   0   0
7   16   736   556   7   16   736   556   0   0   0   0
9   28   935   651   9   28   935   651   0   0   0   0
14   37   2394   1133   14   37   2394   1133   0   0   0   0
13   45   2380   1216   13   45   2380   1216   0   0   0   0
15   40   2436   1115   15   40   2436   1115   0   0   0   0
17   43   2405   1067   17   43   2405   1067   0   0   0   0
278   564   3185   14356   278   564   3185   14356   0   0   0   0
251   511   2843   12955   251   511   2843   12955   0   0   0   0
224   466   2855   12909   224   466   2855   12909   0   0   0   0
268   502   3186   14138   268   502   3186   14138   0   0   0   0
516   744   2215   26167   516   744   2215   26167   0   0   0   0
458   647   1909   21693   458   647   1909   21693   0   0   0   0
418   633   1834   21579   418   633   1834   21579   0   0   0   0
529   757   2261   26396   529   757   2261   26396   0   0   0   0
449   719   1945   23694   449   719   1945   23694   0   0   0   0
364   501   1515   17740   364   501   1515   17740   0   0   0   0
389   507   1564   17514   389   507   1564   17514   0   0   0   0
463   711   2029   23748   463   711   2029   23748   0   0   0   0
199   377   2117   10263   199   377   2117   10263   0   0   0   0
128   223   1390   6813   128   223   1390   6813   0   0   0   0
136   224   1327   7036   136   224   1327   7036   0   0   0   0
197   351   2152   9975   197   351   2152   9975   0   0   0   0
7   16   826   726   7   16   826   726   0   0   0   0
4   15   499   421   4   15   499   421   0   0   0   0
4   18   552   402   4   18   552   402   0   0   0   0
5   14   896   674   5   14   896   674   0   0   0   0
11   14   1291   569   11   14   1291   569   0   0   0   0
8   20   1456   678   8   20   1456   678   0   0   0   0
4   25   1403   672   4   25   1403   672   0   0   0   0
2   21   1237   559   2   21   1237   559   0   0   0   0
97   176   1253   5186   97   176   1253   5186   0   0   0   0
124   262   1494   6751   124   262   1494   6751   0   0   0   0
120   255   1545   6579   120   255   1545   6579   0   0   0   0
103   181   1192   5130   103   181   1192   5130   0   0   0   0
159   162   612   7298   159   162   612   7298   0   0   0   0
244   273   952   10432   244   273   952   10432   0   0   0   0
206   293   889   10650   206   293   889   10650   0   0   0   0
152   191   643   7159   152   191   643   7159   0   0   0   0
96   130   441   4942   96   130   441   4942   0   0   0   0
166   191   685   8446   166   191   685   8446   0   0   0   0
203   203   743   8391   203   203   743   8391   0   0   0   0
96   126   387   4911   96   126   387   4911   0   0   0   0
37   62   320   1675   37   62   320   1675   0   0   0   0
75   91   709   3482   75   91   709   3482   0   0   0   0
76   90   705   3541   76   90   705   3541   0   0   0   0
29   49   365   1661   29   49   365   1661   0   0   0   0
0   1   183   225   0   1   183   225   0   0   0   0
4   5   387   245   4   5   387   245   0   0   0   0
7   2   347   258   7   2   347   258   0   0   0   0
1   1   174   256   1   1   174   256   0   0   0   0
7   16   1282   567   7   16   1282   567   0   0   0   0
13   18   1530   762   13   18   1530   762   0   0   0   0
7   36   1460   758   7   36   1460   758   0   0   0   0
2   15   1227   623   2   15   1227   623   0   0   0   0
192   221   2057   9609   192   221   2057   9609   0   0   0   0
229   487   2775   12859   229   487   2775   12859   0   0   0   0
253   459   2731   12859   253   459   2731   12859   0   0   0   0
163   218   2076   9691   163   218   2076   9691   0   0   0   0
401   346   1652   18891   401   346   1652   18891   0   0   0   0
558   585   2263   26997   558   585   2263   26997   0   0   0   0
565   586   2259   26981   565   586   2259   26981   0   0   0   0
388   319   1650   18818   388   319   1650   18818   0   0   0   0
358   348   1478   17321   358   348   1478   17321   0   0   0   0
541   440   2310   26103   541   440   2310   26103   0   0   0   0
551   462   2228   25776   551   462   2228   25776   0   0   0   0
337   349   1394   17094   337   349   1394   17094   0   0   0   0
111   194   1339   7041   111   194   1339   7041   0   0   0   0
219   227   2310   11732   219   227   2310   11732   0   0   0   0
207   246   2265   11414   207   246   2265   11414   0   0   0   0
132   219   1384   6920   132   219   1384   6920   0   0   0   0
2   13   434   460   2   13   434   460   0   0   0   0
2   13   849   663   2   13   849   663   0   0   0   0
3   16   849   683   3   16   849   683   0   0   0   0
4   7   440   465   4   7   440   465   0   0   0   0
3   6   621   341   3   6   621   341   0   0   0   0
5   9   791   442   5   9   791   442   0   0   0   0
9   4   803   452   9   4   803   452   0   0   0   0
6   6   600   359   6   6   600   359   0   0   0   0
156   67   1738   8628   156   67   1738   8628   0   0   0   0
185   164   2090   10301   185   164   2090   10301   0   0   0   0
190   147   1998   10338   190   147   1998   10338   0   0   0   0
160   73   1760   8403   160   73   1760   8403   0   0   0   0
384   114   1711   19090   384   114   1711   19090   0   0   0   0
467   177   1982   23312   467   177   1982   23312   0   0   0   0
477   159   2032   23039   477   159   2032   23039   0   0   0   0
405   114   1630   19089   405   114   1630   19089   0   0   0   0
407   132   1613   18774   407   132   1613   18774   0   0   0   0
497   146   2035   23327   497   146   2035   23327   0   0   0   0
490   147   1948   23488   490   147   1948   23488   0   0   0   0
384   135   1561   18713   384   135   1561   18713   0   0   0   0
165   89   1659   8201   165   89   1659   8201   0   0   0   0
186   107   2056   10471   186   107   2056   10471   0   0   0   0
185   75   2035   10542   185   75   2035   10542   0   0   0   0
168   107   1612   8179   168   107   1612   8179   0   0   0   0
5   6   537   488   5   6   537   488   0   0   0   0
3   9   677   568   3   9   677   568   0   0   0   0
5   11   686   526   5   11   686   526   0   0   0   0
5   7   475   462   5   7   475   462   0   0   0   0
42   100   1947   2211   42   100   1947   2211   0   0   0   0
39   97   2043   2412   39   97   2043   2412   0   0   0   0
29   112   1970   2469   29   112   1970   2469   0   0   0   0
35   124   1928   2258   35   124   1928   2258   0   0   0   0
601   1254   5297   32426   601   1254   5297   32426   0   0   0   0
656   1381   6013   36566   656   1381   6013   36566   0   0   0   0
742   1469   6322   36624   742   1469   6322   36624   0   0   0   0
630   1206   5540   31958   630   1206   5540   31958   0   0   0   0
1060   1711   4827   54214   1060   1711   4827   54214   0   0   0   0
1293   1931   5960   64500   1293   1931   5960   64500   0   0   0   0
1321   1997   6079   64863   1321   1997   6079   64863   0   0   0   0
1133   1700   4955   53991   1133   1700   4955   53991   0   0   0   0
1101   1638   4906   52265   1101   1638   4906   52265   0   0   0   0
1349   2039   6099   65312   1349   2039   6099   65312   0   0   0   0
1304   1979   5867   65961   1304   1979   5867   65961   0   0   0   0
1076   1595   4773   52376   1076   1595   4773   52376   0   0   0   0
588   1099   4792   28625   588   1099   4792   28625   0   0   0   0
754   1477   6514   39040   754   1477   6514   39040   0   0   0   0
736   1416   6630   39055   736   1416   6630   39055   0   0   0   0
543   1084   4777   28578   543   1084   4777   28578   0   0   0   0
28   71   1365   1786   28   71   1365   1786   0   0   0   0
50   152   2287   3167   50   152   2287   3167   0   0   0   0
53   127   2283   3127   53   127   2283   3127   0   0   0   0
35   79   1368   1757   35   79   1368   1757   0   0   0   0
38   113   3004   2892   38   113   3004   2892   0   0   0   0
48   149   3235   3156   48   149   3235   3156   0   0   0   0
58   148   3200   3144   58   148   3200   3144   0   0   0   0
46   138   3024   2998   46   138   3024   2998   0   0   0   0
479   999   4594   25303   479   999   4594   25303   0   0   0   0
562   1193   5203   30376   562   1193   5203   30376   0   0   0   0
590   1135   5325   30107   590   1135   5325   30107   0   0   0   0
490   938   4551   25355   490   938   4551   25355   0   0   0   0
703   1009   3234   35204   703   1009   3234   35204   0   0   0   0
966   1372   4486   47656   966   1372   4486   47656   0   0   0   0
982   1367   4458   47232   982   1367   4458   47232   0   0   0   0
675   979   3186   34720   675   979   3186   34720   0   0   0   0
602   907   2694   29940   602   907   2694   29940   0   0   0   0
995   1348   4419   47067   995   1348   4419   47067   0   0   0   0
901   1359   4285   47516   901   1359   4285   47516   0   0   0   0
612   843   2728   29811   612   843   2728   29811   0   0   0   0
267   551   2494   15088   267   551   2494   15088   0   0   0   0
589   1027   5047   30554   589   1027   5047   30554   0   0   0   0
646   1092   5070   30668   646   1092   5070   30668   0   0   0   0
273   565   2509   14785   273   565   2509   14785   0   0   0   0
28   35   1045   1298   28   35   1045   1298   0   0   0   0
54   119   2494   3458   54   119   2494   3458   0   0   0   0
46   122   2540   3524   46   122   2540   3524   0   0   0   0
15   52   1080   1361   15   52   1080   1361   0   0   0   0
18   62   1567   1349   18   62   1567   1349   0   0   0   0
24   92   1760   1541   24   92   1760   1541   0   0   0   0
18   88   1745   1605   18   88   1745   1605   0   0   0   0
26   64   1528   1378   26   64   1528   1378   0   0   0   0
202   278   1846   9820   202   278   1846   9820   0   0   0   0
192   412   1861   10232   192   412   1861   10232   0   0   0   0
200   376   1914   10213   200   376   1914   10213   0   0   0   0
212   288   1837   9838   212   288   1837   9838   0   0   0   0
334   300   1296   13584   334   300   1296   13584   0   0   0   0
257   298   1145   11800   257   298   1145   11800   0   0   0   0
244   314   1044   11754   244   314   1044   11754   0   0   0   0
285   309   1275   13589   285   309   1275   13589   0   0   0   0
293   343   1274   13166   293   343   1274   13166   0   0   0   0
150   182   836   9007   150   182   836   9007   0   0   0   0
176   210   826   9013   176   210   826   9013   0   0   0   0
262   365   1230   13146   262   365   1230   13146   0   0   0   0
172   365   1560   9020   172   365   1560   9020   0   0   0   0
75   138   767   4886   75   138   767   4886   0   0   0   0
98   147   754   4722   98   147   754   4722   0   0   0   0
144   337   1421   9029   144   337   1421   9029   0   0   0   0
22   46   988   1345   22   46   988   1345   0   0   0   0
8   24   561   859   8   24   561   859   0   0   0   0
11   32   576   830   11   32   576   830   0   0   0   0
25   51   956   1360   25   51   956   1360   0   0   0   0
29   72   1919   2201   29   72   1919   2201   0   0   0   0
42   124   2218   2397   42   124   2218   2397   0   0   0   0
31   114   2234   2435   31   114   2234   2435   0   0   0   0
38   63   1961   2073   38   63   1961   2073   0   0   0   0
503   494   4464   26302   503   494   4464   26302   0   0   0   0
490   836   4657   27020   490   836   4657   27020   0   0   0   0
569   836   4726   26780   569   836   4726   26780   0   0   0   0
540   478   4491   26210   540   478   4491   26210   0   0   0   0
926   743   4294   45307   926   743   4294   45307   0   0   0   0
906   818   3861   42209   906   818   3861   42209   0   0   0   0
923   854   3914   42269   923   854   3914   42269   0   0   0   0
923   801   4298   45405   923   801   4298   45405   0   0   0   0
938   986   4339   47141   938   986   4339   47141   0   0   0   0
817   659   3549   38950   817   659   3549   38950   0   0   0   0
779   651   3457   39241   779   651   3457   39241   0   0   0   0
1003   962   4395   47102   1003   962   4395   47102   0   0   0   0
587   883   4961   30334   587   883   4961   30334   0   0   0   0
391   377   3357   20462   391   377   3357   20462   0   0   0   0
369   369   3305   20846   369   369   3305   20846   0   0   0   0
571   982   4956   30027   571   982   4956   30027   0   0   0   0
38   114   2029   3008   38   114   2029   3008   0   0   0   0
17   41   997   1524   17   41   997   1524   0   0   0   0
16   45   1030   1451   16   45   1030   1451   0   0   0   0
48   105   2018   2926   48   105   2018   2926   0   0   0   0
27   13   1277   1627   27   13   1277   1627   0   0   0   0
23   46   1418   1731   23   46   1418   1731   0   0   0   0
24   42   1352   1799   24   42   1352   1799   0   0   0   0
29   16   1278   1487   29   16   1278   1487   0   0   0   0
456   167   4080   23996   456   167   4080   23996   0   0   0   0
510   341   4344   25718   510   341   4344   25718   0   0   0   0
455   330   4255   25876   455   330   4255   25876   0   0   0   0
482   159   4022   23870   482   159   4022   23870   0   0   0   0
843   244   3959   42868   843   244   3959   42868   0   0   0   0
878   315   3871   44132   878   315   3871   44132   0   0   0   0
905   313   4103   43746   905   313   4103   43746   0   0   0   0
852   293   3858   43110   852   293   3858   43110   0   0   0   0
837   323   3996   44122   837   323   3996   44122   0   0   0   0
920   237   4001   43301   920   237   4001   43301   0   0   0   0
902   262   4014   42953   902   262   4014   42953   0   0   0   0
887   292   3997   44063   887   292   3997   44063   0   0   0   0
499   342   4383   26268   499   342   4383   26268   0   0   0   0
485   158   3940   24276   485   158   3940   24276   0   0   0   0
428   157   3894   24348   428   157   3894   24348   0   0   0   0
537   337   4341   26240   537   337   4341   26240   0   0   0   0
41   46   1448   2168   41   46   1448   2168   0   0   0   0
28   17   1153   1666   28   17   1153   1666   0   0   0   0
31   23   1133   1681   31   23   1133   1681   0   0   0   0
35   36   1475   2187   35   36   1475   2187   0   0   0   0
50   124   1231   2798   50   124   1231   2798   0   0   0   0
42   157   1325   3307   42   157   1325   3307   0   0   0   0
52   147   1340   3204   52   147   1340   3204   0   0   0   0
52   123   1180   2857   52   123   1180   2857   0   0   0   0
490   848   3604   25274   490   848   3604   25274   0   0   0   0
610   1168   4453   31853   610   1168   4453   31853   0   0   0   0
643   1203   4456   31601   643   1203   4456   31601   0   0   0   0
472   945   3454   25234   472   945   3454   25234   0   0   0   0
677   926   3218   33765   677   926   3218   33765   0   0   0   0
986   1316   4586   47338   986   1316   4586   47338   0   0   0   0
957   1343   4603   47832   957   1343   4603   47832   0   0   0   0
706   938   3330   33894   706   938   3330   33894   0   0   0   0
627   937   3054   31453   627   937   3054   31453   0   0   0   0
1015   1435   4938   50171   1015   1435   4938   50171   0   0   0   0
985   1444   4861   50120   985   1444   4861   50120   0   0   0   0
630   924   3079   31384   630   924   3079   31384   0   0   0   0
416   819   2974   20545   416   819   2974   20545   0   0   0   0
704   1334   5568   38365   704   1334   5568   38365   0   0   0   0
779   1363   5523   38230   779   1363   5523   38230   0   0   0   0
391   797   2933   20087   391   797   2933   20087   0   0   0   0
30   92   786   1816   30   92   786   1816   0   0   0   0
94   229   2199   5176   94   229   2199   5176   0   0   0   0
79   215   2147   5061   79   215   2147   5061   0   0   0   0
28   90   772   1879   28   90   772   1879   0   0   0   0
50   115   1516   2987   50   115   1516   2987   0   0   0   0
58   163   1706   3445   58   163   1706   3445   0   0   0   0
63   134   1793   3435   63   134   1793   3435   0   0   0   0
70   141   1553   2972   70   141   1553   2972   0   0   0   0
296   560   2577   16877   296   560   2577   16877   0   0   0   0
500   886   3743   25886   500   886   3743   25886   0   0   0   0
483   916   3684   25671   483   916   3684   25671   0   0   0   0
306   573   2485   16838   306   573   2485   16838   0   0   0   0
377   517   1873   19308   377   517   1873   19308   0   0   0   0
812   1022   3833   39216   812   1022   3833   39216   0   0   0   0
767   1115   3840   39632   767   1115   3840   39632   0   0   0   0
401   498   1891   19297   401   498   1891   19297   0   0   0   0
335   464   1741   17919   335   464   1741   17919   0   0   0   0
908   1289   4517   46287   908   1289   4517   46287   0   0   0   0
947   1181   4394   46021   947   1181   4394   46021   0   0   0   0
349   457   1678   17794   349   457   1678   17794   0   0   0   0
262   478   2035   13960   262   478   2035   13960   0   0   0   0
776   1519   6298   43451   776   1519   6298   43451   0   0   0   0
815   1519   6422   43522   815   1519   6422   43522   0   0   0   0
262   432   2052   14115   262   432   2052   14115   0   0   0   0
50   130   1753   3621   50   130   1753   3621   0   0   0   0
155   431   4231   10222   155   431   4231   10222   0   0   0   0
174   393   4333   10005   174   393   4333   10005   0   0   0   0
58   137   1792   3722   58   137   1792   3722   0   0   0   0
29   58   743   1337   29   58   743   1337   0   0   0   0
21   56   819   1494   21   56   819   1494   0   0   0   0
30   79   808   1593   30   79   808   1593   0   0   0   0
24   57   732   1332   24   57   732   1332   0   0   0   0
145   211   1219   8150   145   211   1219   8150   0   0   0   0
105   196   900   6141   105   196   900   6141   0   0   0   0
134   190   987   6049   134   190   987   6049   0   0   0   0
175   193   1235   8025   175   193   1235   8025   0   0   0   0
236   259   1200   12161   236   259   1200   12161   0   0   0   0
138   160   681   6832   138   160   681   6832   0   0   0   0
151   155   709   6753   151   155   709   6753   0   0   0   0
242   280   1184   12205   242   280   1184   12205   0   0   0   0
309   389   1483   15158   309   389   1483   15158   0   0   0   0
137   137   652   7101   137   137   652   7101   0   0   0   0
134   130   690   7054   134   130   690   7054   0   0   0   0
318   342   1475   15271   318   342   1475   15271   0   0   0   0
328   552   2437   16396   328   552   2437   16396   0   0   0   0
160   217   1192   7818   160   217   1192   7818   0   0   0   0
152   208   1131   7751   152   208   1131   7751   0   0   0   0
329   573   2363   16412   329   573   2363   16412   0   0   0   0
59   220   1991   4692   59   220   1991   4692   0   0   0   0
46   129   1360   3143   46   129   1360   3143   0   0   0   0
51   146   1409   3199   51   146   1409   3199   0   0   0   0
67   198   1990   4588   67   198   1990   4588   0   0   0   0
40   77   1137   2433   40   77   1137   2433   0   0   0   0
59   102   1288   2714   59   102   1288   2714   0   0   0   0
48   107   1327   2696   48   107   1327   2696   0   0   0   0
42   64   1160   2473   42   64   1160   2473   0   0   0   0
436   390   3463   23333   436   390   3463   23333   0   0   0   0
340   483   2811   19394   340   483   2811   19394   0   0   0   0
372   545   2871   19427   372   545   2871   19427   0   0   0   0
460   382   3429   23395   460   382   3429   23395   0   0   0   0
751   598   3600   36737   751   598   3600   36737   0   0   0   0
500   495   2355   24431   500   495   2355   24431   0   0   0   0
479   432   2323   23995   479   432   2323   23995   0   0   0   0
752   571   3623   36726   752   571   3623   36726   0   0   0   0
879   770   4058   41127   879   770   4058   41127   0   0   0   0
412   342   2183   22033   412   342   2183   22033   0   0   0   0
464   365   2118   22013   464   365   2118   22013   0   0   0   0
851   772   4073   41515   851   772   4073   41515   0   0   0   0
629   1129   4970   35518   629   1129   4970   35518   0   0   0   0
314   256   2069   14499   314   256   2069   14499   0   0   0   0
276   244   1981   14459   276   244   1981   14459   0   0   0   0
694   1026   5174   35319   694   1026   5174   35319   0   0   0   0
118   235   2683   6294   118   235   2683   6294   0   0   0   0
33   80   979   2117   33   80   979   2117   0   0   0   0
36   56   954   2180   36   56   954   2180   0   0   0   0
109   247   2645   6380   109   247   2645   6380   0   0   0   0
37   16   873   2042   37   16   873   2042   0   0   0   0
40   51   959   2192   40   51   959   2192   0   0   0   0
37   34   930   2096   37   34   930   2096   0   0   0   0
36   18   854   2016   36   18   854   2016   0   0   0   0
398   108   3014   20730   398   108   3014   20730   0   0   0   0
434   228   3035   19986   434   228   3035   19986   0   0   0   0
429   207   2989   20114   429   207   2989   20114   0   0   0   0
412   114   3038   20657   412   114   3038   20657   0   0   0   0
691   164   3096   31526   691   164   3096   31526   0   0   0   0
610   185   2764   28078   610   185   2764   28078   0   0   0   0
576   180   2776   28122   576   180   2776   28122   0   0   0   0
648   200   3032   31243   648   200   3032   31243   0   0   0   0
656   227   3213   32568   656   227   3213   32568   0   0   0   0
563   143   2648   27023   563   143   2648   27023   0   0   0   0
530   150   2575   27056   530   150   2575   27056   0   0   0   0
656   239   3067   33146   656   239   3067   33146   0   0   0   0
519   301   3626   24957   519   301   3626   24957   0   0   0   0
342   100   2497   17869   342   100   2497   17869   0   0   0   0
350   103   2505   17988   350   103   2505   17988   0   0   0   0
475   293   3613   25085   475   293   3613   25085   0   0   0   0
62   78   1313   3302   62   78   1313   3302   0   0   0   0
30   16   698   1724   30   16   698   1724   0   0   0   0
34   17   707   1700   34   17   707   1700   0   0   0   0
69   72   1329   3343   69   72   1329   3343   0   0   0   0
120   278   1807   6884   120   278   1807   6884   0   0   0   0
129   352   1986   7860   129   352   1986   7860   0   0   0   0
154   336   1986   7772   154   336   1986   7772   0   0   0   0
152   275   1731   6820   152   275   1731   6820   0   0   0   0
806   1338   5150   40964   806   1338   5150   40964   0   0   0   0
1061   1936   7371   57226   1061   1936   7371   57226   0   0   0   0
1155   1979   7330   56844   1155   1979   7330   56844   0   0   0   0
778   1343   5289   40753   778   1343   5289   40753   0   0   0   0
935   1364   4798   47717   935   1364   4798   47717   0   0   0   0
1485   2081   7658   77772   1485   2081   7658   77772   0   0   0   0
1524   2079   7821   77665   1524   2079   7821   77665   0   0   0   0
931   1212   4589   47693   931   1212   4589   47693   0   0   0   0
886   1168   4400   44755   886   1168   4400   44755   0   0   0   0
1757   2230   8548   84284   1757   2230   8548   84284   0   0   0   0
1765   2285   8610   84404   1765   2285   8610   84404   0   0   0   0
869   1259   4456   44643   869   1259   4456   44643   0   0   0   0
575   1059   3995   31680   575   1059   3995   31680   0   0   0   0
1503   2516   10109   77925   1503   2516   10109   77925   0   0   0   0
1524   2483   9999   77954   1524   2483   9999   77954   0   0   0   0
622   1039   4162   31999   622   1039   4162   31999   0   0   0   0
68   223   1268   4924   68   223   1268   4924   0   0   0   0
283   751   4503   17483   283   751   4503   17483   0   0   0   0
271   714   4430   17029   271   714   4430   17029   0   0   0   0
78   213   1262   4962   78   213   1262   4962   0   0   0   0
101   240   1640   5962   101   240   1640   5962   0   0   0   0
126   267   1832   7256   126   267   1832   7256   0   0   0   0
151   297   1902   7241   151   297   1902   7241   0   0   0   0
118   230   1658   5914   118   230   1658   5914   0   0   0   0
498   761   3269   25276   498   761   3269   25276   0   0   0   0
933   1532   6092   48321   933   1532   6092   48321   0   0   0   0
921   1554   6202   48596   921   1554   6202   48596   0   0   0   0
472   712   3224   24929   472   712   3224   24929   0   0   0   0
590   687   2838   28894   590   687   2838   28894   0   0   0   0
1478   1887   7509   75746   1478   1887   7509   75746   0   0   0   0
1506   1818   7465   75254   1506   1818   7465   75254   0   0   0   0
547   667   2748   29132   547   667   2748   29132   0   0   0   0
593   772   3058   31935   593   772   3058   31935   0   0   0   0
1943   2397   9608   97393   1943   2397   9608   97393   0   0   0   0
1956   2324   9802   97450   1956   2324   9802   97450   0   0   0   0
633   752   3056   32150   633   752   3056   32150   0   0   0   0
793   1274   5274   39737   793   1274   5274   39737   0   0   0   0
2229   3701   15432   118186   2229   3701   15432   118186   0   0   0   0
2311   3665   15524   118112   2311   3665   15524   118112   0   0   0   0
775   1271   5288   39584   775   1271   5288   39584   0   0   0   0
365   802   6087   22050   365   802   6087   22050   0   0   0   0
763   1791   12137   45378   763   1791   12137   45378   0   0   0   0
738   1881   12226   45495   738   1881   12226   45495   0   0   0   0
332   811   6114   21860   332   811   6114   21860   0   0   0   0
39   80   722   2443   39   80   722   2443   0   0   0   0
42   93   759   2563   42   93   759   2563   0   0   0   0
46   90   722   2526   46   90   722   2526   0   0   0   0
44   85   657   2452   44   85   657   2452   0   0   0   0
311   376   1922   15238   311   376   1922   15238   0   0   0   0
164   283   1175   9172   164   283   1175   9172   0   0   0   0
202   276   1243   9059   202   276   1243   9059   0   0   0   0
313   336   1939   15376   313   336   1939   15376   0   0   0   0
530   499   2650   25646   530   499   2650   25646   0   0   0   0
245   254   1243   12431   245   254   1243   12431   0   0   0   0
270   262   1308   12345   270   262   1308   12345   0   0   0   0
498   469   2451   25584   498   469   2451   25584   0   0   0   0
721   869   3568   36717   721   869   3568   36717   0   0   0   0
352   348   1740   18088   352   348   1740   18088   0   0   0   0
336   325   1766   17808   336   325   1766   17808   0   0   0   0
714   842   3732   36696   714   842   3732   36696   0   0   0   0
964   1573   6721   50438   964   1573   6721   50438   0   0   0   0
542   725   3817   28251   542   725   3817   28251   0   0   0   0
555   726   3970   28346   555   726   3970   28346   0   0   0   0
931   1640   6678   50446   931   1640   6678   50446   0   0   0   0
374   943   6208   22002   374   943   6208   22002   0   0   0   0
291   719   4764   16733   291   719   4764   16733   0   0   0   0
283   680   4854   16790   283   680   4854   16790   0   0   0   0
378   883   6164   22023   378   883   6164   22023   0   0   0   0
116   131   1574   5775   116   131   1574   5775   0   0   0   0
96   220   1570   5879   96   220   1570   5879   0   0   0   0
120   187   1594   5785   120   187   1594   5785   0   0   0   0
109   126   1554   5670   109   126   1554   5670   0   0   0   0
876   635   5747   44151   876   635   5747   44151   0   0   0   0
610   737   3981   29960   610   737   3981   29960   0   0   0   0
562   741   3856   30057   562   741   3856   30057   0   0   0   0
815   607   5531   43860   815   607   5531   43860   0   0   0   0
1346   890   6446   65621   1346   890   6446   65621   0   0   0   0
642   497   3250   33215   642   497   3250   33215   0   0   0   0
682   600   3328   33157   682   600   3328   33157   0   0   0   0
1361   954   6601   65704   1361   954   6601   65704   0   0   0   0
1601   1364   7713   79158   1601   1364   7713   79158   0   0   0   0
603   457   3137   31538   603   457   3137   31538   0   0   0   0
623   419   3064   31552   623   419   3064   31552   0   0   0   0
1519   1319   7728   78428   1519   1319   7728   78428   0   0   0   0
1609   2302   10924   84235   1609   2302   10924   84235   0   0   0   0
518   430   3561   26977   518   430   3561   26977   0   0   0   0
501   466   3582   27086   501   466   3582   27086   0   0   0   0
1658   2255   11031   83517   1658   2255   11031   83517   0   0   0   0
413   982   6747   24760   413   982   6747   24760   0   0   0   0
177   294   2717   9472   177   294   2717   9472   0   0   0   0
157   263   2686   9438   157   263   2686   9438   0   0   0   0
446   909   6826   24785   446   909   6826   24785   0   0   0   0
90   38   1308   5147   90   38   1308   5147   0   0   0   0
98   78   1324   5247   98   78   1324   5247   0   0   0   0
80   72   1368   5311   80   72   1368   5311   0   0   0   0
86   38   1354   5017   86   38   1354   5017   0   0   0   0
713   198   4873   37415   713   198   4873   37415   0   0   0   0
651   303   4491   33952   651   303   4491   33952   0   0   0   0
640   307   4445   34059   640   307   4445   34059   0   0   0   0
709   195   4829   37582   709   195   4829   37582   0   0   0   0
1081   262   5114   50229   1081   262   5114   50229   0   0   0   0
755   260   3970   40342   755   260   3970   40342   0   0   0   0
839   215   4183   40641   839   215   4183   40641   0   0   0   0
1090   294   5152   50707   1090   294   5152   50707   0   0   0   0
1072   392   5424   55091   1072   392   5424   55091   0   0   0   0
801   184   3833   38863   801   184   3833   38863   0   0   0   0
774   192   3783   38790   774   192   3783   38790   0   0   0   0
1081   318   5377   54702   1081   318   5377   54702   0   0   0   0
910   508   6366   49105   910   508   6366   49105   0   0   0   0
558   140   3597   28514   558   140   3597   28514   0   0   0   0
574   162   3747   28312   574   162   3747   28312   0   0   0   0
935   513   6438   48870   935   513   6438   48870   0   0   0   0
158   162   2575   10300   158   162   2575   10300   0   0   0   0
66   43   1105   4074   66   43   1105   4074   0   0   0   0
71   38   1011   4105   71   38   1011   4105   0   0   0   0
168   166   2523   10184   168   166   2523   10184   0   0   0   0
85   182   815   4639   85   182   815   4639   0   0   0   0
107   217   924   5235   107   217   924   5235   0   0   0   0
114   224   987   5287   114   224   987   5287   0   0   0   0
94   187   864   4667   94   187   864   4667   0   0   0   0
422   648   2621   21589   422   648   2621   21589   0   0   0   0
618   1041   3728   31110   618   1041   3728   31110   0   0   0   0
602   937   3673   31247   602   937   3673   31247   0   0   0   0
483   710   2591   21553   483   710   2591   21553   0   0   0   0
461   562   2286   22720   461   562   2286   22720   0   0   0   0
772   999   3962   40275   772   999   3962   40275   0   0   0   0
815   999   3949   40048   815   999   3949   40048   0   0   0   0
420   568   2266   22698   420   568   2266   22698   0   0   0   0
420   545   2153   21461   420   545   2153   21461   0   0   0   0
889   1142   4461   44980   889   1142   4461   44980   0   0   0   0
887   1119   4454   45308   887   1119   4454   45308   0   0   0   0
400   546   2030   21579   400   546   2030   21579   0   0   0   0
307   560   1921   16845   307   560   1921   16845   0   0   0   0
897   1416   5491   47113   897   1416   5491   47113   0   0   0   0
987   1443   5656   46816   987   1443   5656   46816   0   0   0   0
340   502   2006   16636   340   502   2006   16636   0   0   0   0
58   160   755   3898   58   160   755   3898   0   0   0   0
257   506   2552   14172   257   506   2552   14172   0   0   0   0
262   554   2671   14181   262   554   2671   14181   0   0   0   0
56   136   685   3816   56   136   685   3816   0   0   0   0
64   142   765   4327   64   142   765   4327   0   0   0   0
90   172   926   4933   90   172   926   4933   0   0   0   0
88   185   896   4784   88   185   896   4784   0   0   0   0
76   163   828   4196   76   163   828   4196   0   0   0   0
270   367   1606   14086   270   367   1606   14086   0   0   0   0
534   871   3252   29005   534   871   3252   29005   0   0   0   0
584   848   3427   28631   584   848   3427   28631   0   0   0   0
277   360   1640   14048   277   360   1640   14048   0   0   0   0
323   374   1581   15519   323   374   1581   15519   0   0   0   0
869   1044   4294   43973   869   1044   4294   43973   0   0   0   0
855   1014   4304   43431   855   1014   4304   43431   0   0   0   0
328   329   1586   15759   328   329   1586   15759   0   0   0   0
427   460   1905   19473   427   460   1905   19473   0   0   0   0
1235   1310   6058   59194   1235   1310   6058   59194   0   0   0   0
1213   1318   5868   59343   1213   1318   5868   59343   0   0   0   0
388   394   1927   19461   388   394   1927   19461   0   0   0   0
570   930   3707   31014   570   930   3707   31014   0   0   0   0
1578   2415   10045   82843   1578   2415   10045   82843   0   0   0   0
1636   2446   9933   83391   1636   2446   9933   83391   0   0   0   0
615   949   3699   31001   615   949   3699   31001   0   0   0   0
417   897   4639   22577   417   897   4639   22577   0   0   0   0
722   1671   8251   42206   722   1671   8251   42206   0   0   0   0
752   1770   8492   42318   752   1770   8492   42318   0   0   0   0
419   834   4523   22897   419   834   4523   22897   0   0   0   0
33   49   311   1711   33   49   311   1711   0   0   0   0
42   57   348   1739   42   57   348   1739   0   0   0   0
31   66   349   1783   31   66   349   1783   0   0   0   0
30   52   350   1666   30   52   350   1666   0   0   0   0
198   188   1102   9477   198   188   1102   9477   0   0   0   0
111   151   622   5702   111   151   622   5702   0   0   0   0
92   127   669   5555   92   127   669   5555   0   0   0   0
199   178   1114   9512   199   178   1114   9512   0   0   0   0
295   274   1587   16511   295   274   1587   16511   0   0   0   0
179   150   829   8454   179   150   829   8454   0   0   0   0
177   136   807   8273   177   136   807   8273   0   0   0   0
299   298   1577   16057   299   298   1577   16057   0   0   0   0
479   535   2355   23786   479   535   2355   23786   0   0   0   0
255   180   1323   12788   255   180   1323   12788   0   0   0   0
265   236   1257   12729   265   236   1257   12729   0   0   0   0
461   514   2314   23858   461   514   2314   23858   0   0   0   0
755   1075   4604   37636   755   1075   4604   37636   0   0   0   0
463   612   2884   23769   463   612   2884   23769   0   0   0   0
480   533   2887   23349   480   533   2887   23349   0   0   0   0
697   1133   4567   37835   697   1133   4567   37835   0   0   0   0
401   875   4473   21743   401   875   4473   21743   0   0   0   0
336   663   3605   17787   336   663   3605   17787   0   0   0   0
331   657   3525   17831   331   657   3525   17831   0   0   0   0
371   919   4248   21970   371   919   4248   21970   0   0   0   0
80   66   753   3819   80   66   753   3819   0   0   0   0
60   119   834   4086   60   119   834   4086   0   0   0   0
89   143   783   4126   89   143   783   4126   0   0   0   0
66   68   720   3808   66   68   720   3808   0   0   0   0
564   340   3020   25334   564   340   3020   25334   0   0   0   0
306   335   1924   16244   306   335   1924   16244   0   0   0   0
307   316   1892   16199   307   316   1892   16199   0   0   0   0
521   380   2964   25240   521   380   2964   25240   0   0   0   0
705   483   3494   36080   705   483   3494   36080   0   0   0   0
295   237   1615   16708   295   237   1615   16708   0   0   0   0
342   264   1688   16620   342   264   1688   16620   0   0   0   0
688   498   3588   36160   688   498   3588   36160   0   0   0   0
916   756   4451   44762   916   756   4451   44762   0   0   0   0
355   210   1647   16457   355   210   1647   16457   0   0   0   0
332   226   1631   16406   332   226   1631   16406   0   0   0   0
849   730   4391   44706   849   730   4391   44706   0   0   0   0
1042   1376   6480   54730   1042   1376   6480   54730   0   0   0   0
340   239   2047   17278   340   239   2047   17278   0   0   0   0
340   251   2107   17123   340   251   2107   17123   0   0   0   0
1081   1391   6492   55176   1081   1391   6492   55176   0   0   0   0
395   808   4349   22478   395   808   4349   22478   0   0   0   0
163   266   1959   9854   163   266   1959   9854   0   0   0   0
189   261   2022   9615   189   261   2022   9615   0   0   0   0
425   816   4513   22661   425   816   4513   22661   0   0   0   0
69   23   629   3508   69   23   629   3508   0   0   0   0
73   38   675   3713   73   38   675   3713   0   0   0   0
69   38   627   3657   69   38   627   3657   0   0   0   0
51   28   596   3412   51   28   596   3412   0   0   0   0
434   101   2489   20613   434   101   2489   20613   0   0   0   0
337   133   2149   18241   337   133   2149   18241   0   0   0   0
334   140   2124   18067   334   140   2124   18067   0   0   0   0
388   101   2404   20837   388   101   2404   20837   0   0   0   0
531   140   2554   26329   531   140   2554   26329   0   0   0   0
429   124   2016   19481   429   124   2016   19481   0   0   0   0
397   102   1914   19768   397   102   1914   19768   0   0   0   0
544   156   2647   26036   544   156   2647   26036   0   0   0   0
553   184   2813   28756   553   184   2813   28756   0   0   0   0
351   99   1778   18730   351   99   1778   18730   0   0   0   0
345   106   1779   18848   345   106   1779   18848   0   0   0   0
579   186   2870   28859   579   186   2870   28859   0   0   0   0
557   250   3364   28705   557   250   3364   28705   0   0   0   0
285   90   1717   14711   285   90   1717   14711   0   0   0   0
287   67   1718   14858   287   67   1718   14858   0   0   0   0
561   263   3420   28561   561   263   3420   28561   0   0   0   0
145   114   1465   7907   145   114   1465   7907   0   0   0   0
41   27   573   2913   41   27   573   2913   0   0   0   0
40   24   532   2892   40   24   532   2892   0   0   0   0
166   104   1545   7916   166   104   1545   7916   0   0   0   0
217   449   1553   11304   217   449   1553   11304   0   0   0   0
218   415   1675   11704   218   415   1675   11704   0   0   0   0
236   427   1669   11903   236   427   1669   11903   0   0   0   0
192   419   1601   11265   192   419   1601   11265   0   0   0   0
820   1225   4527   42972   820   1225   4527   42972   0   0   0   0
1184   1780   6715   62003   1184   1780   6715   62003   0   0   0   0
1204   1677   6809   61787   1204   1677   6809   61787   0   0   0   0
782   1222   4455   42408   782   1222   4455   42408   0   0   0   0
849   967   4141   41365   849   967   4141   41365   0   0   0   0
1538   1780   7372   76338   1538   1780   7372   76338   0   0   0   0
1519   1744   7541   76105   1519   1744   7541   76105   0   0   0   0
831   934   4017   41576   831   934   4017   41576   0   0   0   0
778   857   3686   37994   778   857   3686   37994   0   0   0   0
1781   2024   8468   87058   1781   2024   8468   87058   0   0   0   0
1768   1941   8463   86454   1768   1941   8463   86454   0   0   0   0
767   872   3683   38291   767   872   3683   38291   0   0   0   0
616   863   3476   32829   616   863   3476   32829   0   0   0   0
2011   2884   10789   100018   2011   2884   10789   100018   0   0   0   0
1954   2719   10721   100362   1954   2719   10721   100362   0   0   0   0
605   906   3411   33080   605   906   3411   33080   0   0   0   0
207   364   1551   10697   207   364   1551   10697   0   0   0   0
673   1389   5530   38160   673   1389   5530   38160   0   0   0   0
674   1412   5505   38346   674   1412   5505   38346   0   0   0   0
205   351   1498   10708   205   351   1498   10708   0   0   0   0
211   370   1495   10911   211   370   1495   10911   0   0   0   0
201   409   1528   11046   201   409   1528   11046   0   0   0   0
217   345   1642   11097   217   345   1642   11097   0   0   0   0
202   374   1467   10763   202   374   1467   10763   0   0   0   0
624   757   3301   29951   624   757   3301   29951   0   0   0   0
1131   1573   6437   60392   1131   1573   6437   60392   0   0   0   0
1158   1548   6381   60004   1158   1548   6381   60004   0   0   0   0
581   801   3179   29907   581   801   3179   29907   0   0   0   0
696   641   3303   33245   696   641   3303   33245   0   0   0   0
1889   2003   8790   91273   1889   2003   8790   91273   0   0   0   0
1842   1994   8840   91097   1842   1994   8840   91097   0   0   0   0
656   702   3258   33382   656   702   3258   33382   0   0   0   0
915   986   4422   45165   915   986   4422   45165   0   0   0   0
2565   2710   12742   128798   2565   2710   12742   128798   0   0   0   0
2608   2847   12684   129821   2608   2847   12684   129821   0   0   0   0
919   987   4497   44769   919   987   4497   44769   0   0   0   0
1733   2318   9057   81523   1733   2318   9057   81523   0   0   0   0
3938   5350   22307   201951   3938   5350   22307   201951   0   0   0   0
3945   5257   21995   202100   3945   5257   21995   202100   0   0   0   0
1648   2352   9167   82021   1648   2352   9167   82021   0   0   0   0
1391   2967   11361   75847   1391   2967   11361   75847   0   0   0   0
2391   4918   19124   128874   2391   4918   19124   128874   0   0   0   0
2422   4770   19239   128922   2422   4770   19239   128922   0   0   0   0
1475   2868   11489   75579   1475   2868   11489   75579   0   0   0   0
72   82   539   4103   72   82   539   4103   0   0   0   0
94   157   667   4762   94   157   667   4762   0   0   0   0
81   148   655   4927   81   148   655   4927   0   0   0   0
64   97   525   4090   64   97   525   4090   0   0   0   0
430   362   2220   20957   430   362   2220   20957   0   0   0   0
272   328   1456   13910   272   328   1456   13910   0   0   0   0
261   313   1512   14016   261   313   1512   14016   0   0   0   0
419   381   2279   20762   419   381   2279   20762   0   0   0   0
754   604   3468   35569   754   604   3468   35569   0   0   0   0
405   310   1943   19710   405   310   1943   19710   0   0   0   0
328   343   1838   20017   328   343   1838   20017   0   0   0   0
675   658   3359   35240   675   658   3359   35240   0   0   0   0
1087   1060   5245   54369   1087   1060   5245   54369   0   0   0   0
623   561   3136   31953   623   561   3136   31953   0   0   0   0
665   545   3160   31888   665   545   3160   31888   0   0   0   0
1138   1064   5380   54811   1138   1064   5380   54811   0   0   0   0
1904   2509   10423   94633   1904   2509   10423   94633   0   0   0   0
1180   1344   6939   64496   1180   1344   6939   64496   0   0   0   0
1266   1307   7151   64425   1266   1307   7151   64425   0   0   0   0
1812   2605   10401   94568   1812   2605   10401   94568   0   0   0   0
1337   2541   10302   68548   1337   2541   10302   68548   0   0   0   0
1098   1856   8774   59146   1098   1856   8774   59146   0   0   0   0
1101   1910   8831   58814   1101   1910   8831   58814   0   0   0   0
1254   2673   10230   69102   1254   2673   10230   69102   0   0   0   0
143   125   1226   8809   143   125   1226   8809   0   0   0   0
198   268   1500   10365   198   268   1500   10365   0   0   0   0
179   258   1487   10438   179   258   1487   10438   0   0   0   0
171   145   1241   8567   171   145   1241   8567   0   0   0   0
964   650   5379   50971   964   650   5379   50971   0   0   0   0
609   590   3494   32987   609   590   3494   32987   0   0   0   0
673   637   3705   33143   673   637   3705   33143   0   0   0   0
1018   660   5633   50987   1018   660   5633   50987   0   0   0   0
1466   923   6995   71800   1466   923   6995   71800   0   0   0   0
649   429   3089   32336   649   429   3089   32336   0   0   0   0
645   422   3121   32395   645   422   3121   32395   0   0   0   0
1367   971   6954   72172   1367   971   6954   72172   0   0   0   0
1845   1452   8856   92052   1845   1452   8856   92052   0   0   0   0
701   402   3209   32503   701   402   3209   32503   0   0   0   0
675   410   3133   32259   675   410   3133   32259   0   0   0   0
1840   1442   8940   91514   1840   1442   8940   91514   0   0   0   0
2460   2748   13877   125529   2460   2748   13877   125529   0   0   0   0
822   590   4474   40889   822   590   4474   40889   0   0   0   0
826   577   4466   40967   826   577   4466   40967   0   0   0   0
2451   2735   13750   125556   2451   2735   13750   125556   0   0   0   0
1233   1943   9519   66250   1233   1943   9519   66250   0   0   0   0
606   701   4878   32031   606   701   4878   32031   0   0   0   0
618   710   4720   32336   618   710   4720   32336   0   0   0   0
1204   1974   9565   66055   1204   1974   9565   66055   0   0   0   0
147   58   1116   7872   147   58   1116   7872   0   0   0   0
186   66   1256   8912   186   66   1256   8912   0   0   0   0
173   74   1272   8866   173   74   1272   8866   0   0   0   0
138   47   1097   7756   138   47   1097   7756   0   0   0   0
791   204   4387   40815   791   204   4387   40815   0   0   0   0
754   255   3980   35670   754   255   3980   35670   0   0   0   0
688   243   3852   35437   688   243   3852   35437   0   0   0   0
780   205   4366   41054   780   205   4366   41054   0   0   0   0
1013   259   4761   49590   1013   259   4761   49590   0   0   0   0
695   208   3461   36131   695   208   3461   36131   0   0   0   0
690   176   3437   36039   690   176   3437   36039   0   0   0   0
981   281   4729   49519   981   281   4729   49519   0   0   0   0
1156   373   5468   54773   1156   373   5468   54773   0   0   0   0
693   176   3305   33630   693   176   3305   33630   0   0   0   0
643   160   3173   33533   643   160   3173   33533   0   0   0   0
1099   355   5285   54699   1099   355   5285   54699   0   0   0   0
1174   499   6549   60088   1174   499   6549   60088   0   0   0   0
525   151   3130   27886   525   151   3130   27886   0   0   0   0
550   145   3056   28001   550   145   3056   28001   0   0   0   0
1177   536   6552   60610   1177   536   6552   60610   0   0   0   0
421   234   3103   21077   421   234   3103   21077   0   0   0   0
135   56   1008   7540   135   56   1008   7540   0   0   0   0
135   51   1071   7543   135   51   1071   7543   0   0   0   0
399   241   3084   20981   399   241   3084   20981   0   0   0   0
118   212   703   6303   118   212   703   6303   0   0   0   0
110   202   669   5951   110   202   669   5951   0   0   0   0
121   176   654   5995   121   176   654   5995   0   0   0   0
113   206   705   6227   113   206   705   6227   0   0   0   0
377   487   1959   20136   377   487   1959   20136   0   0   0   0
551   669   2759   28395   551   669   2759   28395   0   0   0   0
599   627   2818   28203   599   627   2818   28203   0   0   0   0
418   470   2011   20256   418   470   2011   20256   0   0   0   0
345   371   1672   18271   345   371   1672   18271   0   0   0   0
723   670   3245   34428   723   670   3245   34428   0   0   0   0
701   671   3189   34023   701   671   3189   34023   0   0   0   0
347   372   1674   18279   347   372   1674   18279   0   0   0   0
300   336   1457   16491   300   336   1457   16491   0   0   0   0
787   795   3579   39698   787   795   3579   39698   0   0   0   0
783   769   3662   39883   783   769   3662   39883   0   0   0   0
358   304   1617   16622   358   304   1617   16622   0   0   0   0
311   322   1479   15031   311   322   1479   15031   0   0   0   0
934   1184   4793   48539   934   1184   4793   48539   0   0   0   0
909   1213   4788   48713   909   1213   4788   48713   0   0   0   0
320   337   1565   14951   320   337   1565   14951   0   0   0   0
118   197   744   6406   118   197   744   6406   0   0   0   0
417   737   2570   22381   417   737   2570   22381   0   0   0   0
428   722   2656   22600   428   722   2656   22600   0   0   0   0
134   204   751   6611   134   204   751   6611   0   0   0   0
124   209   715   6812   124   209   715   6812   0   0   0   0
104   167   707   5854   104   167   707   5854   0   0   0   0
106   193   678   6037   106   193   678   6037   0   0   0   0
121   211   752   6702   121   211   752   6702   0   0   0   0
323   372   1564   15932   323   372   1564   15932   0   0   0   0
598   736   2910   29230   598   736   2910   29230   0   0   0   0
592   684   2925   29476   592   684   2925   29476   0   0   0   0
338   364   1611   15883   338   364   1611   15883   0   0   0   0
324   360   1575   17259   324   360   1575   17259   0   0   0   0
884   913   4084   44526   884   913   4084   44526   0   0   0   0
865   860   4013   44487   865   860   4013   44487   0   0   0   0
378   321   1710   17450   378   321   1710   17450   0   0   0   0
472   488   2244   24285   472   488   2244   24285   0   0   0   0
1296   1302   6073   64348   1296   1302   6073   64348   0   0   0   0
1262   1290   6049   64640   1262   1290   6049   64640   0   0   0   0
477   461   2178   24207   477   461   2178   24207   0   0   0   0
899   1225   4741   47797   899   1225   4741   47797   0   0   0   0
2161   2556   10830   108477   2161   2556   10830   108477   0   0   0   0
2150   2492   10843   108609   2150   2492   10843   108609   0   0   0   0
960   1174   4740   46959   960   1174   4740   46959   0   0   0   0
935   1752   6014   50438   935   1752   6014   50438   0   0   0   0
1585   2757   9626   82376   1585   2757   9626   82376   0   0   0   0
1534   2782   9593   82690   1534   2782   9593   82690   0   0   0   0
944   1774   5887   50759   944   1774   5887   50759   0   0   0   0
49   45   260   2471   49   45   260   2471   0   0   0   0
69   85   369   3239   69   85   369   3239   0   0   0   0
81   81   371   3251   81   81   371   3251   0   0   0   0
37   62   261   2282   37   62   261   2282   0   0   0   0
185   179   1015   10586   185   179   1015   10586   0   0   0   0
131   156   760   7959   131   156   760   7959   0   0   0   0
156   147   720   8136   156   147   720   8136   0   0   0   0
215   188   1060   10751   215   188   1060   10751   0   0   0   0
336   277   1593   17735   336   277   1593   17735   0   0   0   0
196   187   962   10882   196   187   962   10882   0   0   0   0
209   178   1062   10893   209   178   1062   10893   0   0   0   0
369   290   1726   17789   369   290   1726   17789   0   0   0   0
552   517   2713   28205   552   517   2713   28205   0   0   0   0
338   281   1636   17856   338   281   1636   17856   0   0   0   0
329   274   1636   17565   329   274   1636   17565   0   0   0   0
535   502   2633   28072   535   502   2633   28072   0   0   0   0
971   1318   5234   52878   971   1318   5234   52878   0   0   0   0
743   692   3870   37574   743   692   3870   37574   0   0   0   0
741   746   3946   37607   741   746   3946   37607   0   0   0   0
974   1276   5121   52653   974   1276   5121   52653   0   0   0   0
811   1487   5147   44603   811   1487   5147   44603   0   0   0   0
773   1053   4570   39086   773   1053   4570   39086   0   0   0   0
727   1014   4559   39103   727   1014   4559   39103   0   0   0   0
874   1535   5270   44643   874   1535   5270   44643   0   0   0   0
73   50   456   4411   73   50   456   4411   0   0   0   0
122   120   732   6167   122   120   732   6167   0   0   0   0
104   123   694   6136   104   123   694   6136   0   0   0   0
79   64   512   4474   79   64   512   4474   0   0   0   0
472   293   2398   23921   472   293   2398   23921   0   0   0   0
338   257   1669   16635   338   257   1669   16635   0   0   0   0
326   258   1603   16754   326   258   1603   16754   0   0   0   0
428   280   2359   23947   428   280   2359   23947   0   0   0   0
659   420   3062   33211   659   420   3062   33211   0   0   0   0
300   169   1422   15319   300   169   1422   15319   0   0   0   0
298   164   1388   15295   298   164   1388   15295   0   0   0   0
681   412   3172   33267   681   412   3172   33267   0   0   0   0
904   636   4043   43918   904   636   4043   43918   0   0   0   0
292   190   1507   15915   292   190   1507   15915   0   0   0   0
325   190   1474   15685   325   190   1474   15685   0   0   0   0
889   620   4003   43696   889   620   4003   43696   0   0   0   0
1323   1154   6540   65372   1323   1154   6540   65372   0   0   0   0
404   309   2160   22576   404   309   2160   22576   0   0   0   0
443   311   2242   22450   443   311   2242   22450   0   0   0   0
1307   1221   6512   65242   1307   1221   6512   65242   0   0   0   0
798   919   4805   41067   798   919   4805   41067   0   0   0   0
407   367   2488   21265   407   367   2488   21265   0   0   0   0
418   389   2550   21475   418   389   2550   21475   0   0   0   0
769   1048   4781   40996   769   1048   4781   40996   0   0   0   0
82   21   419   3766   82   21   419   3766   0   0   0   0
84   36   543   4766   84   36   543   4766   0   0   0   0
93   34   565   4762   93   34   565   4762   0   0   0   0
64   16   452   3868   64   16   452   3868   0   0   0   0
365   112   1816   18779   365   112   1816   18779   0   0   0   0
326   117   1661   16522   326   117   1661   16522   0   0   0   0
389   121   1694   16577   389   121   1694   16577   0   0   0   0
373   111   1736   18761   373   111   1736   18761   0   0   0   0
438   126   2076   22158   438   126   2076   22158   0   0   0   0
320   87   1415   15664   320   87   1415   15664   0   0   0   0
294   82   1430   15873   294   82   1430   15873   0   0   0   0
458   136   2061   21865   458   136   2061   21865   0   0   0   0
500   159   2290   24665   500   159   2290   24665   0   0   0   0
254   82   1314   14658   254   82   1314   14658   0   0   0   0
300   60   1294   14595   300   60   1294   14595   0   0   0   0
471   147   2282   24782   471   147   2282   24782   0   0   0   0
552   222   2851   29339   552   222   2851   29339   0   0   0   0
272   81   1295   12877   272   81   1295   12877   0   0   0   0
273   71   1308   12934   273   71   1308   12934   0   0   0   0
568   232   2906   29253   568   232   2906   29253   0   0   0   0
235   96   1478   12075   235   96   1478   12075   0   0   0   0
75   44   489   4369   75   44   489   4369   0   0   0   0
71   31   499   4262   71   31   499   4262   0   0   0   0
240   126   1474   12141   240   126   1474   12141   0   0   0   0
169   224   889   9118   169   224   889   9118   0   0   0   0
135   183   692   7636   135   183   692   7636   0   0   0   0
153   179   733   7484   153   179   733   7484   0   0   0   0
164   229   872   9180   164   229   872   9180   0   0   0   0
540   521   2461   26476   540   521   2461   26476   0   0   0   0
675   670   3254   35574   675   670   3254   35574   0   0   0   0
661   659   3209   35762   661   659   3209   35762   0   0   0   0
451   515   2441   26568   451   515   2441   26568   0   0   0   0
446   391   1999   23341   446   391   1999   23341   0   0   0   0
891   696   3888   42653   891   696   3888   42653   0   0   0   0
867   650   3875   42628   867   650   3875   42628   0   0   0   0
488   365   2084   23243   488   365   2084   23243   0   0   0   0
401   318   1862   21052   401   318   1862   21052   0   0   0   0
1011   843   4398   50235   1011   843   4398   50235   0   0   0   0
998   800   4353   50507   998   800   4353   50507   0   0   0   0
424   326   1841   21143   424   326   1841   21143   0   0   0   0
373   342   1745   19673   373   342   1745   19673   0   0   0   0
1296   1291   5964   64082   1296   1291   5964   64082   0   0   0   0
1309   1292   5835   64422   1309   1292   5835   64422   0   0   0   0
377   360   1860   19403   377   360   1860   19403   0   0   0   0
193   239   1002   9521   193   239   1002   9521   0   0   0   0
630   953   3290   32240   630   953   3290   32240   0   0   0   0
588   905   3235   32377   588   905   3235   32377   0   0   0   0
184   226   969   9385   184   226   969   9385   0   0   0   0
198   321   1141   11921   198   321   1141   11921   0   0   0   0
185   275   930   9033   185   275   930   9033   0   0   0   0
161   229   877   9005   161   229   877   9005   0   0   0   0
219   350   1166   12065   219   350   1166   12065   0   0   0   0
491   488   2264   24661   491   488   2264   24661   0   0   0   0
769   751   3622   38547   769   751   3622   38547   0   0   0   0
768   833   3575   38583   768   833   3575   38583   0   0   0   0
500   469   2306   24326   500   469   2306   24326   0   0   0   0
464   427   2163   25248   464   427   2163   25248   0   0   0   0
1122   1004   5067   58254   1122   1004   5067   58254   0   0   0   0
1191   1018   5146   58596   1191   1018   5146   58596   0   0   0   0
466   443   2126   25033   466   443   2126   25033   0   0   0   0
668   591   3051   34259   668   591   3051   34259   0   0   0   0
1659   1496   7524   85732   1659   1496   7524   85732   0   0   0   0
1699   1469   7658   85977   1699   1469   7658   85977   0   0   0   0
686   618   2983   34597   686   618   2983   34597   0   0   0   0
1367   1578   6290   68622   1367   1578   6290   68622   0   0   0   0
2969   3176   13798   151843   2969   3176   13798   151843   0   0   0   0
2886   2952   14010   150762   2886   2952   14010   150762   0   0   0   0
1355   1551   6454   68770   1355   1551   6454   68770   0   0   0   0
1502   2432   8124   78780   1502   2432   8124   78780   0   0   0   0
2485   3697   12638   124550   2485   3697   12638   124550   0   0   0   0
2336   3668   12450   125185   2336   3668   12450   125185   0   0   0   0
1538   2470   8036   78817   1538   2470   8036   78817   0   0   0   0
67   68   399   4094   67   68   399   4094   0   0   0   0
115   128   633   6230   115   128   633   6230   0   0   0   0
139   140   684   6261   139   140   684   6261   0   0   0   0
82   83   400   3985   82   83   400   3985   0   0   0   0
261   225   1290   14519   261   225   1290   14519   0   0   0   0
256   241   1139   13111   256   241   1139   13111   0   0   0   0
236   231   1207   12659   236   231   1207   12659   0   0   0   0
303   218   1402   14474   303   218   1402   14474   0   0   0   0
479   365   2152   23611   479   365   2152   23611   0   0   0   0
297   242   1371   15970   297   242   1371   15970   0   0   0   0
281   221   1408   16010   281   221   1408   16010   0   0   0   0
497   369   2103   23602   497   369   2103   23602   0   0   0   0
748   685   3426   38035   748   685   3426   38035   0   0   0   0
464   355   2264   25577   464   355   2264   25577   0   0   0   0
526   378   2265   25509   526   378   2265   25509   0   0   0   0
795   640   3401   37947   795   640   3401   37947   0   0   0   0
1444   1625   6790   73989   1444   1625   6790   73989   0   0   0   0
1090   919   5051   54701   1090   919   5051   54701   0   0   0   0
1041   953   5002   54219   1041   953   5002   54219   0   0   0   0
1437   1638   6785   74087   1437   1638   6785   74087   0   0   0   0
1302   1836   6952   67857   1302   1836   6952   67857   0   0   0   0
1170   1413   6253   60733   1170   1413   6253   60733   0   0   0   0
1183   1355   6103   60750   1183   1355   6103   60750   0   0   0   0
1310   1921   6936   67391   1310   1921   6936   67391   0   0   0   0
91   74   505   5782   91   74   505   5782   0   0   0   0
212   177   1082   10505   212   177   1082   10505   0   0   0   0
222   159   1043   10098   222   159   1043   10098   0   0   0   0
104   73   556   5961   104   73   556   5961   0   0   0   0
579   345   2655   30361   579   345   2655   30361   0   0   0   0
447   285   2094   24024   447   285   2094   24024   0   0   0   0
435   312   2150   24236   435   312   2150   24236   0   0   0   0
614   366   2702   30183   614   366   2702   30183   0   0   0   0
794   521   3656   41915   794   521   3656   41915   0   0   0   0
403   207   1840   20849   403   207   1840   20849   0   0   0   0
417   229   1873   20890   417   229   1873   20890   0   0   0   0
862   536   3691   41608   862   536   3691   41608   0   0   0   0
1136   768   4958   56263   1136   768   4958   56263   0   0   0   0
447   247   1909   21715   447   247   1909   21715   0   0   0   0
389   244   1875   21824   389   244   1875   21824   0   0   0   0
1141   764   5066   56184   1141   764   5066   56184   0   0   0   0
1799   1360   8140   88312   1799   1360   8140   88312   0   0   0   0
654   414   3000   32233   654   414   3000   32233   0   0   0   0
628   421   2929   32020   628   421   2929   32020   0   0   0   0
1808   1371   8231   88355   1808   1371   8231   88355   0   0   0   0
1186   1197   6143   61398   1186   1197   6143   61398   0   0   0   0
625   550   3358   33258   625   550   3358   33258   0   0   0   0
666   548   3456   33433   666   548   3456   33433   0   0   0   0
1125   1147   5970   60882   1125   1147   5970   60882   0   0   0   0
93   28   510   5103   93   28   510   5103   0   0   0   0
160   61   703   6904   160   61   703   6904   0   0   0   0
136   63   676   7083   136   63   676   7083   0   0   0   0
89   23   493   5044   89   23   493   5044   0   0   0   0
484   161   2141   23118   484   161   2141   23118   0   0   0   0
403   136   1981   22182   403   136   1981   22182   0   0   0   0
440   152   2007   21931   440   152   2007   21931   0   0   0   0
454   149   2178   23212   454   149   2178   23212   0   0   0   0
531   193   2382   27120   531   193   2382   27120   0   0   0   0
394   114   1744   19749   394   114   1744   19749   0   0   0   0
419   118   1783   19886   419   118   1783   19886   0   0   0   0
560   189   2394   26952   560   189   2394   26952   0   0   0   0
614   206   2717   30808   614   206   2717   30808   0   0   0   0
375   88   1664   18052   375   88   1664   18052   0   0   0   0
367   97   1561   18336   367   97   1561   18336   0   0   0   0
603   219   2754   30933   603   219   2754   30933   0   0   0   0
776   253   3578   38510   776   253   3578   38510   0   0   0   0
314   115   1508   16564   314   115   1508   16564   0   0   0   0
350   94   1514   16451   350   94   1514   16451   0   0   0   0
818   289   3561   38357   818   289   3561   38357   0   0   0   0
330   160   1782   17470   330   160   1782   17470   0   0   0   0
121   40   584   6111   121   40   584   6111   0   0   0   0
135   46   656   6236   135   46   656   6236   0   0   0   0
347   164   1762   17462   347   164   1762   17462   0   0   0   0
263   190   1137   13702   263   190   1137   13702   0   0   0   0
159   87   718   8165   159   87   718   8165   0   0   0   0
188   111   749   8381   188   111   749   8381   0   0   0   0
257   220   1156   13814   257   220   1156   13814   0   0   0   0
646   390   2796   33543   646   390   2796   33543   0   0   0   0
747   432   3043   36979   747   432   3043   36979   0   0   0   0
708   411   3039   36806   708   411   3039   36806   0   0   0   0
653   455   2723   33327   653   455   2723   33327   0   0   0   0
531   303   2270   27639   531   303   2270   27639   0   0   0   0
900   445   3665   44264   900   445   3665   44264   0   0   0   0
849   460   3525   43856   849   460   3525   43856   0   0   0   0
594   307   2289   27640   594   307   2289   27640   0   0   0   0
501   231   2008   24202   501   231   2008   24202   0   0   0   0
1010   571   4257   52761   1010   571   4257   52761   0   0   0   0
1066   546   4212   52170   1066   546   4212   52170   0   0   0   0
454   239   1976   24417   454   239   1976   24417   0   0   0   0
437   246   1867   22794   437   246   1867   22794   0   0   0   0
1421   888   5768   70188   1421   888   5768   70188   0   0   0   0
1436   864   5714   70198   1436   864   5714   70198   0   0   0   0
502   253   1868   22407   502   253   1868   22407   0   0   0   0
200   163   970   11471   200   163   970   11471   0   0   0   0
755   667   3333   38362   755   667   3333   38362   0   0   0   0
806   671   3380   38214   806   671   3380   38214   0   0   0   0
246   174   1029   11605   246   174   1029   11605   0   0   0   0
538   499   2257   26855   538   499   2257   26855   0   0   0   0
372   318   1558   18221   372   318   1558   18221   0   0   0   0
391   309   1537   17948   391   309   1537   17948   0   0   0   0
556   529   2237   26774   556   529   2237   26774   0   0   0   0
871   628   3414   41631   871   628   3414   41631   0   0   0   0
942   714   3936   46535   942   714   3936   46535   0   0   0   0
872   751   3766   46743   872   751   3766   46743   0   0   0   0
877   664   3408   41454   877   664   3408   41454   0   0   0   0
709   467   2857   35275   709   467   2857   35275   0   0   0   0
1289   938   5328   64016   1289   938   5328   64016   0   0   0   0
1263   866   5213   64022   1263   866   5213   64022   0   0   0   0
722   463   2842   35221   722   463   2842   35221   0   0   0   0
885   627   3508   42920   885   627   3508   42920   0   0   0   0
1910   1370   7640   94521   1910   1370   7640   94521   0   0   0   0
1876   1333   7652   93902   1876   1333   7652   93902   0   0   0   0
895   629   3636   43023   895   629   3636   43023   0   0   0   0
1626   1386   6754   81494   1626   1386   6754   81494   0   0   0   0
3389   2829   14011   170527   3389   2829   14011   170527   0   0   0   0
3401   2735   14049   170315   3401   2735   14049   170315   0   0   0   0
1656   1298   6744   81107   1656   1298   6744   81107   0   0   0   0
1944   2043   8364   96335   1944   2043   8364   96335   0   0   0   0
2836   3236   12821   151163   2836   3236   12821   151163   0   0   0   0
2968   3068   12634   150676   2968   3068   12634   150676   0   0   0   0
1877   2002   8237   96089   1877   2002   8237   96089   0   0   0   0
198   192   813   9649   198   192   813   9649   0   0   0   0
276   230   1250   15365   276   230   1250   15365   0   0   0   0
311   242   1280   15107   311   242   1280   15107   0   0   0   0
201   186   810   9712   201   186   810   9712   0   0   0   0
383   266   1537   19422   383   266   1537   19422   0   0   0   0
499   329   1915   22679   499   329   1915   22679   0   0   0   0
441   299   1810   23219   441   299   1810   23219   0   0   0   0
365   297   1590   19118   365   297   1590   19118   0   0   0   0
528   359   2145   26980   528   359   2145   26980   0   0   0   0
472   286   1805   22461   472   286   1805   22461   0   0   0   0
433   275   1756   22350   433   275   1756   22350   0   0   0   0
547   422   2220   26947   547   422   2220   26947   0   0   0   0
836   619   3434   41836   836   619   3434   41836   0   0   0   0
639   421   2599   31552   639   421   2599   31552   0   0   0   0
630   457   2608   31494   630   457   2608   31494   0   0   0   0
847   603   3354   41647   847   603   3354   41647   0   0   0   0
1713   1356   6965   83567   1713   1356   6965   83567   0   0   0   0
1283   1043   5332   64632   1283   1043   5332   64632   0   0   0   0
1289   1000   5423   64184   1289   1000   5423   64184   0   0   0   0
1681   1482   6963   83972   1681   1482   6963   83972   0   0   0   0
1632   1534   7004   82323   1632   1534   7004   82323   0   0   0   0
1468   1323   6251   74229   1468   1323   6251   74229   0   0   0   0
1481   1306   6441   74296   1481   1306   6441   74296   0   0   0   0
1610   1522   6948   82709   1610   1522   6948   82709   0   0   0   0
167   118   662   7986   167   118   662   7986   0   0   0   0
406   256   1615   19414   406   256   1615   19414   0   0   0   0
378   251   1624   19291   378   251   1624   19291   0   0   0   0
158   84   666   7902   158   84   666   7902   0   0   0   0
599   380   2568   30912   599   380   2568   30912   0   0   0   0
668   450   2862   36111   668   450   2862   36111   0   0   0   0
670   429   2867   35918   670   429   2867   35918   0   0   0   0
594   399   2525   31041   594   399   2525   31041   0   0   0   0
850   534   3418   43129   850   534   3418   43129   0   0   0   0
550   302   2225   27904   550   302   2225   27904   0   0   0   0
560   316   2296   27631   560   316   2296   27631   0   0   0   0
848   516   3512   43093   848   516   3512   43093   0   0   0   0
1148   764   4751   59730   1148   764   4751   59730   0   0   0   0
532   350   2243   27147   532   350   2243   27147   0   0   0   0
545   313   2226   27459   545   313   2226   27459   0   0   0   0
1247   805   4997   59647   1247   805   4997   59647   0   0   0   0
1931   1260   8041   98175   1931   1260   8041   98175   0   0   0   0
781   509   3138   38869   781   509   3138   38869   0   0   0   0
755   476   3173   39165   755   476   3173   39165   0   0   0   0
1950   1341   8227   97377   1950   1341   8227   97377   0   0   0   0
1420   977   6155   72451   1420   977   6155   72451   0   0   0   0
795   563   3502   40963   795   563   3502   40963   0   0   0   0
791   592   3528   41218   791   592   3528   41218   0   0   0   0
1495   979   6285   72951   1495   979   6285   72951   0   0   0   0
85   44   387   5290   85   44   387   5290   0   0   0   0
202   88   835   9864   202   88   835   9864   0   0   0   0
179   95   853   9877   179   95   853   9877   0   0   0   0
104   49   423   5286   104   49   423   5286   0   0   0   0
485   187   1915   23910   485   187   1915   23910   0   0   0   0
510   254   2176   26705   510   254   2176   26705   0   0   0   0
536   257   2253   26964   536   257   2253   26964   0   0   0   0
468   229   1952   23884   468   229   1952   23884   0   0   0   0
566   247   2277   27966   566   247   2277   27966   0   0   0   0
432   230   1780   22667   432   230   1780   22667   0   0   0   0
453   227   1840   22758   453   227   1840   22758   0   0   0   0
551   245   2302   28105   551   245   2302   28105   0   0   0   0
647   277   2562   32375   647   277   2562   32375   0   0   0   0
410   173   1702   20514   410   173   1702   20514   0   0   0   0
377   208   1649   20539   377   208   1649   20539   0   0   0   0
617   292   2730   32374   617   292   2730   32374   0   0   0   0
843   351   3416   41380   843   351   3416   41380   0   0   0   0
354   185   1503   18954   354   185   1503   18954   0   0   0   0
356   177   1576   18974   356   177   1576   18974   0   0   0   0
855   376   3493   41377   855   376   3493   41377   0   0   0   0
407   231   1702   20742   407   231   1702   20742   0   0   0   0
142   72   630   7247   142   72   630   7247   0   0   0   0
151   72   579   7335   151   72   579   7335   0   0   0   0
391   219   1703   20312   391   219   1703   20312   0   0   0   0
