39   3   2594   2325   39   3   2594   2325   0   0   0   0
45   2   2609   2402   45   2   2609   2402   0   0   0   0
29   1   2500   2301   29   1   2500   2301   0   0   0   0
49   1   2653   2412   49   1   2653   2412   0   0   0   0
616   26   4381   29720   616   26   4381   29720   0   0   0   0
528   17   4108   27922   528   17   4108   27922   0   0   0   0
520   13   3986   27871   520   13   3986   27871   0   0   0   0
595   22   4223   29655   595   22   4223   29655   0   0   0   0
1192   42   4881   59432   1192   42   4881   59432   0   0   0   0
1064   39   4349   53815   1064   39   4349   53815   0   0   0   0
1098   34   4343   53806   1098   34   4343   53806   0   0   0   0
1178   39   4860   59359   1178   39   4860   59359   0   0   0   0
573   18   4017   29180   573   18   4017   29180   0   0   0   0
457   30   3472   25336   457   30   3472   25336   0   0   0   0
455   26   3460   24860   455   26   3460   24860   0   0   0   0
559   10   4023   29051   559   10   4023   29051   0   0   0   0
35   0   2006   2459   35   0   2006   2459   0   0   0   0
27   2   1521   2006   27   2   1521   2006   0   0   0   0
35   5   1563   1902   35   5   1563   1902   0   0   0   0
35   1   2128   2366   35   1   2128   2366   0   0   0   0
16   7   1584   1225   16   7   1584   1225   0   0   0   0
18   5   1514   1249   18   5   1514   1249   0   0   0   0
12   1   1593   1121   12   1   1593   1121   0   0   0   0
24   11   1510   1169   24   11   1510   1169   0   0   0   0
188   84   1411   9385   188   84   1411   9385   0   0   0   0
163   37   1200   8011   163   37   1200   8011   0   0   0   0
153   37   1204   8002   153   37   1204   8002   0   0   0   0
167   81   1401   9371   167   81   1401   9371   0   0   0   0
300   128   1173   14994   300   128   1173   14994   0   0   0   0
227   96   906   11046   227   96   906   11046   0   0   0   0
244   124   935   11028   244   124   935   11028   0   0   0   0
298   131   1230   15198   298   131   1230   15198   0   0   0   0
123   41   981   6592   123   41   981   6592   0   0   0   0
81   69   597   4050   81   69   597   4050   0   0   0   0
103   70   582   4191   103   70   582   4191   0   0   0   0
130   39   983   6506   130   39   983   6506   0   0   0   0
8   1   568   681   8   1   568   681   0   0   0   0
4   10   293   340   4   10   293   340   0   0   0   0
6   5   322   375   6   5   322   375   0   0   0   0
4   3   561   646   4   3   561   646   0   0   0   0
15   8   1246   878   15   8   1246   878   0   0   0   0
6   4   1347   991   6   4   1347   991   0   0   0   0
9   1   1339   963   9   1   1339   963   0   0   0   0
16   11   1266   868   16   11   1266   868   0   0   0   0
96   118   799   4830   96   118   799   4830   0   0   0   0
107   47   871   5330   107   47   871   5330   0   0   0   0
83   50   813   5379   83   50   813   5379   0   0   0   0
105   106   774   4815   105   106   774   4815   0   0   0   0
108   159   455   5534   108   159   455   5534   0   0   0   0
124   140   506   6236   124   140   506   6236   0   0   0   0
141   116   533   6319   141   116   533   6319   0   0   0   0
133   142   456   5572   133   142   456   5572   0   0   0   0
47   46   250   1922   47   46   250   1922   0   0   0   0
37   92   287   2080   37   92   287   2080   0   0   0   0
42   86   299   2113   42   86   299   2113   0   0   0   0
42   52   281   1866   42   52   281   1866   0   0   0   0
1   3   171   246   1   3   171   246   0   0   0   0
4   5   224   227   4   5   224   227   0   0   0   0
4   10   232   225   4   10   232   225   0   0   0   0
2   2   227   273   2   2   227   273   0   0   0   0
19   7   1262   912   19   7   1262   912   0   0   0   0
22   8   1434   1111   22   8   1434   1111   0   0   0   0
23   8   1375   1046   23   8   1375   1046   0   0   0   0
4   9   1176   893   4   9   1176   893   0   0   0   0
118   107   899   5984   118   107   899   5984   0   0   0   0
163   32   1243   8359   163   32   1243   8359   0   0   0   0
156   48   1291   8216   156   48   1291   8216   0   0   0   0
115   88   880   5861   115   88   880   5861   0   0   0   0
147   117   633   7769   147   117   633   7769   0   0   0   0
278   87   1047   12814   278   87   1047   12814   0   0   0   0
268   101   1017   12731   268   101   1017   12731   0   0   0   0
136   111   604   7653   136   111   604   7653   0   0   0   0
53   35   368   2791   53   35   368   2791   0   0   0   0
113   70   780   5626   113   70   780   5626   0   0   0   0
113   45   783   5700   113   45   783   5700   0   0   0   0
48   48   381   2748   48   48   381   2748   0   0   0   0
1   1   209   317   1   1   209   317   0   0   0   0
9   7   528   559   9   7   528   559   0   0   0   0
10   8   478   576   10   8   478   576   0   0   0   0
1   2   200   351   1   2   200   351   0   0   0   0
37   10   2509   2259   37   10   2509   2259   0   0   0   0
40   22   3104   2842   40   22   3104   2842   0   0   0   0
47   17   3012   2977   47   17   3012   2977   0   0   0   0
33   17   2476   2260   33   17   2476   2260   0   0   0   0
532   78   3969   26709   532   78   3969   26709   0   0   0   0
643   86   4976   34176   643   86   4976   34176   0   0   0   0
692   98   4927   33920   692   98   4927   33920   0   0   0   0
493   80   3885   26597   493   80   3885   26597   0   0   0   0
1063   81   4163   50878   1063   81   4163   50878   0   0   0   0
1412   86   5526   68117   1412   86   5526   68117   0   0   0   0
1386   93   5415   67812   1386   93   5415   67812   0   0   0   0
1067   101   4110   50667   1067   101   4110   50667   0   0   0   0
467   64   3262   23534   467   64   3262   23534   0   0   0   0
650   44   4671   33116   650   44   4671   33116   0   0   0   0
673   40   4616   32928   673   40   4616   32928   0   0   0   0
479   49   3260   23297   479   49   3260   23297   0   0   0   0
25   3   1552   2011   25   3   1552   2011   0   0   0   0
34   2   2337   2875   34   2   2337   2875   0   0   0   0
31   1   2310   2870   31   1   2310   2870   0   0   0   0
19   6   1424   2029   19   6   1424   2029   0   0   0   0
133   15   4494   8068   133   15   4494   8068   0   0   0   0
148   1   4832   8711   148   1   4832   8711   0   0   0   0
150   8   4783   8782   150   8   4783   8782   0   0   0   0
146   11   4582   7987   146   11   4582   7987   0   0   0   0
1217   66   8106   62017   1217   66   8106   62017   0   0   0   0
1368   54   9336   72273   1368   54   9336   72273   0   0   0   0
1449   48   9674   72467   1449   48   9674   72467   0   0   0   0
1163   79   8085   61525   1163   79   8085   61525   0   0   0   0
2016   85   8748   99908   2016   85   8748   99908   0   0   0   0
2557   85   11180   125408   2557   85   11180   125408   0   0   0   0
2557   90   11123   125989   2557   90   11123   125989   0   0   0   0
2077   95   8777   99487   2077   95   8777   99487   0   0   0   0
1115   34   7101   53917   1115   34   7101   53917   0   0   0   0
1484   70   10038   76119   1484   70   10038   76119   0   0   0   0
1496   84   9968   76547   1496   84   9968   76547   0   0   0   0
1029   27   7036   53717   1029   27   7036   53717   0   0   0   0
99   2   2956   5899   99   2   2956   5899   0   0   0   0
180   17   5207   10625   180   17   5207   10625   0   0   0   0
175   9   5262   10598   175   9   5262   10598   0   0   0   0
110   3   3005   5861   110   3   3005   5861   0   0   0   0
42   34   1929   2748   42   34   1929   2748   0   0   0   0
51   6   2092   3041   51   6   2092   3041   0   0   0   0
54   3   2096   3051   54   3   2096   3051   0   0   0   0
48   39   1925   2818   48   39   1925   2818   0   0   0   0
245   249   1902   13614   245   249   1902   13614   0   0   0   0
326   110   2358   17431   326   110   2358   17431   0   0   0   0
358   96   2417   17135   358   96   2417   17135   0   0   0   0
294   230   1984   13557   294   230   1984   13557   0   0   0   0
335   246   1487   17003   335   246   1487   17003   0   0   0   0
614   279   2444   26903   614   279   2444   26903   0   0   0   0
550   285   2399   26932   550   285   2399   26932   0   0   0   0
356   239   1515   16947   356   239   1515   16947   0   0   0   0
141   76   992   7813   141   76   992   7813   0   0   0   0
345   245   2235   17071   345   245   2235   17071   0   0   0   0
322   243   2216   17260   322   243   2216   17260   0   0   0   0
157   53   1029   7766   157   53   1029   7766   0   0   0   0
16   5   597   1058   16   5   597   1058   0   0   0   0
49   34   1670   3188   49   34   1670   3188   0   0   0   0
58   42   1688   3179   58   42   1688   3179   0   0   0   0
11   6   618   1076   11   6   618   1076   0   0   0   0
33   48   1407   1799   33   48   1407   1799   0   0   0   0
35   14   1528   2046   35   14   1528   2046   0   0   0   0
33   11   1596   2020   33   11   1596   2020   0   0   0   0
38   52   1436   1810   38   52   1436   1810   0   0   0   0
115   243   943   6564   115   243   943   6564   0   0   0   0
129   123   1033   7460   129   123   1033   7460   0   0   0   0
135   104   1016   7182   135   104   1016   7182   0   0   0   0
130   249   961   6569   130   249   961   6569   0   0   0   0
161   207   637   7127   161   207   637   7127   0   0   0   0
152   286   711   7748   152   286   711   7748   0   0   0   0
136   285   703   8007   136   285   703   8007   0   0   0   0
139   208   613   7178   139   208   613   7178   0   0   0   0
93   73   498   3897   93   73   498   3897   0   0   0   0
70   277   542   4377   70   277   542   4377   0   0   0   0
92   268   547   4278   92   268   547   4278   0   0   0   0
55   71   472   3781   55   71   472   3781   0   0   0   0
21   5   622   1073   21   5   622   1073   0   0   0   0
23   52   647   1202   23   52   647   1202   0   0   0   0
20   44   657   1200   20   44   657   1200   0   0   0   0
22   6   616   1107   22   6   616   1107   0   0   0   0
20   26   1635   2214   20   26   1635   2214   0   0   0   0
43   27   1860   2526   43   27   1860   2526   0   0   0   0
49   17   1866   2488   49   17   1866   2488   0   0   0   0
41   39   1566   2235   41   39   1566   2235   0   0   0   0
280   154   1686   12317   280   154   1686   12317   0   0   0   0
242   95   1627   11814   242   95   1627   11814   0   0   0   0
238   101   1610   11821   238   101   1610   11821   0   0   0   0
268   170   1646   12317   268   170   1646   12317   0   0   0   0
440   127   1771   19171   440   127   1771   19171   0   0   0   0
289   208   1302   14530   289   208   1302   14530   0   0   0   0
300   168   1238   14600   300   168   1238   14600   0   0   0   0
411   127   1744   19326   411   127   1744   19326   0   0   0   0
235   54   1682   12691   235   54   1682   12691   0   0   0   0
110   217   879   6961   110   217   879   6961   0   0   0   0
132   173   831   6840   132   173   831   6840   0   0   0   0
232   38   1568   12531   232   38   1568   12531   0   0   0   0
45   4   1276   2506   45   4   1276   2506   0   0   0   0
15   54   580   1196   15   54   580   1196   0   0   0   0
13   37   564   1174   13   37   564   1174   0   0   0   0
33   4   1184   2552   33   4   1184   2552   0   0   0   0
132   23   4609   8458   132   23   4609   8458   0   0   0   0
156   58   5213   9401   156   58   5213   9401   0   0   0   0
139   50   5129   9416   139   50   5129   9416   0   0   0   0
172   26   4755   8288   172   26   4755   8288   0   0   0   0
1327   129   9160   68687   1327   129   9160   68687   0   0   0   0
1397   162   9283   70621   1397   162   9283   70621   0   0   0   0
1389   167   9385   70631   1389   167   9385   70631   0   0   0   0
1354   124   8999   68438   1354   124   8999   68438   0   0   0   0
2415   155   10834   120747   2415   155   10834   120747   0   0   0   0
2365   181   9998   114145   2365   181   9998   114145   0   0   0   0
2441   174   10127   113956   2441   174   10127   113956   0   0   0   0
2471   152   10765   120790   2471   152   10765   120790   0   0   0   0
1439   114   9649   74520   1439   114   9649   74520   0   0   0   0
1303   115   8055   62788   1303   115   8055   62788   0   0   0   0
1182   124   7935   62956   1182   124   7935   62956   0   0   0   0
1507   95   9697   74476   1507   95   9697   74476   0   0   0   0
187   20   5158   11062   187   20   5158   11062   0   0   0   0
117   34   3446   7390   117   34   3446   7390   0   0   0   0
119   16   3475   7343   119   16   3475   7343   0   0   0   0
198   21   5178   10849   198   21   5178   10849   0   0   0   0
144   15   2800   8676   144   15   2800   8676   0   0   0   0
169   1   3210   10346   169   1   3210   10346   0   0   0   0
162   4   3224   10115   162   4   3224   10115   0   0   0   0
153   14   2751   8564   153   14   2751   8564   0   0   0   0
872   55   5269   43097   872   55   5269   43097   0   0   0   0
1152   29   7130   59323   1152   29   7130   59323   0   0   0   0
1190   26   7026   59015   1190   26   7026   59015   0   0   0   0
840   64   5106   43102   840   64   5106   43102   0   0   0   0
1153   60   5492   58855   1153   60   5492   58855   0   0   0   0
1954   78   9078   95735   1954   78   9078   95735   0   0   0   0
1916   87   9142   96410   1916   87   9142   96410   0   0   0   0
1217   60   5656   58846   1217   60   5656   58846   0   0   0   0
675   30   4334   34987   675   30   4334   34987   0   0   0   0
1351   59   8746   71709   1351   59   8746   71709   0   0   0   0
1454   73   8694   71563   1454   73   8694   71563   0   0   0   0
664   24   4255   34803   664   24   4255   34803   0   0   0   0
101   4   1837   5803   101   4   1837   5803   0   0   0   0
275   19   5520   16965   275   19   5520   16965   0   0   0   0
303   13   5458   16548   303   13   5458   16548   0   0   0   0
102   3   1844   5709   102   3   1844   5709   0   0   0   0
31   37   943   2406   31   37   943   2406   0   0   0   0
68   7   1125   2998   68   7   1125   2998   0   0   0   0
60   5   1133   3068   60   5   1133   3068   0   0   0   0
57   45   945   2413   57   45   945   2413   0   0   0   0
147   194   1013   7962   147   194   1013   7962   0   0   0   0
279   67   1752   14475   279   67   1752   14475   0   0   0   0
268   89   1786   14170   268   89   1786   14170   0   0   0   0
147   160   1009   7784   147   160   1009   7784   0   0   0   0
183   148   901   9153   183   148   901   9153   0   0   0   0
535   207   2479   25360   535   207   2479   25360   0   0   0   0
512   201   2414   25526   512   201   2414   25526   0   0   0   0
186   157   845   9016   186   157   845   9016   0   0   0   0
133   37   797   6357   133   37   797   6357   0   0   0   0
432   244   2795   23376   432   244   2795   23376   0   0   0   0
436   239   2843   23193   436   239   2843   23193   0   0   0   0
115   40   815   6478   115   40   815   6478   0   0   0   0
45   1   1086   2676   45   1   1086   2676   0   0   0   0
146   76   2839   8470   146   76   2839   8470   0   0   0   0
144   39   2952   8580   144   39   2952   8580   0   0   0   0
47   5   1100   2771   47   5   1100   2771   0   0   0   0
27   45   632   1493   27   45   632   1493   0   0   0   0
28   13   705   1625   28   13   705   1625   0   0   0   0
37   15   744   1726   37   15   744   1726   0   0   0   0
34   36   656   1471   34   36   656   1471   0   0   0   0
79   168   587   4510   79   168   587   4510   0   0   0   0
96   84   603   4954   96   84   603   4954   0   0   0   0
107   95   639   4824   107   95   639   4824   0   0   0   0
103   148   596   4536   103   148   596   4536   0   0   0   0
127   113   699   7152   127   113   699   7152   0   0   0   0
159   214   715   7821   159   214   715   7821   0   0   0   0
146   185   727   7660   146   185   727   7660   0   0   0   0
142   118   635   7237   142   118   635   7237   0   0   0   0
147   40   1000   7883   147   40   1000   7883   0   0   0   0
164   271   1164   8616   164   271   1164   8616   0   0   0   0
161   265   1095   8809   161   265   1095   8809   0   0   0   0
162   37   951   7987   162   37   951   7987   0   0   0   0
51   1   1448   4102   51   1   1448   4102   0   0   0   0
74   85   1612   4727   74   85   1612   4727   0   0   0   0
74   85   1642   4806   74   85   1642   4806   0   0   0   0
68   4   1481   4126   68   4   1481   4126   0   0   0   0
43   36   870   2198   43   36   870   2198   0   0   0   0
33   25   863   2209   33   25   863   2209   0   0   0   0
38   25   875   2252   38   25   875   2252   0   0   0   0
32   38   832   2151   32   38   832   2151   0   0   0   0
213   89   1338   10581   213   89   1338   10581   0   0   0   0
108   72   869   6812   108   72   869   6812   0   0   0   0
146   101   883   6711   146   101   883   6711   0   0   0   0
208   95   1290   10357   208   95   1290   10357   0   0   0   0
373   61   1809   18572   373   61   1809   18572   0   0   0   0
176   138   767   8192   176   138   767   8192   0   0   0   0
166   125   793   8269   166   125   793   8269   0   0   0   0
372   62   1798   18762   372   62   1798   18762   0   0   0   0
362   21   2160   17636   362   21   2160   17636   0   0   0   0
119   187   794   6295   119   187   794   6295   0   0   0   0
138   170   794   6373   138   170   794   6373   0   0   0   0
352   33   2212   17667   352   33   2212   17667   0   0   0   0
104   10   2240   6561   104   10   2240   6561   0   0   0   0
54   75   1137   3059   54   75   1137   3059   0   0   0   0
54   86   1139   3044   54   86   1139   3044   0   0   0   0
95   12   2223   6589   95   12   2223   6589   0   0   0   0
171   29   3105   9443   171   29   3105   9443   0   0   0   0
180   41   3313   9710   180   41   3313   9710   0   0   0   0
171   42   3269   9657   171   42   3269   9657   0   0   0   0
171   34   3147   9504   171   34   3147   9504   0   0   0   0
1104   93   6998   56510   1104   93   6998   56510   0   0   0   0
1017   97   6103   48924   1017   97   6103   48924   0   0   0   0
1016   99   6206   48981   1016   99   6206   48981   0   0   0   0
1152   65   6988   56669   1152   65   6988   56669   0   0   0   0
1974   132   9023   93770   1974   132   9023   93770   0   0   0   0
1367   145   6508   68420   1367   145   6508   68420   0   0   0   0
1371   145   6391   67897   1371   145   6391   67897   0   0   0   0
1921   131   8802   93795   1921   131   8802   93795   0   0   0   0
1408   154   8688   71123   1408   154   8688   71123   0   0   0   0
870   114   5102   41739   870   114   5102   41739   0   0   0   0
825   177   4948   42001   825   177   4948   42001   0   0   0   0
1418   147   8790   71534   1418   147   8790   71534   0   0   0   0
315   73   5412   17278   315   73   5412   17278   0   0   0   0
138   62   2358   7446   138   62   2358   7446   0   0   0   0
132   69   2369   7381   132   69   2369   7381   0   0   0   0
326   62   5488   17333   326   62   5488   17333   0   0   0   0
346   27   4012   18514   346   27   4012   18514   0   0   0   0
379   5   4754   22583   379   5   4754   22583   0   0   0   0
452   2   4768   22499   452   2   4768   22499   0   0   0   0
384   24   3976   18199   384   24   3976   18199   0   0   0   0
1308   96   7370   65401   1308   96   7370   65401   0   0   0   0
2025   44   11891   103126   2025   44   11891   103126   0   0   0   0
2030   46   11911   103182   2030   46   11911   103182   0   0   0   0
1242   88   7430   65084   1242   88   7430   65084   0   0   0   0
1627   87   8061   81500   1627   87   8061   81500   0   0   0   0
3196   107   15955   163785   3196   107   15955   163785   0   0   0   0
3351   82   16202   163272   3351   82   16202   163272   0   0   0   0
1565   88   7863   81786   1565   88   7863   81786   0   0   0   0
997   39   5993   52659   997   39   5993   52659   0   0   0   0
2790   120   16576   141988   2790   120   16576   141988   0   0   0   0
2878   105   16602   141939   2878   105   16602   141939   0   0   0   0
1052   33   6245   53385   1052   33   6245   53385   0   0   0   0
255   1   3464   15248   255   1   3464   15248   0   0   0   0
920   26   11817   53227   920   26   11817   53227   0   0   0   0
907   21   11746   52938   907   21   11746   52938   0   0   0   0
263   0   3460   15340   263   0   3460   15340   0   0   0   0
54   71   981   4217   54   71   981   4217   0   0   0   0
99   22   1271   6000   99   22   1271   6000   0   0   0   0
121   19   1303   6026   121   19   1303   6026   0   0   0   0
85   77   1021   4208   85   77   1021   4208   0   0   0   0
223   240   1276   11032   223   240   1276   11032   0   0   0   0
523   120   3084   27584   523   120   3084   27584   0   0   0   0
544   111   3228   27611   544   111   3228   27611   0   0   0   0
203   194   1197   10880   203   194   1197   10880   0   0   0   0
287   151   1470   15813   287   151   1470   15813   0   0   0   0
1083   287   5207   53437   1083   287   5207   53437   0   0   0   0
1052   321   5198   53412   1052   321   5198   53412   0   0   0   0
298   136   1485   15706   298   136   1485   15706   0   0   0   0
368   50   2064   18404   368   50   2064   18404   0   0   0   0
1170   371   7077   60622   1170   371   7077   60622   0   0   0   0
1204   380   7102   60330   1204   380   7102   60330   0   0   0   0
360   44   2102   17791   360   44   2102   17791   0   0   0   0
251   3   3927   15697   251   3   3927   15697   0   0   0   0
618   127   8081   35170   618   127   8081   35170   0   0   0   0
594   130   8146   35238   594   130   8146   35238   0   0   0   0
246   8   3827   15619   246   8   3827   15619   0   0   0   0
42   60   594   2260   42   60   594   2260   0   0   0   0
49   24   665   2749   49   24   665   2749   0   0   0   0
42   31   637   2714   42   31   637   2714   0   0   0   0
49   85   615   2369   49   85   615   2369   0   0   0   0
134   183   886   8071   134   183   886   8071   0   0   0   0
157   115   994   8937   157   115   994   8937   0   0   0   0
167   139   1086   8856   167   139   1086   8856   0   0   0   0
156   194   900   8036   156   194   900   8036   0   0   0   0
360   113   1772   18113   360   113   1772   18113   0   0   0   0
411   312   1982   20330   411   312   1982   20330   0   0   0   0
374   324   1947   20068   374   324   1947   20068   0   0   0   0
351   127   1768   18329   351   127   1768   18329   0   0   0   0
520   33   3168   26474   520   33   3168   26474   0   0   0   0
557   434   3398   28797   557   434   3398   28797   0   0   0   0
563   412   3496   28899   563   412   3496   28899   0   0   0   0
519   45   3157   26285   519   45   3157   26285   0   0   0   0
344   9   4925   20804   344   9   4925   20804   0   0   0   0
393   249   5552   22663   393   249   5552   22663   0   0   0   0
372   235   5676   22536   372   235   5676   22536   0   0   0   0
344   18   4975   20898   344   18   4975   20898   0   0   0   0
81   43   1002   4386   81   43   1002   4386   0   0   0   0
57   25   890   3675   57   25   890   3675   0   0   0   0
81   38   880   3661   81   38   880   3661   0   0   0   0
61   50   906   4233   61   50   906   4233   0   0   0   0
406   116   2333   20305   406   116   2333   20305   0   0   0   0
192   123   1175   9760   192   123   1175   9760   0   0   0   0
205   126   1172   9709   205   126   1172   9709   0   0   0   0
398   107   2259   20228   398   107   2259   20228   0   0   0   0
815   75   3965   39743   815   75   3965   39743   0   0   0   0
276   226   1392   14969   276   226   1392   14969   0   0   0   0
290   211   1502   15043   290   211   1502   15043   0   0   0   0
815   71   3810   40086   815   71   3810   40086   0   0   0   0
915   56   5442   46602   915   56   5442   46602   0   0   0   0
358   327   2233   18456   358   327   2233   18456   0   0   0   0
368   293   2195   18437   368   293   2195   18437   0   0   0   0
826   61   5504   46354   826   61   5504   46354   0   0   0   0
499   53   6543   26745   499   53   6543   26745   0   0   0   0
270   272   3986   15476   270   272   3986   15476   0   0   0   0
295   239   4015   15578   295   239   4015   15578   0   0   0   0
493   68   6463   26897   493   68   6463   26897   0   0   0   0
411   45   4669   21399   411   45   4669   21399   0   0   0   0
372   44   4426   20532   372   44   4426   20532   0   0   0   0
360   50   4506   20540   360   50   4506   20540   0   0   0   0
395   42   4673   21137   395   42   4673   21137   0   0   0   0
2001   112   11635   99936   2001   112   11635   99936   0   0   0   0
1456   153   8836   74929   1456   153   8836   74929   0   0   0   0
1470   163   8809   75092   1470   163   8809   75092   0   0   0   0
1952   126   11489   100310   1952   126   11489   100310   0   0   0   0
3281   244   15767   162669   3281   244   15767   162669   0   0   0   0
1912   229   9322   95666   1912   229   9322   95666   0   0   0   0
1902   257   9316   96036   1902   257   9316   96036   0   0   0   0
3342   202   15948   161986   3342   202   15948   161986   0   0   0   0
2789   375   16633   143575   2789   375   16633   143575   0   0   0   0
1272   342   7490   65381   1272   342   7490   65381   0   0   0   0
1307   366   7674   65172   1307   366   7674   65172   0   0   0   0
2781   373   16772   142418   2781   373   16772   142418   0   0   0   0
940   340   12234   54682   940   340   12234   54682   0   0   0   0
366   286   4765   20259   366   286   4765   20259   0   0   0   0
362   260   4690   20195   362   260   4690   20195   0   0   0   0
982   319   12297   54478   982   319   12297   54478   0   0   0   0
209   0   1882   11770   209   0   1882   11770   0   0   0   0
277   0   2279   14139   277   0   2279   14139   0   0   0   0
286   0   2281   14286   286   0   2281   14286   0   0   0   0
224   1   1981   11698   224   1   1981   11698   0   0   0   0
664   1   3674   32866   664   1   3674   32866   0   0   0   0
1105   1   6135   55883   1105   1   6135   55883   0   0   0   0
1088   2   6216   55590   1088   2   6216   55590   0   0   0   0
710   2   3610   32749   710   2   3610   32749   0   0   0   0
775   0   3871   38982   775   0   3871   38982   0   0   0   0
1758   2   8558   87676   1758   2   8558   87676   0   0   0   0
1775   3   8534   87778   1775   3   8534   87778   0   0   0   0
738   1   3778   39121   738   1   3778   39121   0   0   0   0
519   0   3025   27841   519   0   3025   27841   0   0   0   0
1579   2   9266   84140   1579   2   9266   84140   0   0   0   0
1689   3   9347   84186   1689   3   9347   84186   0   0   0   0
569   1   3040   27661   569   1   3040   27661   0   0   0   0
203   0   2149   12281   203   0   2149   12281   0   0   0   0
787   0   6921   41942   787   0   6921   41942   0   0   0   0
790   0   7221   42121   790   0   7221   42121   0   0   0   0
210   0   2054   12184   210   0   2054   12184   0   0   0   0
41   0   471   2897   41   0   471   2897   0   0   0   0
70   0   659   3990   70   0   659   3990   0   0   0   0
72   1   670   3848   72   1   670   3848   0   0   0   0
41   1   491   2887   41   1   491   2887   0   0   0   0
109   1   647   6308   109   1   647   6308   0   0   0   0
309   1   1744   16451   309   1   1744   16451   0   0   0   0
338   2   1827   16325   338   2   1827   16325   0   0   0   0
123   2   693   6408   123   2   693   6408   0   0   0   0
218   3   956   9338   218   3   956   9338   0   0   0   0
659   6   3245   32186   659   6   3245   32186   0   0   0   0
649   4   3073   31878   649   4   3073   31878   0   0   0   0
197   4   961   9402   197   4   961   9402   0   0   0   0
271   1   1504   13920   271   1   1504   13920   0   0   0   0
769   5   4486   40919   769   5   4486   40919   0   0   0   0
780   6   4560   41084   780   6   4560   41084   0   0   0   0
261   0   1471   13958   261   0   1471   13958   0   0   0   0
297   0   2970   15845   297   0   2970   15845   0   0   0   0
579   2   5696   30997   579   2   5696   30997   0   0   0   0
591   6   5641   31188   591   6   5641   31188   0   0   0   0
293   0   2962   15853   293   0   2962   15853   0   0   0   0
31   3   287   1644   31   3   287   1644   0   0   0   0
40   0   330   1803   40   0   330   1803   0   0   0   0
35   1   322   1780   35   1   322   1780   0   0   0   0
38   0   307   1551   38   0   307   1551   0   0   0   0
120   1   569   5350   120   1   569   5350   0   0   0   0
102   1   585   6012   102   1   585   6012   0   0   0   0
131   6   666   6042   131   6   666   6042   0   0   0   0
114   6   608   5403   114   6   608   5403   0   0   0   0
260   1   1231   12615   260   1   1231   12615   0   0   0   0
296   4   1466   14126   296   4   1466   14126   0   0   0   0
280   9   1315   14167   280   9   1315   14167   0   0   0   0
261   3   1201   12521   261   3   1201   12521   0   0   0   0
409   2   2242   20181   409   2   2242   20181   0   0   0   0
431   18   2539   22068   431   18   2539   22068   0   0   0   0
458   20   2440   22026   458   20   2440   22026   0   0   0   0
397   2   2318   20394   397   2   2318   20394   0   0   0   0
377   2   3776   19938   377   2   3776   19938   0   0   0   0
398   6   4036   22237   398   6   4036   22237   0   0   0   0
427   7   4191   22018   427   7   4191   22018   0   0   0   0
350   0   3610   20071   350   0   3610   20071   0   0   0   0
52   0   498   2786   52   0   498   2786   0   0   0   0
52   2   441   2422   52   2   441   2422   0   0   0   0
46   1   427   2432   46   1   427   2432   0   0   0   0
54   0   504   2844   54   0   504   2844   0   0   0   0
259   6   1367   12198   259   6   1367   12198   0   0   0   0
125   0   634   5756   125   0   634   5756   0   0   0   0
106   1   611   5587   106   1   611   5587   0   0   0   0
223   4   1291   12076   223   4   1291   12076   0   0   0   0
486   0   2418   25100   486   0   2418   25100   0   0   0   0
193   8   966   9954   193   8   966   9954   0   0   0   0
214   7   1005   9794   214   7   1005   9794   0   0   0   0
449   2   2369   24655   449   2   2369   24655   0   0   0   0
615   1   3546   31886   615   1   3546   31886   0   0   0   0
291   13   1656   14397   291   13   1656   14397   0   0   0   0
292   12   1604   14091   292   12   1604   14091   0   0   0   0
598   0   3527   32164   598   0   3527   32164   0   0   0   0
448   3   4519   24546   448   3   4519   24546   0   0   0   0
288   12   2999   16048   288   12   2999   16048   0   0   0   0
285   9   2930   15808   285   9   2930   15808   0   0   0   0
452   2   4430   24749   452   2   4430   24749   0   0   0   0
276   0   2255   13799   276   0   2255   13799   0   0   0   0
216   2   2211   13601   216   2   2211   13601   0   0   0   0
260   1   2247   13469   260   1   2247   13469   0   0   0   0
241   1   2166   13705   241   1   2166   13705   0   0   0   0
1162   2   6007   54722   1162   2   6007   54722   0   0   0   0
743   8   4271   38614   743   8   4271   38614   0   0   0   0
728   5   4129   38570   728   5   4129   38570   0   0   0   0
1077   3   5972   54865   1077   3   5972   54865   0   0   0   0
1758   4   8467   87674   1758   4   8467   87674   0   0   0   0
959   4   4659   47066   959   4   4659   47066   0   0   0   0
949   9   4581   47177   949   9   4581   47177   0   0   0   0
1763   8   8685   87498   1763   8   8685   87498   0   0   0   0
1639   12   9266   84237   1639   12   9266   84237   0   0   0   0
684   16   3785   34553   684   16   3785   34553   0   0   0   0
653   16   3786   34753   653   16   3786   34753   0   0   0   0
1652   10   9314   84640   1652   10   9314   84640   0   0   0   0
778   9   7450   43309   778   9   7450   43309   0   0   0   0
279   10   2922   16714   279   10   2922   16714   0   0   0   0
320   14   2997   16486   320   14   2997   16486   0   0   0   0
837   9   7622   43524   837   9   7622   43524   0   0   0   0
517   35   3520   26951   517   35   3520   26951   0   0   0   0
587   3   4160   31240   587   3   4160   31240   0   0   0   0
628   4   4149   31302   628   4   4149   31302   0   0   0   0
465   42   3552   26898   465   42   3552   26898   0   0   0   0
1276   71   6542   63275   1276   71   6542   63275   0   0   0   0
2104   36   11294   108912   2104   36   11294   108912   0   0   0   0
2150   37   11297   108489   2150   37   11297   108489   0   0   0   0
1215   77   6421   62925   1215   77   6421   62925   0   0   0   0
1470   59   7006   70850   1470   59   7006   70850   0   0   0   0
3421   83   16311   169714   3421   83   16311   169714   0   0   0   0
3465   82   16691   170252   3465   82   16691   170252   0   0   0   0
1445   56   6974   71169   1445   56   6974   71169   0   0   0   0
1084   26   5577   55007   1084   26   5577   55007   0   0   0   0
3570   119   18458   176759   3570   119   18458   176759   0   0   0   0
3378   91   18151   176548   3378   91   18151   176548   0   0   0   0
1049   19   5541   54981   1049   19   5541   54981   0   0   0   0
635   9   4781   34297   635   9   4781   34297   0   0   0   0
2019   41   15082   110533   2019   41   15082   110533   0   0   0   0
2097   37   15303   111226   2097   37   15303   111226   0   0   0   0
649   8   4606   34267   649   8   4606   34267   0   0   0   0
138   54   956   7204   138   54   956   7204   0   0   0   0
151   18   1059   8681   151   18   1059   8681   0   0   0   0
163   28   1234   8674   163   28   1234   8674   0   0   0   0
142   56   910   7205   142   56   910   7205   0   0   0   0
287   127   1430   13612   287   127   1430   13612   0   0   0   0
689   83   3548   34738   689   83   3548   34738   0   0   0   0
662   89   3500   34433   662   89   3500   34433   0   0   0   0
276   117   1379   13381   276   117   1379   13381   0   0   0   0
457   59   2181   22308   457   59   2181   22308   0   0   0   0
1404   175   6764   70189   1404   175   6764   70189   0   0   0   0
1425   148   6768   69818   1425   148   6768   69818   0   0   0   0
433   77   2195   22230   433   77   2195   22230   0   0   0   0
797   28   3877   36105   797   28   3877   36105   0   0   0   0
1938   253   10430   97504   1938   253   10430   97504   0   0   0   0
1956   233   10051   98381   1956   233   10051   98381   0   0   0   0
728   31   3952   36600   728   31   3952   36600   0   0   0   0
966   12   7346   51272   966   12   7346   51272   0   0   0   0
1790   172   12969   92260   1790   172   12969   92260   0   0   0   0
1713   185   12919   91359   1713   185   12919   91359   0   0   0   0
1029   13   7576   51303   1029   13   7576   51303   0   0   0   0
86   65   521   4151   86   65   521   4151   0   0   0   0
92   39   622   4670   92   39   622   4670   0   0   0   0
81   43   592   4706   81   43   592   4706   0   0   0   0
62   78   480   4186   62   78   480   4186   0   0   0   0
235   86   1238   12787   235   86   1238   12787   0   0   0   0
263   96   1443   14674   263   96   1443   14674   0   0   0   0
266   101   1470   14492   266   101   1470   14492   0   0   0   0
208   86   1263   12654   208   86   1263   12654   0   0   0   0
636   59   2935   30246   636   59   2935   30246   0   0   0   0
695   204   3266   33551   695   204   3266   33551   0   0   0   0
697   161   3319   33851   697   161   3319   33851   0   0   0   0
650   56   2916   30222   650   56   2916   30222   0   0   0   0
1086   40   5625   51760   1086   40   5625   51760   0   0   0   0
1091   246   5944   57059   1091   246   5944   57059   0   0   0   0
1114   310   6018   57682   1114   310   6018   57682   0   0   0   0
1058   50   5564   51727   1058   50   5564   51727   0   0   0   0
1168   44   8773   62802   1168   44   8773   62802   0   0   0   0
1254   339   9719   68775   1254   339   9719   68775   0   0   0   0
1322   300   9850   68753   1322   300   9850   68753   0   0   0   0
1167   55   8851   62636   1167   55   8851   62636   0   0   0   0
124   39   823   6261   124   39   823   6261   0   0   0   0
111   21   845   6305   111   21   845   6305   0   0   0   0
115   29   822   6483   115   29   822   6483   0   0   0   0
134   34   859   6307   134   34   859   6307   0   0   0   0
522   40   2645   25921   522   40   2645   25921   0   0   0   0
269   83   1338   13258   269   83   1338   13258   0   0   0   0
254   81   1375   13477   254   81   1375   13477   0   0   0   0
511   45   2637   25831   511   45   2637   25831   0   0   0   0
1089   49   5086   53823   1089   49   5086   53823   0   0   0   0
480   160   2285   23190   480   160   2285   23190   0   0   0   0
434   181   2253   23368   434   181   2253   23368   0   0   0   0
1063   56   5144   53615   1063   56   5144   53615   0   0   0   0
1548   85   7883   75314   1548   85   7883   75314   0   0   0   0
714   256   3907   38196   714   256   3907   38196   0   0   0   0
751   244   3934   37677   751   244   3934   37677   0   0   0   0
1471   78   7903   75652   1471   78   7903   75652   0   0   0   0
1385   130   10256   72875   1385   130   10256   72875   0   0   0   0
930   323   7370   51717   930   323   7370   51717   0   0   0   0
962   334   7335   51697   962   334   7335   51697   0   0   0   0
1330   133   10192   73438   1330   133   10192   73438   0   0   0   0
553   49   3883   30103   553   49   3883   30103   0   0   0   0
627   59   4187   31060   627   59   4187   31060   0   0   0   0
565   36   4149   31033   565   36   4149   31033   0   0   0   0
576   30   3933   29769   576   30   3933   29769   0   0   0   0
2109   108   11022   107671   2109   108   11022   107671   0   0   0   0
1492   109   7726   74927   1492   109   7726   74927   0   0   0   0
1497   103   7806   74813   1497   103   7806   74813   0   0   0   0
2116   122   11183   107825   2116   122   11183   107825   0   0   0   0
3491   189   16521   171060   3491   189   16521   171060   0   0   0   0
1733   212   8448   87526   1733   212   8448   87526   0   0   0   0
1728   188   8330   87404   1728   188   8330   87404   0   0   0   0
3346   191   16405   170619   3346   191   16405   170619   0   0   0   0
3561   337   18992   179443   3561   337   18992   179443   0   0   0   0
1445   407   7394   69466   1445   407   7394   69466   0   0   0   0
1422   386   7288   69525   1422   386   7288   69525   0   0   0   0
3547   337   18643   180189   3547   337   18643   180189   0   0   0   0
2234   559   15887   116510   2234   559   15887   116510   0   0   0   0
896   541   6607   47568   896   541   6607   47568   0   0   0   0
899   545   6525   47599   899   545   6525   47599   0   0   0   0
2180   587   16013   116163   2180   587   16013   116163   0   0   0   0
273   1   1580   14838   273   1   1580   14838   0   0   0   0
284   0   1617   15169   284   0   1617   15169   0   0   0   0
294   1   1606   15310   294   1   1606   15310   0   0   0   0
280   0   1589   14694   280   0   1589   14694   0   0   0   0
574   0   2822   29446   574   0   2822   29446   0   0   0   0
981   0   4767   49741   981   0   4767   49741   0   0   0   0
1066   0   4867   49738   1066   0   4867   49738   0   0   0   0
612   5   2909   29501   612   5   2909   29501   0   0   0   0
598   2   2832   31729   598   2   2832   31729   0   0   0   0
1574   1   7167   77820   1574   1   7167   77820   0   0   0   0
1515   1   7148   77701   1515   1   7148   77701   0   0   0   0
652   0   2983   31646   652   0   2983   31646   0   0   0   0
517   1   2455   25838   517   1   2455   25838   0   0   0   0
1693   1   8297   85609   1693   1   8297   85609   0   0   0   0
1644   0   8255   85890   1644   0   8255   85890   0   0   0   0
522   0   2552   25562   522   0   2552   25562   0   0   0   0
370   0   2324   20810   370   0   2324   20810   0   0   0   0
1213   0   7233   64015   1213   0   7233   64015   0   0   0   0
1188   1   7267   64365   1188   1   7267   64365   0   0   0   0
383   0   2344   21039   383   0   2344   21039   0   0   0   0
84   0   468   4407   84   0   468   4407   0   0   0   0
87   0   525   4559   87   0   525   4559   0   0   0   0
87   0   536   4747   87   0   536   4747   0   0   0   0
93   1   517   4390   93   1   517   4390   0   0   0   0
155   2   726   7439   155   2   726   7439   0   0   0   0
329   0   1590   17028   329   0   1590   17028   0   0   0   0
349   1   1619   16937   349   1   1619   16937   0   0   0   0
162   0   711   7548   162   0   711   7548   0   0   0   0
203   2   1118   12251   203   2   1118   12251   0   0   0   0
715   2   3263   35032   715   2   3263   35032   0   0   0   0
686   4   3238   35066   686   4   3238   35066   0   0   0   0
265   0   1150   12286   265   0   1150   12286   0   0   0   0
401   0   2069   21091   401   0   2069   21091   0   0   0   0
1037   1   5005   51558   1037   1   5005   51558   0   0   0   0
1007   1   4965   51817   1007   1   4965   51817   0   0   0   0
428   0   1973   21000   428   0   1973   21000   0   0   0   0
646   0   3922   33944   646   0   3922   33944   0   0   0   0
1113   0   6463   57152   1113   0   6463   57152   0   0   0   0
1099   0   6501   57234   1099   0   6501   57234   0   0   0   0
684   0   3902   33808   684   0   3902   33808   0   0   0   0
48   1   283   2613   48   1   283   2613   0   0   0   0
60   0   328   2963   60   0   328   2963   0   0   0   0
61   0   308   2916   61   0   308   2916   0   0   0   0
47   0   269   2510   47   0   269   2510   0   0   0   0
134   0   615   6719   134   0   615   6719   0   0   0   0
149   1   781   7920   149   1   781   7920   0   0   0   0
161   4   762   7955   161   4   762   7955   0   0   0   0
141   0   667   7031   141   0   667   7031   0   0   0   0
321   0   1528   16313   321   0   1528   16313   0   0   0   0
360   1   1690   18370   360   1   1690   18370   0   0   0   0
382   2   1715   18227   382   2   1715   18227   0   0   0   0
331   1   1549   16217   331   1   1549   16217   0   0   0   0
520   0   2765   28970   520   0   2765   28970   0   0   0   0
646   1   3127   32171   646   1   3127   32171   0   0   0   0
639   4   3195   32406   639   4   3195   32406   0   0   0   0
537   0   2758   29279   537   0   2758   29279   0   0   0   0
747   1   4620   40063   747   1   4620   40063   0   0   0   0
876   2   5105   43877   876   2   5105   43877   0   0   0   0
802   5   5060   44037   802   5   5060   44037   0   0   0   0
791   2   4635   39890   791   2   4635   39890   0   0   0   0
63   0   354   3417   63   0   354   3417   0   0   0   0
87   0   486   4164   87   0   486   4164   0   0   0   0
93   0   485   4092   93   0   485   4092   0   0   0   0
52   0   357   3332   52   0   357   3332   0   0   0   0
227   0   1205   12753   227   0   1205   12753   0   0   0   0
131   1   673   7323   131   1   673   7323   0   0   0   0
140   2   664   7620   140   2   664   7620   0   0   0   0
255   1   1226   12741   255   1   1226   12741   0   0   0   0
513   2   2414   26415   513   2   2414   26415   0   0   0   0
256   3   1190   12902   256   3   1190   12902   0   0   0   0
221   3   1167   12735   221   3   1167   12735   0   0   0   0
521   0   2526   26548   521   0   2526   26548   0   0   0   0
765   2   3890   40799   765   2   3890   40799   0   0   0   0
423   2   2162   21714   423   2   2162   21714   0   0   0   0
468   2   2272   21706   468   2   2272   21706   0   0   0   0
701   0   3800   40163   701   0   3800   40163   0   0   0   0
825   0   5201   45588   825   0   5201   45588   0   0   0   0
631   4   3864   33926   631   4   3864   33926   0   0   0   0
667   5   3817   33670   667   5   3817   33670   0   0   0   0
890   1   5175   45754   890   1   5175   45754   0   0   0   0
269   1   1533   14586   269   1   1533   14586   0   0   0   0
319   1   1863   16853   319   1   1863   16853   0   0   0   0
318   0   1891   16614   318   0   1891   16614   0   0   0   0
283   0   1663   14667   283   0   1663   14667   0   0   0   0
990   0   4773   49463   990   0   4773   49463   0   0   0   0
681   4   3335   35171   681   4   3335   35171   0   0   0   0
765   3   3425   35323   765   3   3425   35323   0   0   0   0
949   2   4690   49634   949   2   4690   49634   0   0   0   0
1567   3   7242   78405   1567   3   7242   78405   0   0   0   0
753   4   3644   39353   753   4   3644   39353   0   0   0   0
769   2   3493   39282   769   2   3493   39282   0   0   0   0
1572   3   7271   78180   1572   3   7271   78180   0   0   0   0
1793   3   8547   88566   1793   3   8547   88566   0   0   0   0
655   6   3290   33832   655   6   3290   33832   0   0   0   0
664   11   3221   33953   664   11   3221   33953   0   0   0   0
1786   4   8575   88031   1786   4   8575   88031   0   0   0   0
1348   3   7777   67858   1348   3   7777   67858   0   0   0   0
541   9   3242   29310   541   9   3242   29310   0   0   0   0
542   9   3426   29368   542   9   3426   29368   0   0   0   0
1302   7   7731   67937   1302   7   7731   67937   0   0   0   0
392   18   2049   21612   392   18   2049   21612   0   0   0   0
368   7   1887   19528   368   7   1887   19528   0   0   0   0
380   14   1860   19519   380   14   1860   19519   0   0   0   0
383   24   2067   21526   383   24   2067   21526   0   0   0   0
796   42   3565   39418   796   42   3565   39418   0   0   0   0
1216   31   5732   62592   1216   31   5732   62592   0   0   0   0
1245   39   5713   62694   1245   39   5713   62694   0   0   0   0
712   35   3552   39479   712   35   3552   39479   0   0   0   0
785   39   3640   41180   785   39   3640   41180   0   0   0   0
1980   49   8667   98340   1980   49   8667   98340   0   0   0   0
1939   58   8677   98566   1939   58   8677   98566   0   0   0   0
849   33   3594   41149   849   33   3594   41149   0   0   0   0
693   26   3094   34105   693   26   3094   34105   0   0   0   0
2276   69   10118   112822   2276   69   10118   112822   0   0   0   0
2276   71   10302   113625   2276   71   10302   113625   0   0   0   0
672   18   3154   34479   672   18   3154   34479   0   0   0   0
615   11   3111   31477   615   11   3111   31477   0   0   0   0
1772   36   9111   92274   1772   36   9111   92274   0   0   0   0
1741   39   9101   92517   1741   39   9101   92517   0   0   0   0
598   10   3108   31324   598   10   3108   31324   0   0   0   0
156   32   780   7848   156   32   780   7848   0   0   0   0
133   21   703   6764   133   21   703   6764   0   0   0   0
120   9   623   6732   120   9   623   6732   0   0   0   0
167   46   802   8029   167   46   802   8029   0   0   0   0
203   47   1042   11684   203   47   1042   11684   0   0   0   0
440   38   2033   22377   440   38   2033   22377   0   0   0   0
471   64   2045   22459   471   64   2045   22459   0   0   0   0
226   39   1033   11460   226   39   1033   11460   0   0   0   0
345   25   1548   18099   345   25   1548   18099   0   0   0   0
914   62   4110   46707   914   62   4110   46707   0   0   0   0
907   80   4055   46440   907   80   4055   46440   0   0   0   0
352   30   1513   17899   352   30   1513   17899   0   0   0   0
582   34   2683   30339   582   34   2683   30339   0   0   0   0
1420   108   6501   71098   1420   108   6501   71098   0   0   0   0
1365   99   6272   70189   1365   99   6272   70189   0   0   0   0
621   21   2837   30572   621   21   2837   30572   0   0   0   0
952   25   5217   51669   952   25   5217   51669   0   0   0   0
1661   107   8473   85405   1661   107   8473   85405   0   0   0   0
1582   116   8412   85629   1582   116   8412   85629   0   0   0   0
1038   26   5348   51867   1038   26   5348   51867   0   0   0   0
86   27   456   4616   86   27   456   4616   0   0   0   0
119   10   526   5458   119   10   526   5458   0   0   0   0
108   17   551   5378   108   17   551   5378   0   0   0   0
87   27   466   4598   87   27   466   4598   0   0   0   0
203   32   948   10218   203   32   948   10218   0   0   0   0
228   49   1068   11789   228   49   1068   11789   0   0   0   0
216   34   1037   11779   216   34   1037   11779   0   0   0   0
205   31   923   10056   205   31   923   10056   0   0   0   0
417   32   2010   22539   417   32   2010   22539   0   0   0   0
484   83   2185   25438   484   83   2185   25438   0   0   0   0
506   82   2359   25954   506   82   2359   25954   0   0   0   0
441   28   2025   22697   441   28   2025   22697   0   0   0   0
841   39   3771   41408   841   39   3771   41408   0   0   0   0
965   118   4158   45648   965   118   4158   45648   0   0   0   0
900   116   4141   45483   900   116   4141   45483   0   0   0   0
765   30   3669   40975   765   30   3669   40975   0   0   0   0
1187   68   6266   61106   1187   68   6266   61106   0   0   0   0
1281   177   6723   67033   1281   177   6723   67033   0   0   0   0
1268   209   6659   66852   1268   209   6659   66852   0   0   0   0
1134   68   6166   60866   1134   68   6166   60866   0   0   0   0
71   21   467   5048   71   21   467   5048   0   0   0   0
137   16   760   7656   137   16   760   7656   0   0   0   0
155   10   783   7538   155   10   783   7538   0   0   0   0
100   21   521   5047   100   21   521   5047   0   0   0   0
300   30   1446   16746   300   30   1446   16746   0   0   0   0
211   44   973   11615   211   44   973   11615   0   0   0   0
202   49   1027   11524   202   49   1027   11524   0   0   0   0
361   29   1492   16438   361   29   1492   16438   0   0   0   0
722   28   3092   35080   722   28   3092   35080   0   0   0   0
338   72   1658   18754   338   72   1658   18754   0   0   0   0
357   75   1638   18588   357   75   1638   18588   0   0   0   0
787   37   3160   35143   787   37   3160   35143   0   0   0   0
1072   70   4908   55240   1072   70   4908   55240   0   0   0   0
584   113   2838   31905   584   113   2838   31905   0   0   0   0
614   130   2890   31534   614   130   2890   31534   0   0   0   0
1060   63   4908   55408   1060   63   4908   55408   0   0   0   0
1291   121   6808   67972   1291   121   6808   67972   0   0   0   0
1039   217   5267   52016   1039   217   5267   52016   0   0   0   0
999   220   5178   52122   999   220   5178   52122   0   0   0   0
1366   153   6799   67710   1366   153   6799   67710   0   0   0   0
355   26   1789   18765   355   26   1789   18765   0   0   0   0
527   38   2506   25581   527   38   2506   25581   0   0   0   0
508   41   2518   25435   508   41   2518   25435   0   0   0   0
331   35   1788   18798   331   35   1788   18798   0   0   0   0
1196   59   5452   61548   1196   59   5452   61548   0   0   0   0
902   46   4223   47536   902   46   4223   47536   0   0   0   0
966   56   4297   47529   966   56   4297   47529   0   0   0   0
1268   53   5614   61572   1268   53   5614   61572   0   0   0   0
1947   96   8660   98451   1947   96   8660   98451   0   0   0   0
1018   104   4578   51023   1018   104   4578   51023   0   0   0   0
993   88   4474   51319   993   88   4474   51319   0   0   0   0
1964   111   8689   97840   1964   111   8689   97840   0   0   0   0
2411   186   10606   116182   2411   186   10606   116182   0   0   0   0
918   214   4067   45500   918   214   4067   45500   0   0   0   0
927   169   4088   45702   927   169   4088   45702   0   0   0   0
2408   164   10714   116021   2408   164   10714   116021   0   0   0   0
1908   321   9759   98587   1908   321   9759   98587   0   0   0   0
843   365   4378   43988   843   365   4378   43988   0   0   0   0
882   339   4448   44013   882   339   4448   44013   0   0   0   0
1906   347   9581   98196   1906   347   9581   98196   0   0   0   0
651   36   2774   33657   651   36   2774   33657   0   0   0   0
424   12   1924   22272   424   12   1924   22272   0   0   0   0
470   12   1872   22025   470   12   1872   22025   0   0   0   0
640   43   2793   33623   640   43   2793   33623   0   0   0   0
1040   74   4314   51108   1040   74   4314   51108   0   0   0   0
1295   58   5281   64812   1295   58   5281   64812   0   0   0   0
1229   42   5305   64658   1229   42   5305   64658   0   0   0   0
1031   57   4269   51157   1031   57   4269   51157   0   0   0   0
999   60   4103   50081   999   60   4103   50081   0   0   0   0
2037   93   8405   103490   2037   93   8405   103490   0   0   0   0
2018   99   8296   102416   2018   99   8296   102416   0   0   0   0
1013   67   4087   50027   1013   67   4087   50027   0   0   0   0
821   51   3394   40784   821   51   3394   40784   0   0   0   0
2501   105   9994   122758   2501   105   9994   122758   0   0   0   0
2521   119   9992   122323   2521   119   9992   122323   0   0   0   0
866   51   3414   40265   866   51   3414   40265   0   0   0   0
730   34   3230   38207   730   34   3230   38207   0   0   0   0
2066   71   9145   108610   2066   71   9145   108610   0   0   0   0
2154   98   9200   108307   2154   98   9200   108307   0   0   0   0
783   31   3257   38166   783   31   3257   38166   0   0   0   0
366   53   1539   18108   366   53   1539   18108   0   0   0   0
277   31   1149   12711   277   31   1149   12711   0   0   0   0
261   30   1089   12768   261   30   1089   12768   0   0   0   0
378   51   1453   18136   378   51   1453   18136   0   0   0   0
421   76   1609   19817   421   76   1609   19817   0   0   0   0
575   50   2221   26352   575   50   2221   26352   0   0   0   0
517   68   2174   26792   517   68   2174   26792   0   0   0   0
431   82   1583   19811   431   82   1583   19811   0   0   0   0
466   57   1945   24128   466   57   1945   24128   0   0   0   0
1032   109   4179   51179   1032   109   4179   51179   0   0   0   0
976   97   4031   50579   976   97   4031   50579   0   0   0   0
511   67   2011   24069   511   67   2011   24069   0   0   0   0
752   59   3000   36761   752   59   3000   36761   0   0   0   0
1616   161   6665   78784   1616   161   6665   78784   0   0   0   0
1613   143   6458   79251   1613   143   6458   79251   0   0   0   0
757   59   3040   36401   757   59   3040   36401   0   0   0   0
1272   59   5486   62849   1272   59   5486   62849   0   0   0   0
1924   158   8640   102382   1924   158   8640   102382   0   0   0   0
2024   179   8513   102340   2024   179   8513   102340   0   0   0   0
1208   56   5381   63037   1208   56   5381   63037   0   0   0   0
219   47   916   11597   219   47   916   11597   0   0   0   0
259   37   1088   13396   259   37   1088   13396   0   0   0   0
257   37   1065   13190   257   37   1065   13190   0   0   0   0
231   43   957   11499   231   43   957   11499   0   0   0   0
274   59   1185   14903   274   59   1185   14903   0   0   0   0
349   61   1488   17545   349   61   1488   17545   0   0   0   0
361   68   1394   17767   361   68   1394   17767   0   0   0   0
294   49   1184   14890   294   49   1184   14890   0   0   0   0
535   59   2124   26885   535   59   2124   26885   0   0   0   0
622   128   2563   31068   622   128   2563   31068   0   0   0   0
647   121   2608   31116   647   121   2608   31116   0   0   0   0
542   44   2171   27162   542   44   2171   27162   0   0   0   0
969   65   3900   46930   969   65   3900   46930   0   0   0   0
1073   145   4392   52719   1073   145   4392   52719   0   0   0   0
1006   189   4289   52641   1006   189   4289   52641   0   0   0   0
973   68   3849   46871   973   68   3849   46871   0   0   0   0
1446   108   6280   73439   1446   108   6280   73439   0   0   0   0
1587   254   6764   81222   1587   254   6764   81222   0   0   0   0
1624   269   7043   80788   1624   269   7043   80788   0   0   0   0
1411   126   6135   73506   1411   126   6135   73506   0   0   0   0
209   47   829   9298   209   47   829   9298   0   0   0   0
356   40   1394   16660   356   40   1394   16660   0   0   0   0
334   53   1383   16670   334   53   1383   16670   0   0   0   0
190   44   838   9271   190   44   838   9271   0   0   0   0
378   48   1522   19408   378   48   1522   19408   0   0   0   0
386   61   1564   19223   386   61   1564   19223   0   0   0   0
377   66   1500   19345   377   66   1500   19345   0   0   0   0
373   58   1530   19029   373   58   1530   19029   0   0   0   0
819   83   3148   38409   819   83   3148   38409   0   0   0   0
531   120   2103   25139   531   120   2103   25139   0   0   0   0
474   120   2005   25053   474   120   2005   25053   0   0   0   0
775   70   3151   37986   775   70   3151   37986   0   0   0   0
1179   99   4982   61235   1179   99   4982   61235   0   0   0   0
728   208   3001   38150   728   208   3001   38150   0   0   0   0
768   199   3212   38025   768   199   3212   38025   0   0   0   0
1269   108   5191   61415   1269   108   5191   61415   0   0   0   0
1616   181   6864   81552   1616   181   6864   81552   0   0   0   0
1236   315   5332   63432   1236   315   5332   63432   0   0   0   0
1249   287   5387   63145   1249   287   5387   63145   0   0   0   0
1621   195   6906   81466   1621   195   6906   81466   0   0   0   0
386   85   1653   20974   386   85   1653   20974   0   0   0   0
802   57   3343   40414   802   57   3343   40414   0   0   0   0
788   69   3373   40325   788   69   3373   40325   0   0   0   0
427   79   1694   21018   427   79   1694   21018   0   0   0   0
1250   105   5125   62705   1250   105   5125   62705   0   0   0   0
1194   103   4931   61935   1194   103   4931   61935   0   0   0   0
1211   107   5080   61765   1211   107   5080   61765   0   0   0   0
1180   88   5154   62691   1180   88   5154   62691   0   0   0   0
2008   182   8124   102394   2008   182   8124   102394   0   0   0   0
1196   186   5057   61839   1196   186   5057   61839   0   0   0   0
1184   156   5028   62310   1184   156   5028   62310   0   0   0   0
2073   147   8471   102637   2073   147   8471   102637   0   0   0   0
2533   258   10221   125781   2533   258   10221   125781   0   0   0   0
1067   300   4326   53646   1067   300   4326   53646   0   0   0   0
1042   298   4389   53563   1042   298   4389   53563   0   0   0   0
2521   240   10451   125284   2521   240   10451   125284   0   0   0   0
2250   417   9687   114674   2250   417   9687   114674   0   0   0   0
1016   499   4492   53241   1016   499   4492   53241   0   0   0   0
1055   492   4566   53848   1055   492   4566   53848   0   0   0   0
2320   409   9875   114915   2320   409   9875   114915   0   0   0   0
