0   0   79   4   0   0   79   4   0   0   0   0
0   0   75   5   0   0   75   5   0   0   0   0
1   0   71   2   1   0   71   2   0   0   0   0
0   0   74   5   0   0   74   5   0   0   0   0
1   0   20   3   1   0   20   3   0   0   0   0
0   0   25   12   0   0   25   12   0   0   0   0
0   0   23   6   0   0   23   6   0   0   0   0
0   0   20   6   0   0   20   6   0   0   0   0
2   0   17   8   2   0   17   8   0   0   0   0
2   0   15   14   2   0   15   14   0   0   0   0
2   0   11   14   2   0   11   14   0   0   0   0
0   0   6   7   0   0   6   7   0   0   0   0
2   0   23   4   2   0   23   4   0   0   0   0
3   0   27   7   3   0   27   7   0   0   0   0
0   0   27   7   0   0   27   7   0   0   0   0
1   0   19   5   1   0   19   5   0   0   0   0
0   0   59   3   0   0   59   3   0   0   0   0
0   0   66   2   0   0   66   2   0   0   0   0
1   0   64   2   1   0   64   2   0   0   0   0
0   0   69   1   0   0   69   1   0   0   0   0
0   0   94   8   0   0   94   8   0   0   0   0
0   0   98   4   0   0   98   4   0   0   0   0
0   0   111   3   0   0   111   3   0   0   0   0
0   0   87   6   0   0   87   6   0   0   0   0
5   0   20   3   5   0   20   3   0   0   0   0
0   0   27   6   0   0   27   6   0   0   0   0
2   0   27   5   2   0   27   5   0   0   0   0
1   0   33   4   1   0   33   4   0   0   0   0
2   0   16   2   2   0   16   2   0   0   0   0
5   0   24   15   5   0   24   15   0   0   0   0
1   0   22   6   1   0   22   6   0   0   0   0
2   0   16   2   2   0   16   2   0   0   0   0
1   0   28   10   1   0   28   10   0   0   0   0
4   0   43   12   4   0   43   12   0   0   0   0
0   0   23   17   0   0   23   17   0   0   0   0
1   0   17   8   1   0   17   8   0   0   0   0
1   0   66   8   1   0   66   8   0   0   0   0
0   0   108   3   0   0   108   3   0   0   0   0
0   0   102   5   0   0   102   5   0   0   0   0
2   0   85   6   2   0   85   6   0   0   0   0
0   0   91   3   0   0   91   3   0   0   0   0
0   0   111   5   0   0   111   5   0   0   0   0
1   0   93   2   1   0   93   2   0   0   0   0
0   0   93   3   0   0   93   3   0   0   0   0
1   0   35   5   1   0   35   5   0   0   0   0
1   0   37   4   1   0   37   4   0   0   0   0
2   0   25   1   2   0   25   1   0   0   0   0
0   0   19   1   0   0   19   1   0   0   0   0
2   0   17   4   2   0   17   4   0   0   0   0
1   0   21   3   1   0   21   3   0   0   0   0
3   0   25   6   3   0   25   6   0   0   0   0
3   0   22   3   3   0   22   3   0   0   0   0
4   0   34   4   4   0   34   4   0   0   0   0
0   0   22   6   0   0   22   6   0   0   0   0
1   0   34   7   1   0   34   7   0   0   0   0
2   0   24   2   2   0   24   2   0   0   0   0
0   0   93   13   0   0   93   13   0   0   0   0
0   0   107   8   0   0   107   8   0   0   0   0
1   0   87   8   1   0   87   8   0   0   0   0
1   0   86   9   1   0   86   9   0   0   0   0
0   0   76   0   0   0   76   0   0   0   0   0
0   0   75   3   0   0   75   3   0   0   0   0
0   0   78   1   0   0   78   1   0   0   0   0
0   0   72   3   0   0   72   3   0   0   0   0
0   0   15   3   0   0   15   3   0   0   0   0
3   0   32   3   3   0   32   3   0   0   0   0
2   0   20   5   2   0   20   5   0   0   0   0
0   0   17   5   0   0   17   5   0   0   0   0
1   0   16   6   1   0   16   6   0   0   0   0
0   0   7   1   0   0   7   1   0   0   0   0
2   0   20   5   2   0   20   5   0   0   0   0
1   0   19   2   1   0   19   2   0   0   0   0
1   0   14   4   1   0   14   4   0   0   0   0
2   0   12   5   2   0   12   5   0   0   0   0
2   0   27   5   2   0   27   5   0   0   0   0
3   0   16   6   3   0   16   6   0   0   0   0
1   0   76   11   1   0   76   11   0   0   0   0
1   0   90   8   1   0   90   8   0   0   0   0
1   0   84   9   1   0   84   9   0   0   0   0
0   0   76   14   0   0   76   14   0   0   0   0
3   0   216   16   3   0   216   16   0   0   0   0
4   0   216   17   4   0   216   17   0   0   0   0
5   0   245   11   5   0   245   11   0   0   0   0
3   0   213   14   3   0   213   14   0   0   0   0
3   0   65   17   3   0   65   17   0   0   0   0
10   0   71   35   10   0   71   35   0   0   0   0
7   0   67   33   7   0   67   33   0   0   0   0
5   0   67   35   5   0   67   35   0   0   0   0
3   0   48   32   3   0   48   32   0   0   0   0
5   0   60   41   5   0   60   41   0   0   0   0
5   0   60   47   5   0   60   47   0   0   0   0
3   0   43   50   3   0   43   50   0   0   0   0
7   0   52   13   7   0   52   13   0   0   0   0
3   0   60   11   3   0   60   11   0   0   0   0
6   0   61   14   6   0   61   14   0   0   0   0
4   0   53   11   4   0   53   11   0   0   0   0
2   0   205   16   2   0   205   16   0   0   0   0
4   0   220   18   4   0   220   18   0   0   0   0
7   0   235   7   7   0   235   7   0   0   0   0
1   0   203   9   1   0   203   9   0   0   0   0
5   0   271   15   5   0   271   15   0   0   0   0
1   0   293   22   1   0   293   22   0   0   0   0
7   0   295   16   7   0   295   16   0   0   0   0
2   0   246   18   2   0   246   18   0   0   0   0
4   0   68   34   4   0   68   34   0   0   0   0
6   0   80   32   6   0   80   32   0   0   0   0
7   0   93   37   7   0   93   37   0   0   0   0
3   0   76   25   3   0   76   25   0   0   0   0
3   0   60   34   3   0   60   34   0   0   0   0
7   0   68   29   7   0   68   29   0   0   0   0
5   0   58   54   5   0   58   54   0   0   0   0
5   0   51   35   5   0   51   35   0   0   0   0
6   0   76   28   6   0   76   28   0   0   0   0
9   0   85   30   9   0   85   30   0   0   0   0
11   0   94   41   11   0   94   41   0   0   0   0
5   0   79   28   5   0   79   28   0   0   0   0
4   0   259   10   4   0   259   10   0   0   0   0
2   0   265   20   2   0   265   20   0   0   0   0
3   0   294   13   3   0   294   13   0   0   0   0
2   0   249   16   2   0   249   16   0   0   0   0
4   0   263   7   4   0   263   7   0   0   0   0
2   0   307   21   2   0   307   21   0   0   0   0
6   0   311   15   6   0   311   15   0   0   0   0
2   0   264   11   2   0   264   11   0   0   0   0
4   0   58   18   4   0   58   18   0   0   0   0
3   0   77   23   3   0   77   23   0   0   0   0
8   0   79   26   8   0   79   26   0   0   0   0
4   0   75   8   4   0   75   8   0   0   0   0
6   0   63   10   6   0   63   10   0   0   0   0
4   0   61   47   4   0   61   47   0   0   0   0
12   0   81   59   12   0   81   59   0   0   0   0
7   0   63   19   7   0   63   19   0   0   0   0
4   0   78   39   4   0   78   39   0   0   0   0
5   0   93   39   5   0   93   39   0   0   0   0
2   0   87   27   2   0   87   27   0   0   0   0
3   0   80   29   3   0   80   29   0   0   0   0
3   0   251   23   3   0   251   23   0   0   0   0
4   0   288   12   4   0   288   12   0   0   0   0
6   0   316   22   6   0   316   22   0   0   0   0
5   0   242   17   5   0   242   17   0   0   0   0
3   0   217   8   3   0   217   8   0   0   0   0
5   0   245   12   5   0   245   12   0   0   0   0
2   0   247   7   2   0   247   7   0   0   0   0
2   0   188   7   2   0   188   7   0   0   0   0
1   0   53   13   1   0   53   13   0   0   0   0
5   0   61   18   5   0   61   18   0   0   0   0
4   0   65   11   4   0   65   11   0   0   0   0
1   0   55   13   1   0   55   13   0   0   0   0
5   0   61   13   5   0   61   13   0   0   0   0
9   0   43   26   9   0   43   26   0   0   0   0
2   0   37   18   2   0   37   18   0   0   0   0
10   0   37   20   10   0   37   20   0   0   0   0
6   0   60   37   6   0   60   37   0   0   0   0
6   0   71   69   6   0   71   69   0   0   0   0
4   0   64   71   4   0   64   71   0   0   0   0
6   0   59   39   6   0   59   39   0   0   0   0
1   0   218   21   1   0   218   21   0   0   0   0
4   0   246   12   4   0   246   12   0   0   0   0
4   0   239   11   4   0   239   11   0   0   0   0
0   0   204   16   0   0   204   16   0   0   0   0
10   0   188   19   10   0   188   19   0   0   0   0
10   0   235   23   10   0   235   23   0   0   0   0
8   0   250   24   8   0   250   24   0   0   0   0
7   0   240   19   7   0   240   19   0   0   0   0
6   0   62   15   6   0   62   15   0   0   0   0
11   0   93   16   11   0   93   16   0   0   0   0
9   0   90   31   9   0   90   31   0   0   0   0
7   0   71   17   7   0   71   17   0   0   0   0
4   0   51   34   4   0   51   34   0   0   0   0
11   0   70   23   11   0   70   23   0   0   0   0
9   0   72   22   9   0   72   22   0   0   0   0
3   0   53   40   3   0   53   40   0   0   0   0
3   0   64   44   3   0   64   44   0   0   0   0
10   0   70   71   10   0   70   71   0   0   0   0
3   0   89   55   3   0   89   55   0   0   0   0
6   0   70   39   6   0   70   39   0   0   0   0
6   0   201   14   6   0   201   14   0   0   0   0
9   0   244   28   9   0   244   28   0   0   0   0
13   0   250   25   13   0   250   25   0   0   0   0
6   0   214   16   6   0   214   16   0   0   0   0
7   0   264   44   7   0   264   44   0   0   0   0
17   0   320   70   17   0   320   70   0   0   0   0
16   0   279   86   16   0   279   86   0   0   0   0
9   0   246   43   9   0   246   43   0   0   0   0
4   0   87   43   4   0   87   43   0   0   0   0
7   0   86   26   7   0   86   26   0   0   0   0
11   0   120   20   11   0   120   20   0   0   0   0
4   0   77   40   4   0   77   40   0   0   0   0
7   0   83   39   7   0   83   39   0   0   0   0
9   0   81   20   9   0   81   20   0   0   0   0
6   0   68   23   6   0   68   23   0   0   0   0
4   0   73   44   4   0   73   44   0   0   0   0
9   0   93   26   9   0   93   26   0   0   0   0
10   0   83   29   10   0   83   29   0   0   0   0
4   0   100   30   4   0   100   30   0   0   0   0
7   0   94   34   7   0   94   34   0   0   0   0
5   0   277   37   5   0   277   37   0   0   0   0
9   0   313   75   9   0   313   75   0   0   0   0
12   0   285   75   12   0   285   75   0   0   0   0
7   0   267   36   7   0   267   36   0   0   0   0
10   0   257   24   10   0   257   24   0   0   0   0
9   0   298   35   9   0   298   35   0   0   0   0
9   0   279   43   9   0   279   43   0   0   0   0
11   0   287   25   11   0   287   25   0   0   0   0
5   0   83   21   5   0   83   21   0   0   0   0
5   0   111   79   5   0   111   79   0   0   0   0
15   0   98   106   15   0   98   106   0   0   0   0
5   0   94   23   5   0   94   23   0   0   0   0
8   0   58   51   8   0   58   51   0   0   0   0
5   0   76   65   5   0   76   65   0   0   0   0
10   0   62   55   10   0   62   55   0   0   0   0
6   0   77   43   6   0   77   43   0   0   0   0
9   0   75   28   9   0   75   28   0   0   0   0
10   0   110   11   10   0   110   11   0   0   0   0
5   0   97   20   5   0   97   20   0   0   0   0
10   0   90   24   10   0   90   24   0   0   0   0
12   0   257   21   12   0   257   21   0   0   0   0
5   0   306   29   5   0   306   29   0   0   0   0
7   0   293   26   7   0   293   26   0   0   0   0
8   0   257   22   8   0   257   22   0   0   0   0
10   0   213   11   10   0   213   11   0   0   0   0
7   0   210   13   7   0   210   13   0   0   0   0
4   0   238   22   4   0   238   22   0   0   0   0
9   0   190   22   9   0   190   22   0   0   0   0
2   0   79   15   2   0   79   15   0   0   0   0
5   0   63   21   5   0   63   21   0   0   0   0
7   0   75   19   7   0   75   19   0   0   0   0
7   0   59   11   7   0   59   11   0   0   0   0
6   0   61   49   6   0   61   49   0   0   0   0
5   0   69   113   5   0   69   113   0   0   0   0
7   0   67   100   7   0   67   100   0   0   0   0
7   0   65   48   7   0   65   48   0   0   0   0
4   0   58   31   4   0   58   31   0   0   0   0
8   0   83   21   8   0   83   21   0   0   0   0
5   0   85   22   5   0   85   22   0   0   0   0
4   0   68   37   4   0   68   37   0   0   0   0
8   0   257   23   8   0   257   23   0   0   0   0
6   0   261   30   6   0   261   30   0   0   0   0
6   0   237   21   6   0   237   21   0   0   0   0
8   0   241   19   8   0   241   19   0   0   0   0
29   0   451   68   29   0   451   68   0   0   0   0
34   0   495   80   34   0   495   80   0   0   0   0
27   0   419   54   27   0   419   54   0   0   0   0
39   0   442   59   39   0   442   59   0   0   0   0
27   0   271   52   27   0   271   52   0   0   0   0
29   0   321   88   29   0   321   88   0   0   0   0
34   0   310   80   34   0   310   80   0   0   0   0
30   0   240   72   30   0   240   72   0   0   0   0
27   0   184   60   27   0   184   60   0   0   0   0
26   0   205   59   26   0   205   59   0   0   0   0
23   0   207   64   23   0   207   64   0   0   0   0
20   0   192   54   20   0   192   54   0   0   0   0
21   0   256   80   21   0   256   80   0   0   0   0
32   0   279   90   32   0   279   90   0   0   0   0
33   0   285   96   33   0   285   96   0   0   0   0
31   0   241   78   31   0   241   78   0   0   0   0
22   0   416   94   22   0   416   94   0   0   0   0
32   0   483   160   32   0   483   160   0   0   0   0
26   0   541   188   26   0   541   188   0   0   0   0
26   0   389   125   26   0   389   125   0   0   0   0
30   0   520   129   30   0   520   129   0   0   0   0
33   0   557   150   33   0   557   150   0   0   0   0
34   0   580   128   34   0   580   128   0   0   0   0
37   0   605   126   37   0   605   126   0   0   0   0
31   1   281   69   31   1   281   69   0   0   0   0
44   0   401   105   44   0   401   105   0   0   0   0
37   0   391   85   37   0   391   85   0   0   0   0
32   0   270   98   32   0   270   98   0   0   0   0
19   0   245   61   19   0   245   61   0   0   0   0
43   0   327   78   43   0   327   78   0   0   0   0
22   0   256   60   22   0   256   60   0   0   0   0
35   0   264   77   35   0   264   77   0   0   0   0
29   0   328   71   29   0   328   71   0   0   0   0
30   0   320   92   30   0   320   92   0   0   0   0
36   1   341   69   36   1   341   69   0   0   0   0
39   0   338   71   39   0   338   71   0   0   0   0
20   0   482   91   20   0   482   91   0   0   0   0
48   1   608   134   48   1   608   134   0   0   0   0
29   1   609   126   29   1   609   126   0   0   0   0
22   0   504   106   22   0   504   106   0   0   0   0
15   0   490   214   15   0   490   214   0   0   0   0
38   0   642   382   38   0   642   382   0   0   0   0
33   0   605   414   33   0   605   414   0   0   0   0
46   0   512   203   46   0   512   203   0   0   0   0
38   1   360   198   38   1   360   198   0   0   0   0
33   0   332   216   33   0   332   216   0   0   0   0
30   0   354   222   30   0   354   222   0   0   0   0
32   0   345   188   32   0   345   188   0   0   0   0
31   0   224   74   31   0   224   74   0   0   0   0
37   0   297   71   37   0   297   71   0   0   0   0
31   0   271   72   31   0   271   72   0   0   0   0
37   0   264   88   37   0   264   88   0   0   0   0
35   0   322   68   35   0   322   68   0   0   0   0
50   1   402   78   50   1   402   78   0   0   0   0
34   0   362   78   34   0   362   78   0   0   0   0
36   0   316   69   36   0   316   69   0   0   0   0
43   1   586   101   43   1   586   101   0   0   0   0
49   0   566   92   49   0   566   92   0   0   0   0
30   0   503   89   30   0   503   89   0   0   0   0
35   0   558   99   35   0   558   99   0   0   0   0
28   0   393   71   28   0   393   71   0   0   0   0
22   0   448   124   22   0   448   124   0   0   0   0
26   0   482   90   26   0   482   90   0   0   0   0
24   0   398   70   24   0   398   70   0   0   0   0
27   0   285   219   27   0   285   219   0   0   0   0
26   0   283   262   26   0   283   262   0   0   0   0
31   0   277   289   31   0   277   289   0   0   0   0
26   0   291   184   26   0   291   184   0   0   0   0
26   0   179   106   26   0   179   106   0   0   0   0
26   0   214   108   26   0   214   108   0   0   0   0
32   0   207   101   32   0   207   101   0   0   0   0
30   0   198   142   30   0   198   142   0   0   0   0
23   0   232   73   23   0   232   73   0   0   0   0
36   0   287   89   36   0   287   89   0   0   0   0
27   0   295   87   27   0   295   87   0   0   0   0
26   1   255   60   26   1   255   60   0   0   0   0
23   1   442   64   23   1   442   64   0   0   0   0
20   0   424   80   20   0   424   80   0   0   0   0
25   0   453   61   25   0   453   61   0   0   0   0
33   0   460   84   33   0   460   84   0   0   0   0
32   0   257   73   32   0   257   73   0   0   0   0
27   0   259   67   27   0   259   67   0   0   0   0
33   0   252   69   33   0   252   69   0   0   0   0
35   0   297   77   35   0   297   77   0   0   0   0
41   0   302   83   41   0   302   83   0   0   0   0
61   0   334   93   61   0   334   93   0   0   0   0
45   0   325   110   45   0   325   110   0   0   0   0
39   0   297   85   39   0   297   85   0   0   0   0
33   0   259   97   33   0   259   97   0   0   0   0
45   0   310   97   45   0   310   97   0   0   0   0
41   0   310   101   41   0   310   101   0   0   0   0
31   0   271   97   31   0   271   97   0   0   0   0
50   0   288   87   50   0   288   87   0   0   0   0
52   0   325   99   52   0   325   99   0   0   0   0
51   0   358   97   51   0   358   97   0   0   0   0
38   0   294   105   38   0   294   105   0   0   0   0
22   0   234   48   22   0   234   48   0   0   0   0
31   0   297   96   31   0   297   96   0   0   0   0
33   0   340   75   33   0   340   75   0   0   0   0
24   0   221   41   24   0   221   41   0   0   0   0
33   0   430   99   33   0   430   99   0   0   0   0
38   0   378   87   38   0   378   87   0   0   0   0
33   0   363   87   33   0   363   87   0   0   0   0
51   0   462   103   51   0   462   103   0   0   0   0
39   1   362   98   39   1   362   98   0   0   0   0
52   0   327   129   52   0   327   129   0   0   0   0
25   0   338   109   25   0   338   109   0   0   0   0
50   0   325   119   50   0   325   119   0   0   0   0
38   0   317   97   38   0   317   97   0   0   0   0
53   0   383   118   53   0   383   118   0   0   0   0
42   1   330   101   42   1   330   101   0   0   0   0
46   0   337   92   46   0   337   92   0   0   0   0
31   0   321   82   31   0   321   82   0   0   0   0
48   0   372   111   48   0   372   111   0   0   0   0
50   0   334   111   50   0   334   111   0   0   0   0
50   0   323   111   50   0   323   111   0   0   0   0
29   1   364   63   29   1   364   63   0   0   0   0
38   0   475   119   38   0   475   119   0   0   0   0
36   0   482   115   36   0   482   115   0   0   0   0
33   0   305   83   33   0   305   83   0   0   0   0
35   1   345   179   35   1   345   179   0   0   0   0
37   0   493   238   37   0   493   238   0   0   0   0
53   0   482   287   53   0   482   287   0   0   0   0
33   0   348   193   33   0   348   193   0   0   0   0
42   0   334   108   42   0   334   108   0   0   0   0
64   1   411   125   64   1   411   125   0   0   0   0
48   0   415   104   48   0   415   104   0   0   0   0
34   0   293   103   34   0   293   103   0   0   0   0
42   0   349   88   42   0   349   88   0   0   0   0
53   0   325   104   53   0   325   104   0   0   0   0
48   0   370   121   48   0   370   121   0   0   0   0
46   0   328   115   46   0   328   115   0   0   0   0
37   1   343   110   37   1   343   110   0   0   0   0
41   0   343   92   41   0   343   92   0   0   0   0
35   2   330   101   35   2   330   101   0   0   0   0
45   0   377   113   45   0   377   113   0   0   0   0
45   0   445   89   45   0   445   89   0   0   0   0
37   0   358   81   37   0   358   81   0   0   0   0
36   0   386   95   36   0   386   95   0   0   0   0
43   0   435   96   43   0   435   96   0   0   0   0
30   0   225   116   30   0   225   116   0   0   0   0
27   0   310   215   27   0   310   215   0   0   0   0
38   1   315   204   38   1   315   204   0   0   0   0
26   1   238   125   26   1   238   125   0   0   0   0
40   0   309   143   40   0   309   143   0   0   0   0
31   1   337   129   31   1   337   129   0   0   0   0
45   1   337   125   45   1   337   125   0   0   0   0
50   2   302   148   50   2   302   148   0   0   0   0
34   0   308   80   34   0   308   80   0   0   0   0
49   0   309   111   49   0   309   111   0   0   0   0
41   0   337   97   41   0   337   97   0   0   0   0
56   0   272   77   56   0   272   77   0   0   0   0
32   0   309   97   32   0   309   97   0   0   0   0
52   0   310   103   52   0   310   103   0   0   0   0
40   0   316   78   40   0   316   78   0   0   0   0
36   0   314   107   36   0   314   107   0   0   0   0
27   0   293   63   27   0   293   63   0   0   0   0
27   1   256   51   27   1   256   51   0   0   0   0
20   0   255   55   20   0   255   55   0   0   0   0
30   0   299   82   30   0   299   82   0   0   0   0
184   1   1331   420   184   1   1331   420   0   0   0   0
128   0   933   335   128   0   933   335   0   0   0   0
154   0   932   329   154   0   932   329   0   0   0   0
174   0   1224   458   174   0   1224   458   0   0   0   0
352   0   1926   829   352   0   1926   829   0   0   0   0
341   0   1868   800   341   0   1868   800   0   0   0   0
343   1   1888   783   343   1   1888   783   0   0   0   0
342   0   1995   915   342   0   1995   915   0   0   0   0
360   0   1975   973   360   0   1975   973   0   0   0   0
418   0   2260   1034   418   0   2260   1034   0   0   0   0
423   0   2291   943   423   0   2291   943   0   0   0   0
405   1   2131   936   405   1   2131   936   0   0   0   0
285   0   1639   709   285   0   1639   709   0   0   0   0
392   0   2175   891   392   0   2175   891   0   0   0   0
371   0   2209   936   371   0   2209   936   0   0   0   0
291   0   1650   733   291   0   1650   733   0   0   0   0
119   0   780   312   119   0   780   312   0   0   0   0
164   0   1371   495   164   0   1371   495   0   0   0   0
199   0   1378   452   199   0   1378   452   0   0   0   0
88   0   741   295   88   0   741   295   0   0   0   0
327   8   2330   773   327   8   2330   773   0   0   0   0
248   1   1719   628   248   1   1719   628   0   0   0   0
235   0   1761   600   235   0   1761   600   0   0   0   0
329   3   2351   885   329   3   2351   885   0   0   0   0
382   5   2230   881   382   5   2230   881   0   0   0   0
349   1   1882   840   349   1   1882   840   0   0   0   0
291   2   1887   768   291   2   1887   768   0   0   0   0
370   4   2151   1058   370   4   2151   1058   0   0   0   0
326   5   1943   850   326   5   1943   850   0   0   0   0
401   7   2087   1051   401   7   2087   1051   0   0   0   0
357   2   2120   924   357   2   2120   924   0   0   0   0
405   4   2017   935   405   4   2017   935   0   0   0   0
300   1   1612   670   300   1   1612   670   0   0   0   0
448   4   2385   1033   448   4   2385   1033   0   0   0   0
390   5   2410   1022   390   5   2410   1022   0   0   0   0
290   3   1612   706   290   3   1612   706   0   0   0   0
179   0   1517   571   179   0   1517   571   0   0   0   0
372   6   2452   903   372   6   2452   903   0   0   0   0
347   9   2507   950   347   9   2507   950   0   0   0   0
197   1   1558   485   197   1   1558   485   0   0   0   0
198   4   1578   532   198   4   1578   532   0   0   0   0
341   2   2516   891   341   2   2516   891   0   0   0   0
360   4   2616   892   360   4   2616   892   0   0   0   0
209   7   1542   540   209   7   1542   540   0   0   0   0
245   9   1660   678   245   9   1660   678   0   0   0   0
416   2   2346   1086   416   2   2346   1086   0   0   0   0
378   4   2353   1038   378   4   2353   1038   0   0   0   0
298   6   1683   756   298   6   1683   756   0   0   0   0
334   5   2008   803   334   5   2008   803   0   0   0   0
455   6   2132   1014   455   6   2132   1014   0   0   0   0
391   2   2140   928   391   2   2140   928   0   0   0   0
380   3   1939   905   380   3   1939   905   0   0   0   0
354   1   2340   892   354   1   2340   892   0   0   0   0
360   2   1900   812   360   2   1900   812   0   0   0   0
298   3   1821   771   298   3   1821   771   0   0   0   0
376   4   2225   1016   376   4   2225   1016   0   0   0   0
326   4   2417   863   326   4   2417   863   0   0   0   0
233   5   1698   572   233   5   1698   572   0   0   0   0
234   5   1707   609   234   5   1707   609   0   0   0   0
302   2   2265   875   302   2   2265   875   0   0   0   0
111   2   727   350   111   2   727   350   0   0   0   0
180   6   1303   578   180   6   1303   578   0   0   0   0
175   2   1359   562   175   2   1359   562   0   0   0   0
118   0   805   376   118   0   805   376   0   0   0   0
272   2   1608   737   272   2   1608   737   0   0   0   0
376   3   2170   998   376   3   2170   998   0   0   0   0
367   2   2168   942   367   2   2168   942   0   0   0   0
299   3   1710   683   299   3   1710   683   0   0   0   0
377   1   2088   916   377   1   2088   916   0   0   0   0
400   1   2302   1008   400   1   2302   1008   0   0   0   0
408   2   2297   1054   408   2   2297   1054   0   0   0   0
391   5   2043   924   391   5   2043   924   0   0   0   0
329   5   1959   846   329   5   1959   846   0   0   0   0
325   1   1943   789   325   1   1943   789   0   0   0   0
304   1   1809   767   304   1   1809   767   0   0   0   0
338   1   2025   872   338   1   2025   872   0   0   0   0
167   3   1268   469   167   3   1268   469   0   0   0   0
136   2   871   311   136   2   871   311   0   0   0   0
153   1   916   336   153   1   916   336   0   0   0   0
175   4   1224   453   175   4   1224   453   0   0   0   0
5063   5   29435   11443   5063   5   29435   11443   0   0   0   0
3475   1   19924   7772   3475   1   19924   7772   0   0   0   0
3523   1   19997   7936   3523   1   19997   7936   0   0   0   0
5127   6   29382   11642   5127   6   29382   11642   0   0   0   0
10575   20   52434   23204   10575   20   52434   23204   0   0   0   0
9565   8   46783   21122   9565   8   46783   21122   0   0   0   0
9753   6   46649   20957   9753   6   46649   20957   0   0   0   0
11094   12   52869   23554   11094   12   52869   23554   0   0   0   0
11801   17   54691   25479   11801   17   54691   25479   0   0   0   0
13101   10   60171   28530   13101   10   60171   28530   0   0   0   0
13155   16   60544   27978   13155   16   60544   27978   0   0   0   0
11927   17   55051   25775   11927   17   55051   25775   0   0   0   0
8729   5   42113   19001   8729   5   42113   19001   0   0   0   0
11826   9   56631   25986   11826   9   56631   25986   0   0   0   0
11505   21   56498   25142   11505   21   56498   25142   0   0   0   0
8921   2   42336   18788   8921   2   42336   18788   0   0   0   0
3209   2   17748   6890   3209   2   17748   6890   0   0   0   0
5554   2   31836   12521   5554   2   31836   12521   0   0   0   0
5449   0   31672   12326   5449   0   31672   12326   0   0   0   0
3082   1   17412   7031   3082   1   17412   7031   0   0   0   0
9802   95   58532   21954   9802   95   58532   21954   0   0   0   0
7357   27   42703   16063   7357   27   42703   16063   0   0   0   0
6988   18   42475   16010   6988   18   42475   16010   0   0   0   0
9970   99   58215   22225   9970   99   58215   22225   0   0   0   0
11259   132   58487   24463   11259   132   58487   24463   0   0   0   0
10051   56   46299   21655   10051   56   46299   21655   0   0   0   0
9148   65   46600   19878   9148   65   46600   19878   0   0   0   0
12822   126   58767   27363   12822   126   58767   27363   0   0   0   0
10248   105   50836   22019   10248   105   50836   22019   0   0   0   0
12799   111   55353   28030   12799   111   55353   28030   0   0   0   0
11265   114   55767   24454   11265   114   55767   24454   0   0   0   0
11914   122   50781   25273   11914   122   50781   25273   0   0   0   0
8108   57   41560   17597   8108   57   41560   17597   0   0   0   0
13619   153   63457   30209   13619   153   63457   30209   0   0   0   0
12440   140   64218   26661   12440   140   64218   26661   0   0   0   0
9029   61   41798   19433   9029   61   41798   19433   0   0   0   0
6362   23   37807   14180   6362   23   37807   14180   0   0   0   0
10786   94   63164   24367   10786   94   63164   24367   0   0   0   0
10484   99   63263   23440   10484   99   63263   23440   0   0   0   0
6282   26   37858   14716   6282   26   37858   14716   0   0   0   0
6328   141   38013   13892   6328   141   38013   13892   0   0   0   0
10811   77   63363   24062   10811   77   63363   24062   0   0   0   0
10784   71   63284   23362   10784   71   63284   23362   0   0   0   0
6257   145   38034   14249   6257   145   38034   14249   0   0   0   0
7968   108   41559   17945   7968   108   41559   17945   0   0   0   0
13768   74   63581   29871   13768   74   63581   29871   0   0   0   0
12462   80   63537   26643   12462   80   63537   26643   0   0   0   0
9048   109   41560   19532   9048   109   41560   19532   0   0   0   0
10134   90   50585   21999   10134   90   50585   21999   0   0   0   0
12851   100   56149   27773   12851   100   56149   27773   0   0   0   0
11470   90   55997   24476   11470   90   55997   24476   0   0   0   0
11924   91   50458   25144   11924   91   50458   25144   0   0   0   0
11205   88   58919   24694   11205   88   58919   24694   0   0   0   0
9861   134   46337   21927   9861   134   46337   21927   0   0   0   0
9297   129   46551   20073   9297   129   46551   20073   0   0   0   0
12785   68   58661   28017   12785   68   58661   28017   0   0   0   0
9610   55   58290   22003   9610   55   58290   22003   0   0   0   0
7200   164   42588   16198   7200   164   42588   16198   0   0   0   0
7191   146   42882   15895   7191   146   42882   15895   0   0   0   0
9933   90   58164   22597   9933   90   58164   22597   0   0   0   0
3125   62   17829   6890   3125   62   17829   6890   0   0   0   0
5581   86   31989   12515   5581   86   31989   12515   0   0   0   0
5567   76   31784   12264   5567   76   31784   12264   0   0   0   0
3093   42   17722   6784   3093   42   17722   6784   0   0   0   0
8718   43   42084   18649   8718   43   42084   18649   0   0   0   0
11933   42   56491   25693   11933   42   56491   25693   0   0   0   0
11605   64   56641   24731   11605   64   56641   24731   0   0   0   0
8825   39   42552   18749   8825   39   42552   18749   0   0   0   0
11984   49   54940   25488   11984   49   54940   25488   0   0   0   0
13490   52   60759   28490   13490   52   60759   28490   0   0   0   0
13063   54   60609   28253   13063   54   60609   28253   0   0   0   0
11983   44   55047   25825   11983   44   55047   25825   0   0   0   0
10666   51   52560   23221   10666   51   52560   23221   0   0   0   0
9690   36   47157   21030   9690   36   47157   21030   0   0   0   0
9636   60   46858   21106   9636   60   46858   21106   0   0   0   0
11003   47   52150   23645   11003   47   52150   23645   0   0   0   0
5053   62   29722   11581   5053   62   29722   11581   0   0   0   0
3441   57   19946   7808   3441   57   19946   7808   0   0   0   0
3502   50   20018   7891   3502   50   20018   7891   0   0   0   0
5122   58   29432   11597   5122   58   29432   11597   0   0   0   0
0   0   0   84   0   0   0   84   0   0   0   0
0   0   0   76   0   0   0   76   0   0   0   0
0   0   0   75   0   0   0   75   0   0   0   0
0   0   0   87   0   0   0   87   0   0   0   0
0   0   0   145   0   0   0   145   0   0   0   0
0   0   0   173   0   0   0   173   0   0   0   0
0   0   0   156   0   0   0   156   0   0   0   0
0   0   0   173   0   0   0   173   0   0   0   0
0   0   0   175   0   0   0   175   0   0   0   0
0   0   0   204   0   0   0   204   0   0   0   0
0   0   0   188   0   0   0   188   0   0   0   0
0   0   0   165   0   0   0   165   0   0   0   0
0   0   0   153   0   0   0   153   0   0   0   0
0   0   0   196   0   0   0   196   0   0   0   0
0   0   0   196   0   0   0   196   0   0   0   0
0   0   0   143   0   0   0   143   0   0   0   0
0   0   0   55   0   0   0   55   0   0   0   0
0   0   0   94   0   0   0   94   0   0   0   0
0   0   0   98   0   0   0   98   0   0   0   0
0   0   0   48   0   0   0   48   0   0   0   0
0   2   0   190   0   2   0   190   0   0   0   0
0   1   0   132   0   1   0   132   0   0   0   0
0   0   0   150   0   0   0   150   0   0   0   0
0   1   0   181   0   1   0   181   0   0   0   0
0   5   0   174   0   5   0   174   0   0   0   0
0   2   0   160   0   2   0   160   0   0   0   0
0   0   0   147   0   0   0   147   0   0   0   0
0   1   0   205   0   1   0   205   0   0   0   0
0   0   0   132   0   0   0   132   0   0   0   0
0   1   0   193   0   1   0   193   0   0   0   0
0   3   0   193   0   3   0   193   0   0   0   0
0   2   0   158   0   2   0   158   0   0   0   0
0   0   0   129   0   0   0   129   0   0   0   0
0   2   0   244   0   2   0   244   0   0   0   0
0   2   0   195   0   2   0   195   0   0   0   0
0   1   0   143   0   1   0   143   0   0   0   0
0   0   0   114   0   0   0   114   0   0   0   0
0   0   0   206   0   0   0   206   0   0   0   0
0   1   0   236   0   1   0   236   0   0   0   0
0   1   0   134   0   1   0   134   0   0   0   0
0   1   0   98   0   1   0   98   0   0   0   0
0   0   0   204   0   0   0   204   0   0   0   0
0   5   0   174   0   5   0   174   0   0   0   0
0   2   0   91   0   2   0   91   0   0   0   0
0   5   0   114   0   5   0   114   0   0   0   0
0   1   0   214   0   1   0   214   0   0   0   0
0   0   0   188   0   0   0   188   0   0   0   0
0   2   0   132   0   2   0   132   0   0   0   0
0   4   0   138   0   4   0   138   0   0   0   0
0   1   0   169   0   1   0   169   0   0   0   0
0   0   0   191   0   0   0   191   0   0   0   0
0   1   0   157   0   1   0   157   0   0   0   0
0   1   0   179   0   1   0   179   0   0   0   0
0   3   0   143   0   3   0   143   0   0   0   0
0   3   0   132   0   3   0   132   0   0   0   0
0   1   0   194   0   1   0   194   0   0   0   0
0   0   0   180   0   0   0   180   0   0   0   0
0   2   0   142   0   2   0   142   0   0   0   0
0   2   0   147   0   2   0   147   0   0   0   0
0   2   0   184   0   2   0   184   0   0   0   0
0   1   0   46   0   1   0   46   0   0   0   0
0   0   0   85   0   0   0   85   0   0   0   0
0   1   0   64   0   1   0   64   0   0   0   0
0   2   0   42   0   2   0   42   0   0   0   0
0   0   0   100   0   0   0   100   0   0   0   0
0   0   0   187   0   0   0   187   0   0   0   0
0   0   0   178   0   0   0   178   0   0   0   0
0   0   0   111   0   0   0   111   0   0   0   0
0   2   0   150   0   2   0   150   0   0   0   0
0   0   0   188   0   0   0   188   0   0   0   0
0   1   0   174   0   1   0   174   0   0   0   0
0   1   0   148   0   1   0   148   0   0   0   0
0   1   0   140   0   1   0   140   0   0   0   0
0   2   0   137   0   2   0   137   0   0   0   0
0   0   0   114   0   0   0   114   0   0   0   0
0   1   0   148   0   1   0   148   0   0   0   0
0   0   0   77   0   0   0   77   0   0   0   0
0   0   0   48   0   0   0   48   0   0   0   0
0   1   0   61   0   1   0   61   0   0   0   0
0   5   0   101   0   5   0   101   0   0   0   0
0   0   0   3   0   0   0   3   0   0   0   0
0   0   0   3   0   0   0   3   0   0   0   0
0   0   0   3   0   0   0   3   0   0   0   0
0   0   0   2   0   0   0   2   0   0   0   0
0   0   0   2   0   0   0   2   0   0   0   0
0   0   0   0   0   0   0   0   0   0   0   0
0   0   0   2   0   0   0   2   0   0   0   0
0   0   0   1   0   0   0   1   0   0   0   0
0   0   0   0   0   0   0   0   0   0   0   0
0   0   0   4   0   0   0   4   0   0   0   0
0   0   0   4   0   0   0   4   0   0   0   0
0   0   0   3   0   0   0   3   0   0   0   0
0   0   0   5   0   0   0   5   0   0   0   0
0   0   0   10   0   0   0   10   0   0   0   0
0   0   0   8   0   0   0   8   0   0   0   0
0   0   0   2   0   0   0   2   0   0   0   0
0   0   0   0   0   0   0   0   0   0   0   0
0   0   0   3   0   0   0   3   0   0   0   0
0   0   0   1   0   0   0   1   0   0   0   0
0   0   0   1   0   0   0   1   0   0   0   0
0   0   0   5   0   0   0   5   0   0   0   0
0   0   0   2   0   0   0   2   0   0   0   0
0   0   0   2   0   0   0   2   0   0   0   0
0   0   0   5   0   0   0   5   0   0   0   0
0   0   0   4   0   0   0   4   0   0   0   0
0   0   0   2   0   0   0   2   0   0   0   0
0   0   0   0   0   0   0   0   0   0   0   0
0   0   0   5   0   0   0   5   0   0   0   0
0   0   0   3   0   0   0   3   0   0   0   0
0   0   0   2   0   0   0   2   0   0   0   0
0   0   0   2   0   0   0   2   0   0   0   0
0   0   0   5   0   0   0   5   0   0   0   0
0   0   0   4   0   0   0   4   0   0   0   0
0   0   0   5   0   0   0   5   0   0   0   0
0   0   0   5   0   0   0   5   0   0   0   0
0   0   0   4   0   0   0   4   0   0   0   0
0   0   0   3   0   0   0   3   0   0   0   0
0   0   0   4   0   0   0   4   0   0   0   0
0   0   0   5   0   0   0   5   0   0   0   0
0   0   0   4   0   0   0   4   0   0   0   0
0   0   0   3   0   0   0   3   0   0   0   0
0   0   0   4   0   0   0   4   0   0   0   0
0   0   0   4   0   0   0   4   0   0   0   0
0   0   0   2   0   0   0   2   0   0   0   0
0   0   0   2   0   0   0   2   0   0   0   0
0   0   0   4   0   0   0   4   0   0   0   0
0   0   0   3   0   0   0   3   0   0   0   0
0   0   0   3   0   0   0   3   0   0   0   0
0   0   0   6   0   0   0   6   0   0   0   0
0   0   0   6   0   0   0   6   0   0   0   0
0   0   0   2   0   0   0   2   0   0   0   0
0   0   0   1   0   0   0   1   0   0   0   0
0   0   0   5   0   0   0   5   0   0   0   0
0   0   0   3   0   0   0   3   0   0   0   0
0   0   0   2   0   0   0   2   0   0   0   0
0   0   0   1   0   0   0   1   0   0   0   0
0   0   0   6   0   0   0   6   0   0   0   0
0   0   0   1   0   0   0   1   0   0   0   0
0   0   0   5   0   0   0   5   0   0   0   0
0   0   0   2   0   0   0   2   0   0   0   0
0   0   0   4   0   0   0   4   0   0   0   0
0   0   0   0   0   0   0   0   0   0   0   0
0   0   0   5   0   0   0   5   0   0   0   0
0   0   0   0   0   0   0   0   0   0   0   0
0   0   0   3   0   0   0   3   0   0   0   0
0   0   0   6   0   0   0   6   0   0   0   0
0   0   0   5   0   0   0   5   0   0   0   0
0   0   0   3   0   0   0   3   0   0   0   0
0   0   0   2   0   0   0   2   0   0   0   0
0   0   0   3   0   0   0   3   0   0   0   0
0   0   0   5   0   0   0   5   0   0   0   0
0   0   0   2   0   0   0   2   0   0   0   0
0   0   0   2   0   0   0   2   0   0   0   0
0   0   0   2   0   0   0   2   0   0   0   0
0   0   0   4   0   0   0   4   0   0   0   0
0   0   0   2   0   0   0   2   0   0   0   0
0   0   0   0   0   0   0   0   0   0   0   0
0   0   0   0   0   0   0   0   0   0   0   0
0   0   0   1   0   0   0   1   0   0   0   0
0   0   0   0   0   0   0   0   0   0   0   0
