24   1   1599   1508   24   1   1599   1508   0   0   0   0
31   1   1658   1600   31   1   1658   1600   0   0   0   0
18   0   1544   1524   18   0   1544   1524   0   0   0   0
32   0   1576   1578   32   0   1576   1578   0   0   0   0
440   8   3061   20646   440   8   3061   20646   0   0   0   0
367   2   2951   20026   367   2   2951   20026   0   0   0   0
370   3   2815   20007   370   3   2815   20007   0   0   0   0
424   5   2919   20680   424   5   2919   20680   0   0   0   0
862   8   3536   42211   862   8   3536   42211   0   0   0   0
754   8   3201   39924   754   8   3201   39924   0   0   0   0
837   6   3255   40018   837   6   3255   40018   0   0   0   0
833   7   3414   42291   833   7   3414   42291   0   0   0   0
416   2   2856   20870   416   2   2856   20870   0   0   0   0
338   8   2624   19178   338   8   2624   19178   0   0   0   0
340   6   2649   18740   340   6   2649   18740   0   0   0   0
400   1   2845   20755   400   1   2845   20755   0   0   0   0
23   0   1388   1687   23   0   1388   1687   0   0   0   0
22   1   1129   1499   22   1   1129   1499   0   0   0   0
24   1   1171   1441   24   1   1171   1441   0   0   0   0
27   0   1482   1689   27   0   1482   1689   0   0   0   0
35   13   3190   2496   35   13   3190   2496   0   0   0   0
34   7   3127   2538   34   7   3127   2538   0   0   0   0
28   2   3213   2341   28   2   3213   2341   0   0   0   0
49   18   3239   2446   49   18   3239   2446   0   0   0   0
414   171   3162   20975   414   171   3162   20975   0   0   0   0
371   74   2781   18432   371   74   2781   18432   0   0   0   0
340   68   2750   18466   340   68   2750   18466   0   0   0   0
382   143   3091   20858   382   143   3091   20858   0   0   0   0
689   242   2759   35240   689   242   2759   35240   0   0   0   0
589   204   2286   27868   589   204   2286   27868   0   0   0   0
567   214   2273   27618   567   214   2273   27618   0   0   0   0
719   241   2921   35360   719   241   2921   35360   0   0   0   0
304   79   2294   16040   304   79   2294   16040   0   0   0   0
214   132   1565   11049   214   132   1565   11049   0   0   0   0
234   135   1517   11198   234   135   1517   11198   0   0   0   0
316   69   2333   15872   316   69   2333   15872   0   0   0   0
21   2   1277   1588   21   2   1277   1588   0   0   0   0
10   12   777   951   10   12   777   951   0   0   0   0
17   16   815   932   17   16   815   932   0   0   0   0
13   5   1345   1462   13   5   1345   1462   0   0   0   0
44   16   3015   2183   44   16   3015   2183   0   0   0   0
41   18   3446   2713   41   18   3446   2713   0   0   0   0
44   19   3300   2783   44   19   3300   2783   0   0   0   0
20   22   2848   2211   20   22   2848   2211   0   0   0   0
350   197   2574   16678   350   197   2574   16678   0   0   0   0
428   94   3406   22921   428   94   3406   22921   0   0   0   0
432   118   3442   22551   432   118   3442   22551   0   0   0   0
333   192   2569   16485   333   192   2569   16485   0   0   0   0
514   236   2038   24885   514   236   2038   24885   0   0   0   0
768   185   3094   38212   768   185   3094   38212   0   0   0   0
802   186   3027   38137   802   186   3027   38137   0   0   0   0
498   232   2018   24718   498   232   2018   24718   0   0   0   0
188   85   1349   9921   188   85   1349   9921   0   0   0   0
350   146   2424   17391   350   146   2424   17391   0   0   0   0
351   104   2419   17269   351   104   2419   17269   0   0   0   0
179   100   1406   9706   179   100   1406   9706   0   0   0   0
4   5   710   968   4   5   710   968   0   0   0   0
23   12   1460   1616   23   12   1460   1616   0   0   0   0
24   11   1398   1648   24   11   1398   1648   0   0   0   0
7   6   667   1035   7   6   667   1035   0   0   0   0
23   5   1391   1412   23   5   1391   1412   0   0   0   0
25   15   1777   1744   25   15   1777   1744   0   0   0   0
30   7   1762   1760   30   7   1762   1760   0   0   0   0
25   9   1418   1367   25   9   1418   1367   0   0   0   0
346   37   2662   18329   346   37   2662   18329   0   0   0   0
438   49   3260   22419   438   49   3260   22419   0   0   0   0
462   57   3214   22364   462   57   3214   22364   0   0   0   0
336   37   2584   18276   336   37   2584   18276   0   0   0   0
745   41   2972   36271   745   41   2972   36271   0   0   0   0
994   51   3753   46024   994   51   3753   46024   0   0   0   0
931   62   3688   45923   931   62   3688   45923   0   0   0   0
762   44   2907   36080   762   44   2907   36080   0   0   0   0
355   38   2379   17188   355   38   2379   17188   0   0   0   0
436   19   3194   22590   436   19   3194   22590   0   0   0   0
461   22   3155   22585   461   22   3155   22585   0   0   0   0
363   28   2344   17135   363   28   2344   17135   0   0   0   0
22   1   1131   1471   22   1   1131   1471   0   0   0   0
23   1   1537   1941   23   1   1537   1941   0   0   0   0
21   1   1521   1927   21   1   1521   1927   0   0   0   0
14   3   1046   1479   14   3   1046   1479   0   0   0   0
95   3   2982   5543   95   3   2982   5543   0   0   0   0
99   0   3267   6022   99   0   3267   6022   0   0   0   0
94   4   3210   6158   94   4   3210   6158   0   0   0   0
108   4   3110   5562   108   4   3110   5562   0   0   0   0
886   18   5857   45457   886   18   5857   45457   0   0   0   0
989   23   6744   52168   989   23   6744   52168   0   0   0   0
1044   13   7037   52248   1044   13   7037   52248   0   0   0   0
877   25   5953   44943   877   25   5953   44943   0   0   0   0
1489   20   6572   74818   1489   20   6572   74818   0   0   0   0
1865   22   8085   90751   1865   22   8085   90751   0   0   0   0
1871   15   8087   91508   1871   15   8087   91508   0   0   0   0
1586   17   6625   74668   1586   17   6625   74668   0   0   0   0
873   8   5449   41097   873   8   5449   41097   0   0   0   0
1072   19   7214   54716   1072   19   7214   54716   0   0   0   0
1053   23   7179   54925   1053   23   7179   54925   0   0   0   0
793   9   5344   41177   793   9   5344   41177   0   0   0   0
77   1   2274   4612   77   1   2274   4612   0   0   0   0
116   6   3606   7340   116   6   3606   7340   0   0   0   0
123   4   3638   7260   123   4   3638   7260   0   0   0   0
88   1   2309   4568   88   1   2309   4568   0   0   0   0
95   72   4151   6204   95   72   4151   6204   0   0   0   0
118   18   4441   6767   118   18   4441   6767   0   0   0   0
129   12   4483   6657   129   12   4483   6657   0   0   0   0
101   70   4089   6145   101   70   4089   6145   0   0   0   0
632   438   4602   33292   632   438   4602   33292   0   0   0   0
772   214   5476   41378   772   214   5476   41378   0   0   0   0
838   192   5574   41001   838   192   5574   41001   0   0   0   0
639   408   4584   33285   639   408   4584   33285   0   0   0   0
932   420   3947   45329   932   420   3947   45329   0   0   0   0
1393   502   5945   65883   1393   502   5945   65883   0   0   0   0
1314   521   5814   65832   1314   521   5814   65832   0   0   0   0
914   430   3945   44979   914   430   3945   44979   0   0   0   0
413   144   2827   22118   413   144   2827   22118   0   0   0   0
804   439   5383   41081   804   439   5383   41081   0   0   0   0
818   445   5332   41485   818   445   5332   41485   0   0   0   0
415   107   2900   21818   415   107   2900   21818   0   0   0   0
45   10   1538   2782   45   10   1538   2782   0   0   0   0
127   72   3639   7158   127   72   3639   7158   0   0   0   0
124   69   3675   7216   124   69   3675   7216   0   0   0   0
42   11   1560   2803   42   11   1560   2803   0   0   0   0
76   64   4001   6074   76   64   4001   6074   0   0   0   0
121   63   4531   6836   121   63   4531   6836   0   0   0   0
100   50   4566   6772   100   50   4566   6772   0   0   0   0
120   84   4033   6028   120   84   4033   6028   0   0   0   0
775   321   5069   37209   775   321   5069   37209   0   0   0   0
698   215   4982   36786   698   215   4982   36786   0   0   0   0
736   209   4991   36675   736   209   4991   36675   0   0   0   0
763   349   5025   36997   763   349   5025   36997   0   0   0   0
1316   278   5540   60140   1316   278   5540   60140   0   0   0   0
1033   415   4424   49970   1033   415   4424   49970   0   0   0   0
1053   373   4359   50249   1053   373   4359   50249   0   0   0   0
1250   278   5498   60365   1250   278   5498   60365   0   0   0   0
770   122   5082   38904   770   122   5082   38904   0   0   0   0
483   414   3295   25369   483   414   3295   25369   0   0   0   0
490   375   3163   25466   490   375   3163   25466   0   0   0   0
715   97   4934   38510   715   97   4934   38510   0   0   0   0
121   11   3511   7145   121   11   3511   7145   0   0   0   0
53   101   1770   3650   53   101   1770   3650   0   0   0   0
50   70   1801   3640   50   70   1801   3640   0   0   0   0
116   12   3416   7038   116   12   3416   7038   0   0   0   0
94   7   2940   5466   94   7   2940   5466   0   0   0   0
95   25   3286   6100   95   25   3286   6100   0   0   0   0
102   23   3211   6170   102   23   3211   6170   0   0   0   0
116   9   3032   5403   116   9   3032   5403   0   0   0   0
891   64   6269   47241   891   64   6269   47241   0   0   0   0
1003   92   6435   49267   1003   92   6435   49267   0   0   0   0
951   102   6500   49312   951   102   6500   49312   0   0   0   0
930   70   6113   47181   930   70   6113   47181   0   0   0   0
1630   102   7418   83669   1630   102   7418   83669   0   0   0   0
1686   100   7181   82130   1686   100   7181   82130   0   0   0   0
1746   93   7330   81895   1746   93   7330   81895   0   0   0   0
1704   96   7346   83716   1704   96   7346   83716   0   0   0   0
967   77   6564   50719   967   77   6564   50719   0   0   0   0
953   52   5857   46150   953   52   5857   46150   0   0   0   0
863   49   5823   46005   863   49   5823   46005   0   0   0   0
1057   71   6624   50766   1057   71   6624   50766   0   0   0   0
125   14   3286   7059   125   14   3286   7059   0   0   0   0
88   12   2535   5453   88   12   2535   5453   0   0   0   0
88   5   2532   5378   88   5   2532   5378   0   0   0   0
128   16   3316   7036   128   16   3316   7036   0   0   0   0
102   8   1947   6160   102   8   1947   6160   0   0   0   0
123   0   2195   7294   123   0   2195   7294   0   0   0   0
117   1   2199   7118   117   1   2199   7118   0   0   0   0
101   3   1880   6166   101   3   1880   6166   0   0   0   0
676   15   3936   32527   676   15   3936   32527   0   0   0   0
839   9   5092   42360   839   9   5092   42360   0   0   0   0
867   9   5029   42128   867   9   5029   42128   0   0   0   0
636   21   3843   32466   636   21   3843   32466   0   0   0   0
892   13   4252   45278   892   13   4252   45278   0   0   0   0
1378   23   6414   67344   1378   23   6414   67344   0   0   0   0
1344   21   6490   67775   1344   21   6490   67775   0   0   0   0
944   13   4358   45236   944   13   4358   45236   0   0   0   0
537   15   3395   27295   537   15   3395   27295   0   0   0   0
934   11   5929   48583   934   11   5929   48583   0   0   0   0
980   17   5834   48718   980   17   5834   48718   0   0   0   0
526   8   3341   27252   526   8   3341   27252   0   0   0   0
83   2   1337   4391   83   2   1337   4391   0   0   0   0
177   5   3439   10629   177   5   3439   10629   0   0   0   0
187   1   3378   10309   187   1   3378   10309   0   0   0   0
72   1   1326   4215   72   1   1326   4215   0   0   0   0
83   63   2123   5632   83   63   2123   5632   0   0   0   0
133   11   2492   6877   133   11   2492   6877   0   0   0   0
122   16   2551   6935   122   16   2551   6935   0   0   0   0
122   75   2140   5521   122   75   2140   5521   0   0   0   0
382   318   2607   20492   382   318   2607   20492   0   0   0   0
649   136   4140   34162   649   136   4140   34162   0   0   0   0
652   160   4138   33784   652   160   4138   33784   0   0   0   0
394   273   2537   20387   394   273   2537   20387   0   0   0   0
493   267   2406   25548   493   267   2406   25548   0   0   0   0
1201   367   5574   58398   1201   367   5574   58398   0   0   0   0
1168   363   5480   58780   1168   363   5480   58780   0   0   0   0
507   268   2386   25507   507   268   2386   25507   0   0   0   0
326   79   2129   17142   326   79   2129   17142   0   0   0   0
939   428   6303   51598   939   428   6303   51598   0   0   0   0
1008   437   6348   51325   1008   437   6348   51325   0   0   0   0
318   82   2099   17233   318   82   2099   17233   0   0   0   0
86   4   2230   5858   86   4   2230   5858   0   0   0   0
287   127   5819   17472   287   127   5819   17472   0   0   0   0
299   99   5949   17462   299   99   5949   17462   0   0   0   0
105   9   2289   6090   105   9   2289   6090   0   0   0   0
105   80   2220   6037   105   80   2220   6037   0   0   0   0
103   53   2346   6192   103   53   2346   6192   0   0   0   0
111   53   2395   6251   111   53   2395   6251   0   0   0   0
113   78   2259   6053   113   78   2259   6053   0   0   0   0
593   208   3904   31257   593   208   3904   31257   0   0   0   0
431   152   2811   22914   431   152   2811   22914   0   0   0   0
465   190   2895   22630   465   190   2895   22630   0   0   0   0
646   201   3902   31235   646   201   3902   31235   0   0   0   0
1129   142   5301   54367   1129   142   5301   54367   0   0   0   0
557   324   2711   29223   557   324   2711   29223   0   0   0   0
580   276   2754   28877   580   276   2754   28877   0   0   0   0
1134   167   5245   54570   1134   167   5245   54570   0   0   0   0
931   74   5891   48028   931   74   5891   48028   0   0   0   0
423   383   2581   20310   423   383   2581   20310   0   0   0   0
408   395   2470   20515   408   395   2470   20515   0   0   0   0
983   84   6031   48383   983   84   6031   48383   0   0   0   0
261   38   5397   16104   261   38   5397   16104   0   0   0   0
130   162   2664   7407   130   162   2664   7407   0   0   0   0
126   166   2655   7520   126   166   2655   7520   0   0   0   0
277   38   5388   16162   277   38   5388   16162   0   0   0   0
126   11   2060   6387   126   11   2060   6387   0   0   0   0
119   24   2183   6525   119   24   2183   6525   0   0   0   0
118   21   2100   6514   118   21   2100   6514   0   0   0   0
111   12   2052   6363   111   12   2052   6363   0   0   0   0
764   59   4758   38384   764   59   4758   38384   0   0   0   0
733   52   4414   35052   733   52   4414   35052   0   0   0   0
743   52   4478   35159   743   52   4478   35159   0   0   0   0
774   38   4707   38360   774   38   4707   38360   0   0   0   0
1296   93   5965   62309   1296   93   5965   62309   0   0   0   0
1055   71   4848   50563   1055   71   4848   50563   0   0   0   0
1019   84   4743   50330   1019   84   4743   50330   0   0   0   0
1253   84   5747   62343   1253   84   5747   62343   0   0   0   0
931   118   5564   45521   931   118   5564   45521   0   0   0   0
640   56   3788   31244   640   56   3788   31244   0   0   0   0
618   78   3722   31381   618   78   3722   31381   0   0   0   0
884   109   5552   45601   884   109   5552   45601   0   0   0   0
186   47   3059   10067   186   47   3059   10067   0   0   0   0
93   27   1544   5159   93   27   1544   5159   0   0   0   0
95   28   1578   5068   95   28   1578   5068   0   0   0   0
184   38   3133   10061   184   38   3133   10061   0   0   0   0
252   11   2911   13386   252   11   2911   13386   0   0   0   0
275   1   3426   16026   275   1   3426   16026   0   0   0   0
332   0   3395   15909   332   0   3395   15909   0   0   0   0
276   13   2845   13208   276   13   2845   13208   0   0   0   0
979   33   5564   49793   979   33   5564   49793   0   0   0   0
1401   21   8378   72634   1401   21   8378   72634   0   0   0   0
1428   19   8434   72536   1428   19   8434   72536   0   0   0   0
957   25   5686   49585   957   25   5686   49585   0   0   0   0
1260   31   6322   63566   1260   31   6322   63566   0   0   0   0
2170   42   10841   111354   2170   42   10841   111354   0   0   0   0
2250   33   11005   111048   2250   33   11005   111048   0   0   0   0
1212   47   6138   63536   1212   47   6138   63536   0   0   0   0
756   22   4583   40731   756   22   4583   40731   0   0   0   0
1842   36   10762   91771   1842   36   10762   91771   0   0   0   0
1862   35   10676   91671   1862   35   10676   91671   0   0   0   0
821   16   4809   41032   821   16   4809   41032   0   0   0   0
143   1   2038   9448   143   1   2038   9448   0   0   0   0
530   5   6768   30765   530   5   6768   30765   0   0   0   0
521   13   6666   30504   521   13   6666   30504   0   0   0   0
164   0   2011   9509   164   0   2011   9509   0   0   0   0
171   132   2363   10398   171   132   2363   10398   0   0   0   0
226   42   2923   13983   226   42   2923   13983   0   0   0   0
257   48   2993   14036   257   48   2993   14036   0   0   0   0
217   152   2455   10306   217   152   2455   10306   0   0   0   0
602   471   3433   29911   602   471   3433   29911   0   0   0   0
1253   240   7201   63324   1253   240   7201   63324   0   0   0   0
1236   242   7336   63533   1236   242   7336   63533   0   0   0   0
545   422   3308   29579   545   422   3308   29579   0   0   0   0
804   320   3933   40980   804   320   3933   40980   0   0   0   0
2340   594   11492   117844   2340   594   11492   117844   0   0   0   0
2367   596   11513   117542   2367   596   11513   117542   0   0   0   0
801   287   3891   41419   801   287   3891   41419   0   0   0   0
830   97   4804   41465   830   97   4804   41465   0   0   0   0
2429   767   14813   127218   2429   767   14813   127218   0   0   0   0
2539   755   14991   127157   2539   755   14991   127157   0   0   0   0
828   104   4876   41253   828   104   4876   41253   0   0   0   0
533   11   7633   31100   533   11   7633   31100   0   0   0   0
1224   317   16181   69911   1224   317   16181   69911   0   0   0   0
1184   308   16288   69880   1184   308   16288   69880   0   0   0   0
486   16   7558   31012   486   16   7558   31012   0   0   0   0
230   112   2816   12483   230   112   2816   12483   0   0   0   0
201   72   2662   11355   201   72   2662   11355   0   0   0   0
218   85   2589   11173   218   85   2589   11173   0   0   0   0
218   138   2808   12188   218   138   2808   12188   0   0   0   0
1173   255   6757   58898   1173   255   6757   58898   0   0   0   0
633   274   3924   33282   633   274   3924   33282   0   0   0   0
678   320   3972   33247   678   320   3972   33247   0   0   0   0
1157   249   6608   58609   1157   249   6608   58609   0   0   0   0
2247   211   10725   109934   2247   211   10725   109934   0   0   0   0
946   528   4610   47650   946   528   4610   47650   0   0   0   0
947   525   4682   47975   947   525   4682   47975   0   0   0   0
2200   193   10705   109710   2200   193   10705   109710   0   0   0   0
2337   203   13928   119646   2337   203   13928   119646   0   0   0   0
932   801   5770   49034   932   801   5770   49034   0   0   0   0
967   764   5946   48843   967   764   5946   48843   0   0   0   0
2231   213   13940   118547   2231   213   13940   118547   0   0   0   0
1142   221   15143   63536   1142   221   15143   63536   0   0   0   0
617   637   8745   34869   617   637   8745   34869   0   0   0   0
617   566   8894   34830   617   566   8894   34830   0   0   0   0
1167   222   15178   63864   1167   222   15178   63864   0   0   0   0
281   17   3168   14509   281   17   3168   14509   0   0   0   0
254   27   2995   14175   254   27   2995   14175   0   0   0   0
249   30   3117   14322   249   30   3117   14322   0   0   0   0
263   16   3083   14444   263   16   3083   14444   0   0   0   0
1318   72   7746   66143   1318   72   7746   66143   0   0   0   0
1066   102   6477   55096   1066   102   6477   55096   0   0   0   0
1074   89   6464   55134   1074   89   6464   55134   0   0   0   0
1292   84   7673   66765   1292   84   7673   66765   0   0   0   0
2059   186   10055   103358   2059   186   10055   103358   0   0   0   0
1422   139   6915   71339   1422   139   6915   71339   0   0   0   0
1405   160   6965   71266   1405   160   6965   71266   0   0   0   0
2158   163   10140   103228   2158   163   10140   103228   0   0   0   0
1666   305   9985   85872   1666   305   9985   85872   0   0   0   0
944   189   5429   47221   944   189   5429   47221   0   0   0   0
952   182   5456   47106   952   182   5456   47106   0   0   0   0
1658   311   10155   85401   1658   311   10155   85401   0   0   0   0
471   237   6279   29092   471   237   6279   29092   0   0   0   0
196   124   2507   11250   196   124   2507   11250   0   0   0   0
208   121   2425   11271   208   121   2425   11271   0   0   0   0
511   239   6275   28847   511   239   6275   28847   0   0   0   0
153   10   1367   8454   153   10   1367   8454   0   0   0   0
198   2   1614   9976   198   2   1614   9976   0   0   0   0
204   2   1623   10189   204   2   1623   10189   0   0   0   0
165   7   1413   8485   165   7   1413   8485   0   0   0   0
515   22   2829   25133   515   22   2829   25133   0   0   0   0
771   6   4313   38620   771   6   4313   38620   0   0   0   0
762   8   4298   38398   762   8   4298   38398   0   0   0   0
547   18   2783   25074   547   18   2783   25074   0   0   0   0
589   21   3024   30364   589   21   3024   30364   0   0   0   0
1136   20   5657   58113   1136   20   5657   58113   0   0   0   0
1172   31   5666   58355   1172   31   5666   58355   0   0   0   0
568   17   2931   30320   568   17   2931   30320   0   0   0   0
389   7   2225   20606   389   7   2225   20606   0   0   0   0
988   21   5751   52892   988   21   5751   52892   0   0   0   0
1071   18   5834   52786   1071   18   5834   52786   0   0   0   0
414   14   2271   20556   414   14   2271   20556   0   0   0   0
107   1   1106   6595   107   1   1106   6595   0   0   0   0
447   4   3783   23284   447   4   3783   23284   0   0   0   0
458   5   3969   23159   458   5   3969   23159   0   0   0   0
99   0   1044   6514   99   0   1044   6514   0   0   0   0
110   101   1131   7006   110   101   1131   7006   0   0   0   0
166   29   1498   9092   166   29   1498   9092   0   0   0   0
176   27   1506   8848   176   27   1506   8848   0   0   0   0
117   88   1210   6840   117   88   1210   6840   0   0   0   0
310   234   1737   16239   310   234   1737   16239   0   0   0   0
698   126   3922   37290   698   126   3922   37290   0   0   0   0
740   130   4126   37116   740   130   4126   37116   0   0   0   0
338   209   1771   16279   338   209   1771   16279   0   0   0   0
518   125   2288   23182   518   125   2288   23182   0   0   0   0
1453   290   7003   69881   1453   290   7003   69881   0   0   0   0
1420   274   6700   69437   1420   274   6700   69437   0   0   0   0
472   151   2292   23377   472   151   2292   23377   0   0   0   0
579   58   3313   29898   579   58   3313   29898   0   0   0   0
1588   417   9408   84431   1588   417   9408   84431   0   0   0   0
1653   428   9472   84790   1653   428   9472   84790   0   0   0   0
607   51   3281   30002   607   51   3281   30002   0   0   0   0
554   15   5734   30671   554   15   5734   30671   0   0   0   0
1123   245   10995   61460   1123   245   10995   61460   0   0   0   0
1139   235   11116   61707   1139   235   11116   61707   0   0   0   0
569   23   5649   30864   569   23   5649   30864   0   0   0   0
164   69   1346   8064   164   69   1346   8064   0   0   0   0
133   44   1308   7435   133   44   1308   7435   0   0   0   0
153   42   1300   7497   153   42   1300   7497   0   0   0   0
161   69   1380   8118   161   69   1380   8118   0   0   0   0
725   98   3728   34263   725   98   3728   34263   0   0   0   0
380   146   2013   18598   380   146   2013   18598   0   0   0   0
368   136   2029   18311   368   136   2029   18311   0   0   0   0
672   108   3736   34294   672   108   3736   34294   0   0   0   0
1326   118   6433   65632   1326   118   6433   65632   0   0   0   0
584   251   2826   28608   584   251   2826   28608   0   0   0   0
587   275   2746   28621   587   275   2746   28621   0   0   0   0
1255   102   6379   65389   1255   102   6379   65389   0   0   0   0
1539   140   8704   79006   1539   140   8704   79006   0   0   0   0
710   486   3968   35185   710   486   3968   35185   0   0   0   0
714   448   3876   34620   714   448   3876   34620   0   0   0   0
1488   162   8759   79649   1488   162   8759   79649   0   0   0   0
1078   211   10422   57123   1078   211   10422   57123   0   0   0   0
630   505   6471   35208   630   505   6471   35208   0   0   0   0
678   488   6549   34945   678   488   6549   34945   0   0   0   0
1050   224   10296   57348   1050   224   10296   57348   0   0   0   0
182   9   1549   9372   182   9   1549   9372   0   0   0   0
158   23   1500   9452   158   23   1500   9452   0   0   0   0
166   21   1518   9281   166   21   1518   9281   0   0   0   0
155   13   1446   9242   155   13   1446   9242   0   0   0   0
764   39   3970   35809   764   39   3970   35809   0   0   0   0
535   46   3121   28208   535   46   3121   28208   0   0   0   0
521   45   2996   28289   521   45   2996   28289   0   0   0   0
690   35   3884   35854   690   35   3884   35854   0   0   0   0
1064   115   5198   54531   1064   115   5198   54531   0   0   0   0
692   90   3408   34406   692   90   3408   34406   0   0   0   0
688   90   3396   34381   688   90   3396   34381   0   0   0   0
1113   111   5392   54111   1113   111   5392   54111   0   0   0   0
946   205   5341   48555   946   205   5341   48555   0   0   0   0
468   163   2605   23569   468   163   2605   23569   0   0   0   0
434   149   2555   23944   434   149   2555   23944   0   0   0   0
968   193   5359   48610   968   193   5359   48610   0   0   0   0
364   206   3602   21530   364   206   3602   21530   0   0   0   0
131   111   1325   7986   131   111   1325   7986   0   0   0   0
138   115   1346   7810   138   115   1346   7810   0   0   0   0
424   213   3689   21655   424   213   3689   21655   0   0   0   0
364   21   2534   19446   364   21   2534   19446   0   0   0   0
429   4   2987   22087   429   4   2987   22087   0   0   0   0
449   3   2930   22244   449   3   2930   22244   0   0   0   0
334   16   2530   19389   334   16   2530   19389   0   0   0   0
952   48   4907   48194   952   48   4907   48194   0   0   0   0
1412   25   7685   74932   1412   25   7685   74932   0   0   0   0
1432   18   7803   74489   1432   18   7803   74489   0   0   0   0
923   32   4831   47886   923   32   4831   47886   0   0   0   0
1115   41   5364   54188   1115   41   5364   54188   0   0   0   0
2280   41   10671   110968   2280   41   10671   110968   0   0   0   0
2286   47   10912   110780   2286   47   10912   110780   0   0   0   0
1082   50   5272   54417   1082   50   5272   54417   0   0   0   0
745   19   3894   38834   745   19   3894   38834   0   0   0   0
2223   57   11158   107968   2223   57   11158   107968   0   0   0   0
2052   37   11045   107848   2052   37   11045   107848   0   0   0   0
735   19   3890   38978   735   19   3890   38978   0   0   0   0
311   5   2235   16499   311   5   2235   16499   0   0   0   0
1061   12   8048   59326   1061   12   8048   59326   0   0   0   0
1136   16   8018   59596   1136   16   8018   59596   0   0   0   0
308   8   2142   16658   308   8   2142   16658   0   0   0   0
331   173   2184   16764   331   173   2184   16764   0   0   0   0
355   67   2553   20253   355   67   2553   20253   0   0   0   0
386   89   2738   20113   386   89   2738   20113   0   0   0   0
306   194   2161   16829   306   194   2161   16829   0   0   0   0
712   373   3604   34062   712   373   3604   34062   0   0   0   0
1528   255   7969   77010   1528   255   7969   77010   0   0   0   0
1533   256   7827   76529   1533   256   7827   76529   0   0   0   0
654   343   3473   33750   654   343   3473   33750   0   0   0   0
1079   219   5059   51934   1079   219   5059   51934   0   0   0   0
2953   556   14245   147985   2953   556   14245   147985   0   0   0   0
3001   464   14424   148568   3001   464   14424   148568   0   0   0   0
1058   241   5082   51832   1058   241   5082   51832   0   0   0   0
1623   107   8025   75182   1623   107   8025   75182   0   0   0   0
3899   749   21057   197695   3899   749   21057   197695   0   0   0   0
3903   757   20425   198757   3903   757   20425   198757   0   0   0   0
1538   109   8134   75557   1538   109   8134   75557   0   0   0   0
1825   63   14067   98700   1825   63   14067   98700   0   0   0   0
3380   596   25104   179391   3380   596   25104   179391   0   0   0   0
3369   579   25367   179074   3369   579   25367   179074   0   0   0   0
1925   70   14207   98453   1925   70   14207   98453   0   0   0   0
338   162   2353   18164   338   162   2353   18164   0   0   0   0
337   97   2474   18398   337   97   2474   18398   0   0   0   0
334   106   2475   18811   334   106   2475   18811   0   0   0   0
358   133   2413   18026   358   133   2413   18026   0   0   0   0
1400   192   7232   71593   1400   192   7232   71593   0   0   0   0
798   305   4100   40464   798   305   4100   40464   0   0   0   0
813   303   4246   41028   813   303   4246   41028   0   0   0   0
1382   197   7404   71188   1382   197   7404   71188   0   0   0   0
2822   219   13274   138128   2822   219   13274   138128   0   0   0   0
1277   570   6096   62681   1277   570   6096   62681   0   0   0   0
1246   559   6092   62673   1246   559   6092   62673   0   0   0   0
2733   233   13353   138028   2733   233   13353   138028   0   0   0   0
3731   345   19501   183639   3731   345   19501   183639   0   0   0   0
1729   937   9222   88648   1729   937   9222   88648   0   0   0   0
1761   1004   9320   88587   1761   1004   9320   88587   0   0   0   0
3641   328   19244   183984   3641   328   19244   183984   0   0   0   0
3179   581   23279   167043   3179   581   23279   167043   0   0   0   0
2082   1310   15959   112320   2082   1310   15959   112320   0   0   0   0
2135   1301   15908   112137   2135   1301   15908   112137   0   0   0   0
3078   636   23362   167346   3078   636   23362   167346   0   0   0   0
385   46   2632   20296   385   46   2632   20296   0   0   0   0
447   52   2859   21218   447   52   2859   21218   0   0   0   0
383   40   2803   21030   383   40   2803   21030   0   0   0   0
381   29   2630   20121   381   29   2630   20121   0   0   0   0
1365   116   7134   69417   1365   116   7134   69417   0   0   0   0
1079   92   5595   54103   1079   92   5595   54103   0   0   0   0
1051   106   5572   53658   1051   106   5572   53658   0   0   0   0
1367   138   7175   69792   1367   138   7175   69792   0   0   0   0
2127   212   10032   104037   2127   212   10032   104037   0   0   0   0
1223   189   6062   62536   1223   189   6062   62536   0   0   0   0
1216   172   5933   62672   1216   172   5933   62672   0   0   0   0
2064   221   9927   103578   2064   221   9927   103578   0   0   0   0
1977   394   10534   99974   1977   394   10534   99974   0   0   0   0
907   334   4696   44673   907   334   4696   44673   0   0   0   0
905   332   4652   44621   905   332   4652   44621   0   0   0   0
1939   415   10335   100630   1939   415   10335   100630   0   0   0   0
1073   580   7462   55514   1073   580   7462   55514   0   0   0   0
366   396   2636   19816   366   396   2636   19816   0   0   0   0
353   399   2639   19827   353   399   2639   19827   0   0   0   0
1044   569   7527   55350   1044   569   7527   55350   0   0   0   0
191   7   1137   10298   191   7   1137   10298   0   0   0   0
197   2   1145   10830   197   2   1145   10830   0   0   0   0
223   3   1165   10886   223   3   1165   10886   0   0   0   0
195   4   1125   10376   195   4   1125   10376   0   0   0   0
422   20   2102   22180   422   20   2102   22180   0   0   0   0
654   11   3221   34013   654   11   3221   34013   0   0   0   0
716   9   3311   33675   716   9   3311   33675   0   0   0   0
453   13   2153   22168   453   13   2153   22168   0   0   0   0
431   16   2100   23555   431   16   2100   23555   0   0   0   0
1051   17   4673   50194   1051   17   4673   50194   0   0   0   0
1025   18   4606   49874   1025   18   4606   49874   0   0   0   0
493   12   2224   23700   493   12   2224   23700   0   0   0   0
352   9   1628   17298   352   9   1628   17298   0   0   0   0
995   27   4888   51150   995   27   4888   51150   0   0   0   0
967   26   4903   51515   967   26   4903   51515   0   0   0   0
354   9   1739   17297   354   9   1739   17297   0   0   0   0
173   3   1047   9307   173   3   1047   9307   0   0   0   0
625   5   3688   33205   625   5   3688   33205   0   0   0   0
610   7   3782   33467   610   7   3782   33467   0   0   0   0
195   1   1082   9405   195   1   1082   9405   0   0   0   0
188   79   1049   10191   188   79   1049   10191   0   0   0   0
201   37   1166   10381   201   37   1166   10381   0   0   0   0
187   29   1133   10575   187   29   1133   10575   0   0   0   0
200   71   1122   9928   200   71   1122   9928   0   0   0   0
367   130   1708   17651   367   130   1708   17651   0   0   0   0
743   128   3576   37145   743   128   3576   37145   0   0   0   0
785   115   3620   37378   785   115   3620   37378   0   0   0   0
371   133   1747   17936   371   133   1747   17936   0   0   0   0
512   88   2522   27506   512   88   2522   27506   0   0   0   0
1459   211   6723   72932   1459   211   6723   72932   0   0   0   0
1394   198   6707   73068   1394   198   6707   73068   0   0   0   0
572   86   2586   27313   572   86   2586   27313   0   0   0   0
795   57   4088   42751   795   57   4088   42751   0   0   0   0
2084   331   10092   103595   2084   331   10092   103595   0   0   0   0
2044   293   10052   103836   2044   293   10052   103836   0   0   0   0
838   55   4065   42425   838   55   4065   42425   0   0   0   0
1215   44   7486   64424   1215   44   7486   64424   0   0   0   0
2141   306   12673   110758   2141   306   12673   110758   0   0   0   0
2099   305   12589   111082   2099   305   12589   111082   0   0   0   0
1237   54   7358   64358   1237   54   7358   64358   0   0   0   0
169   70   976   9614   169   70   976   9614   0   0   0   0
238   50   1306   11346   238   50   1306   11346   0   0   0   0
219   45   1269   11215   219   45   1269   11215   0   0   0   0
163   72   1078   9346   163   72   1078   9346   0   0   0   0
665   106   3297   34282   665   106   3297   34282   0   0   0   0
391   131   1982   21329   391   131   1982   21329   0   0   0   0
413   124   1930   21682   413   124   1930   21682   0   0   0   0
694   96   3350   34719   694   96   3350   34719   0   0   0   0
1334   133   6229   67287   1334   133   6229   67287   0   0   0   0
615   254   3037   33109   615   254   3037   33109   0   0   0   0
599   245   3003   32608   599   245   3003   32608   0   0   0   0
1328   116   6325   67322   1328   116   6325   67322   0   0   0   0
1914   153   9332   96916   1914   153   9332   96916   0   0   0   0
973   448   4908   49716   973   448   4908   49716   0   0   0   0
993   396   5005   49929   993   396   5005   49929   0   0   0   0
1800   182   9187   96542   1800   182   9187   96542   0   0   0   0
1939   363   11726   103250   1939   363   11726   103250   0   0   0   0
1397   656   8332   72976   1397   656   8332   72976   0   0   0   0
1387   685   8373   72795   1387   685   8373   72795   0   0   0   0
2008   370   11688   103276   2008   370   11688   103276   0   0   0   0
189   20   1056   9758   189   20   1056   9758   0   0   0   0
201   19   1202   11151   201   19   1202   11151   0   0   0   0
224   22   1259   11003   224   22   1259   11003   0   0   0   0
197   13   1070   9943   197   13   1070   9943   0   0   0   0
626   70   3034   31707   626   70   3034   31707   0   0   0   0
483   48   2367   24696   483   48   2367   24696   0   0   0   0
567   43   2476   24838   567   43   2476   24838   0   0   0   0
601   61   2953   31632   601   61   2953   31632   0   0   0   0
925   85   4283   46765   925   85   4283   46765   0   0   0   0
533   90   2521   27242   533   90   2521   27242   0   0   0   0
555   92   2445   27461   555   92   2445   27461   0   0   0   0
948   97   4344   46542   948   97   4344   46542   0   0   0   0
935   169   4678   48299   935   169   4678   48299   0   0   0   0
402   192   1993   20423   402   192   1993   20423   0   0   0   0
418   180   1948   20492   418   180   1948   20492   0   0   0   0
982   194   4667   47771   982   194   4667   47771   0   0   0   0
609   319   3585   31282   609   319   3585   31282   0   0   0   0
211   266   1214   11341   211   266   1214   11341   0   0   0   0
202   273   1327   11330   202   273   1327   11330   0   0   0   0
610   287   3659   31389   610   287   3659   31389   0   0   0   0
279   7   1421   14622   279   7   1421   14622   0   0   0   0
251   5   1338   13884   251   5   1338   13884   0   0   0   0
275   9   1297   13717   275   9   1297   13717   0   0   0   0
250   14   1373   14606   250   14   1373   14606   0   0   0   0
584   29   2592   28816   584   29   2592   28816   0   0   0   0
826   22   3860   42442   826   22   3860   42442   0   0   0   0
825   25   3850   42506   825   25   3850   42506   0   0   0   0
520   18   2623   28942   520   18   2623   28942   0   0   0   0
560   30   2617   30016   560   30   2617   30016   0   0   0   0
1296   32   5567   62659   1296   32   5567   62659   0   0   0   0
1246   34   5542   62713   1246   34   5542   62713   0   0   0   0
622   23   2660   29965   622   23   2660   29965   0   0   0   0
442   16   2002   22200   442   16   2002   22200   0   0   0   0
1346   38   6026   66286   1346   38   6026   66286   0   0   0   0
1359   33   5999   67091   1359   33   5999   67091   0   0   0   0
448   14   2071   22175   448   14   2071   22175   0   0   0   0
257   5   1326   13527   257   5   1326   13527   0   0   0   0
919   16   4695   47149   919   16   4695   47149   0   0   0   0
871   15   4552   47153   871   15   4552   47153   0   0   0   0
248   5   1340   13234   248   5   1340   13234   0   0   0   0
311   100   1650   17243   311   100   1650   17243   0   0   0   0
304   36   1508   14993   304   36   1508   14993   0   0   0   0
271   32   1435   15105   271   32   1435   15105   0   0   0   0
346   100   1734   17337   346   100   1734   17337   0   0   0   0
512   138   2435   26950   512   138   2435   26950   0   0   0   0
949   109   4451   48783   949   109   4451   48783   0   0   0   0
1014   147   4475   49042   1014   147   4475   49042   0   0   0   0
524   135   2403   26571   524   135   2403   26571   0   0   0   0
765   99   3442   39357   765   99   3442   39357   0   0   0   0
1864   238   8424   96479   1864   238   8424   96479   0   0   0   0
1895   246   8529   96653   1895   246   8529   96653   0   0   0   0
763   104   3313   39243   763   104   3313   39243   0   0   0   0
1204   92   5469   61114   1204   92   5469   61114   0   0   0   0
2867   354   12844   142237   2867   354   12844   142237   0   0   0   0
2759   346   12869   141322   2759   346   12869   141322   0   0   0   0
1191   69   5585   61413   1191   69   5585   61413   0   0   0   0
1898   67   10037   98827   1898   67   10037   98827   0   0   0   0
3205   346   16352   165467   3205   346   16352   165467   0   0   0   0
3102   361   16408   165986   3102   361   16408   165986   0   0   0   0
1940   79   10036   99044   1940   79   10036   99044   0   0   0   0
228   76   1254   13441   228   76   1254   13441   0   0   0   0
390   61   1978   19919   390   61   1978   19919   0   0   0   0
395   61   2008   19503   395   61   2008   19503   0   0   0   0
245   99   1323   13588   245   99   1323   13588   0   0   0   0
818   130   3897   44917   818   130   3897   44917   0   0   0   0
610   152   2801   31884   610   152   2801   31884   0   0   0   0
577   129   2830   31890   577   129   2830   31890   0   0   0   0
924   107   4011   44250   924   107   4011   44250   0   0   0   0
1766   154   7819   87970   1766   154   7819   87970   0   0   0   0
892   293   4153   46955   892   293   4153   46955   0   0   0   0
899   257   4150   46975   899   257   4150   46975   0   0   0   0
1878   141   7967   87791   1878   141   7967   87791   0   0   0   0
2686   244   11931   131377   2686   244   11931   131377   0   0   0   0
1426   493   6480   72218   1426   493   6480   72218   0   0   0   0
1411   470   6448   71650   1411   470   6448   71650   0   0   0   0
2582   231   11838   131603   2582   231   11838   131603   0   0   0   0
2959   486   15414   153835   2959   486   15414   153835   0   0   0   0
2168   843   11311   111839   2168   843   11311   111839   0   0   0   0
2159   857   11168   111667   2159   857   11168   111667   0   0   0   0
2946   501   15278   153040   2946   501   15278   153040   0   0   0   0
242   31   1216   12583   242   31   1216   12583   0   0   0   0
339   31   1558   16191   339   31   1558   16191   0   0   0   0
330   32   1595   16277   330   32   1595   16277   0   0   0   0
227   29   1214   12467   227   29   1214   12467   0   0   0   0
784   63   3529   38931   784   63   3529   38931   0   0   0   0
612   41   2917   32800   612   41   2917   32800   0   0   0   0
684   43   2964   32547   684   43   2964   32547   0   0   0   0
804   55   3577   39242   804   55   3577   39242   0   0   0   0
1125   116   5072   58006   1125   116   5072   58006   0   0   0   0
682   87   3054   34169   682   87   3054   34169   0   0   0   0
662   86   2982   34526   662   86   2982   34526   0   0   0   0
1130   120   5041   57729   1130   120   5041   57729   0   0   0   0
1267   210   5660   62583   1267   210   5660   62583   0   0   0   0
524   220   2332   26232   524   220   2332   26232   0   0   0   0
553   163   2377   26470   553   163   2377   26470   0   0   0   0
1305   184   5788   62264   1305   184   5788   62264   0   0   0   0
839   328   4384   44622   839   328   4384   44622   0   0   0   0
304   325   1594   16261   304   325   1594   16261   0   0   0   0
340   340   1670   16327   340   340   1670   16327   0   0   0   0
908   357   4348   44645   908   357   4348   44645   0   0   0   0
394   11   1742   21072   394   11   1742   21072   0   0   0   0
291   8   1281   14674   291   8   1281   14674   0   0   0   0
310   9   1271   14737   310   9   1271   14737   0   0   0   0
399   20   1722   21070   399   20   1722   21070   0   0   0   0
702   32   2976   35424   702   32   2976   35424   0   0   0   0
882   35   3584   43715   882   35   3584   43715   0   0   0   0
845   20   3558   43566   845   20   3558   43566   0   0   0   0
709   28   2946   35546   709   28   2946   35546   0   0   0   0
680   34   2861   35034   680   34   2861   35034   0   0   0   0
1308   48   5382   65763   1308   48   5382   65763   0   0   0   0
1277   52   5209   64923   1277   52   5209   64923   0   0   0   0
701   35   2835   35009   701   35   2835   35009   0   0   0   0
516   24   2132   25853   516   24   2132   25853   0   0   0   0
1437   50   5859   71757   1437   50   5859   71757   0   0   0   0
1490   45   5839   71657   1490   45   5839   71657   0   0   0   0
548   31   2139   25488   548   31   2139   25488   0   0   0   0
286   20   1337   15968   286   20   1337   15968   0   0   0   0
1074   29   4678   54810   1074   29   4678   54810   0   0   0   0
1131   36   4742   54742   1131   36   4742   54742   0   0   0   0
349   12   1399   16097   349   12   1399   16097   0   0   0   0
738   102   3060   36865   738   102   3060   36865   0   0   0   0
537   53   2304   26684   537   53   2304   26684   0   0   0   0
539   48   2178   26152   539   48   2178   26152   0   0   0   0
752   99   3056   36777   752   99   3056   36777   0   0   0   0
888   154   3534   42716   888   154   3534   42716   0   0   0   0
1157   101   4672   56367   1157   101   4672   56367   0   0   0   0
1098   121   4626   56993   1098   121   4626   56993   0   0   0   0
907   132   3472   42640   907   132   3472   42640   0   0   0   0
1039   111   4119   51472   1039   111   4119   51472   0   0   0   0
2085   222   8602   105537   2085   222   8602   105537   0   0   0   0
2064   203   8530   104738   2064   203   8530   104738   0   0   0   0
1064   129   4266   51557   1064   129   4266   51557   0   0   0   0
1496   113   6070   73317   1496   113   6070   73317   0   0   0   0
3248   287   13108   158056   3248   287   13108   158056   0   0   0   0
3202   322   12944   158088   3202   322   12944   158088   0   0   0   0
1530   113   6106   72571   1530   113   6106   72571   0   0   0   0
2412   121   10371   120140   2412   121   10371   120140   0   0   0   0
3711   313   16608   198339   3711   313   16608   198339   0   0   0   0
3868   365   16573   197635   3868   365   16573   197635   0   0   0   0
2330   127   10204   120123   2330   127   10204   120123   0   0   0   0
467   107   1910   22532   467   107   1910   22532   0   0   0   0
819   82   3366   41026   819   82   3366   41026   0   0   0   0
823   98   3423   40914   823   98   3423   40914   0   0   0   0
451   110   1908   22526   451   110   1908   22526   0   0   0   0
956   122   3991   50007   956   122   3991   50007   0   0   0   0
1003   149   4056   49796   1003   149   4056   49796   0   0   0   0
943   156   3977   49716   943   156   3977   49716   0   0   0   0
929   133   4015   49516   929   133   4015   49516   0   0   0   0
1916   201   7671   95343   1916   201   7671   95343   0   0   0   0
1258   290   5045   61503   1258   290   5045   61503   0   0   0   0
1213   273   4999   61468   1213   273   4999   61468   0   0   0   0
1949   156   7873   94907   1949   156   7873   94907   0   0   0   0
2874   261   11867   145168   2874   261   11867   145168   0   0   0   0
1700   441   6976   85883   1700   441   6976   85883   0   0   0   0
1679   438   7051   85869   1679   438   7051   85869   0   0   0   0
2942   251   12127   145503   2942   251   12127   145503   0   0   0   0
3604   445   15469   182664   3604   445   15469   182664   0   0   0   0
2689   717   11438   136330   2689   717   11438   136330   0   0   0   0
2712   689   11771   136469   2712   689   11771   136469   0   0   0   0
3670   469   15624   183315   3670   469   15624   183315   0   0   0   0
232   49   999   13165   232   49   999   13165   0   0   0   0
471   36   1947   23069   471   36   1947   23069   0   0   0   0
438   46   1910   23175   438   46   1910   23175   0   0   0   0
264   34   1049   13174   264   34   1049   13174   0   0   0   0
817   56   3254   39794   817   56   3254   39794   0   0   0   0
757   49   3173   39989   757   49   3173   39989   0   0   0   0
809   58   3292   40052   809   58   3292   40052   0   0   0   0
764   44   3287   39876   764   44   3287   39876   0   0   0   0
1192   97   4793   60048   1192   97   4793   60048   0   0   0   0
767   85   3278   39912   767   85   3278   39912   0   0   0   0
745   73   3230   40345   745   73   3230   40345   0   0   0   0
1200   78   4917   60408   1200   78   4917   60408   0   0   0   0
1368   135   5428   67153   1368   135   5428   67153   0   0   0   0
600   151   2435   30361   600   151   2435   30361   0   0   0   0
579   151   2506   30189   579   151   2506   30189   0   0   0   0
1366   133   5573   66674   1366   133   5573   66674   0   0   0   0
1012   217   4370   51949   1012   217   4370   51949   0   0   0   0
355   245   1649   19408   355   245   1649   19408   0   0   0   0
395   245   1623   19582   395   245   1623   19582   0   0   0   0
994   214   4327   51555   994   214   4327   51555   0   0   0   0
