1.5   0.00676875   0.000100806   -0.000672785   0.000227847   -0.00253554   0.000174697   -0.00330033   0.000323981
1.5   -6.31497e-05   0.000308437   -0.0017874   0.000721762   -0.000330499   0.000543429   0.00249622   0.00102984
1.5   -0.0162062   0.000283296   0.00112937   0.000660967   0.00715602   0.000537711   0.00821662   0.000972985
1.5   -3.94897e-05   0.000764178   0.00398428   0.00180221   0.000784801   0.00138954   -0.00537845   0.00260233
1.5   0.00978042   0.000192655   -0.000477576   0.000465557   -0.00495382   0.000387744   -0.00498586   0.000700387
1.5   0.000109254   0.000462097   -0.00219405   0.0010996   -0.000470365   0.000865248   0.00288293   0.00160583
3.15   0.00631464   7.52235e-05   -0.00110576   0.000164968   -0.00242927   0.00013377   -0.00255347   0.000237013
3.15   7.48732e-05   0.000254231   0.000362685   0.000568708   -0.000190239   0.000453498   -0.000436442   0.000817234
3.15   -0.0112623   0.000294534   0.00351368   0.00068564   0.00510789   0.000715698   0.00323774   0.00111802
3.15   -0.000183969   0.000710931   -0.000856427   0.00164216   0.000695939   0.00148889   0.00101706   0.00250406
3.15   0.00500731   0.000245482   -0.00232248   0.000564929   -0.00272651   0.000760512   -0.000799454   0.00106549
3.15   8.55049e-05   0.000480988   0.000489524   0.00111997   -0.000389507   0.00121371   -0.000667214   0.00186444
5.15   0.00527664   8.00251e-05   -0.00108268   0.000190461   -0.00187908   0.000137263   -0.0020144   0.000268882
5.15   0.000922145   0.000282377   0.00176235   0.000705681   -0.00105494   0.000498328   -0.00217408   0.00100247
5.15   -0.00496194   0.000384416   0.00343752   0.00111741   0.0029818   0.000691446   -0.00121622   0.00158254
5.15   -0.00239848   0.000881198   -0.00233292   0.00249146   0.00309929   0.00161301   0.00342774   0.00355788
5.15   -0.000128387   0.000333528   -0.00181976   0.00107045   -0.00109553   0.000623353   0.00266153   0.00152018
5.15   0.00147035   0.000631777   0.000562854   0.00194868   -0.00200078   0.00119059   -0.0011873   0.00278989
7.34   0.004416   5.92216e-05   -0.000979687   0.000140318   -0.00138576   0.000105304   -0.00173504   0.000200404
7.34   0.000500116   0.000229843   0.00115798   0.000514208   -5.2214e-05   0.000434537   -0.00183889   0.000756645
7.34   0.000869895   0.000462293   0.00132283   0.00112132   -0.00153899   0.000822719   -0.00098683   0.00159773
7.34   -0.000343995   0.000953074   0.00144621   0.00211747   -0.00216089   0.00189271   0.00181393   0.00318658
7.34   -0.00485793   0.000575802   0.000499208   0.00143103   0.00328095   0.00102661   0.00126722   0.00203547
7.34   -0.000507602   0.000901802   -0.00329998   0.00202767   0.00284222   0.00177675   0.000484769   0.00303661
9.385   0   0   0   0   0   0   0   0
9.385   0   0   0   0   0   0   0   0
9.385   0   0   0   0   0   0   0   0
9.385   0   0   0   0   0   0   0   0
9.385   0   0   0   0   0   0   0   0
9.385   0   0   0   0   0   0   0   0
11.475   0.00326198   4.14337e-05   -0.000654901   0.000103078   -0.00114089   7.81172e-05   -0.00114397   0.000150213
11.475   0.000778563   0.000149941   0.00134292   0.00039126   -0.000582588   0.00033748   -0.00152547   0.000622824
11.475   0.00128936   0.000303253   -0.000325136   0.000751317   -0.000466171   0.000591521   -0.000528007   0.00111343
11.475   -0.00145006   0.000593997   -0.00137293   0.00161683   0.00110296   0.00152088   0.000913743   0.00280176
11.475   -0.0010557   0.000321087   0.000366262   0.000825588   -0.000232113   0.000667278   0.000768937   0.00125915
11.475   0.00113414   0.000509823   -0.000209817   0.00149419   -0.0011642   0.00136548   0.0017767   0.0026981
13.52   0   0   0   0   0   0   0   0
13.52   0   0   0   0   0   0   0   0
13.52   0   0   0   0   0   0   0   0
13.52   0   0   0   0   0   0   0   0
13.52   0   0   0   0   0   0   0   0
13.52   0   0   0   0   0   0   0   0
15.09   0.00333235   5.36426e-05   -0.00055171   0.000140845   -0.00134806   0.000101269   -0.000593723   0.000205823
15.09   0.000669405   0.000340363   0.00114964   0.000790737   -0.000639464   0.000562276   -0.00175415   0.0011129
15.09   0.0018985   0.000451983   -0.00121041   0.00113207   -0.00127027   0.000845937   0.000282821   0.00165852
15.09   -0.00144126   0.00191829   -0.00104005   0.00414812   0.00242032   0.00301983   0.00152821   0.00577134
15.09   -0.000425713   0.000602519   -0.000621637   0.00147069   0.00065501   0.0011326   0.00102303   0.002166
15.09   0.00143373   0.00205174   -0.00051924   0.00420975   -0.00258191   0.00316903   0.000796401   0.00584163
17.5   0.00359948   5.18273e-05   -0.000130663   0.000135734   -0.00161033   9.767e-05   4.8149e-05   0.000200898
17.5   0.000787227   0.000265233   0.000628152   0.000569509   -0.00128704   0.000473082   -0.000924569   0.000846082
17.5   0.00133802   0.00038801   -0.00235219   0.000903474   -0.000609085   0.000741127   0.00175144   0.0013599
17.5   -0.00224274   0.00121812   -0.00142857   0.00234619   0.00460802   0.00215806   0.00173737   0.00351475
17.5   -9.49494e-05   0.000464671   0.000708662   0.000944527   -0.0001649   0.000906189   -0.00040997   0.00144802
17.5   0.00156357   0.00110854   0.000104145   0.00200152   -0.00302742   0.00197101   -8.83586e-06   0.00301355
