1.5   0.00676374   0.000136112   -0.000709005   0.00022247   -0.00249233   0.00025639   -0.003247   0.000318638
1.5   5.89256e-05   0.000152345   -0.00169766   0.000246007   -0.000495223   0.000301868   0.00240385   0.000362118
1.5   -0.0163915   0.000179417   0.00117782   0.000276438   0.00704707   0.000340083   0.00801082   0.000403709
1.5   -0.000273075   0.000184888   0.0037957   0.000286831   0.00104436   0.000356293   -0.00516022   0.000422265
1.5   0.00998996   0.000155306   -0.000478251   0.000251729   -0.00475752   0.000308635   -0.00481238   0.000373045
1.5   0.000212562   0.000160953   -0.0020941   0.000258292   -0.000548426   0.000319583   0.00275297   0.000382335
3.15   0.00633264   4.56527e-05   -0.00107913   7.31861e-05   -0.00246464   7.98861e-05   -0.00257634   0.000102382
3.15   0.00011519   5.34386e-05   0.000357487   8.44245e-05   -0.000256234   0.000101424   -0.000415485   0.000121825
3.15   -0.0114878   5.76264e-05   0.00317818   9.19608e-05   0.00558219   0.000115295   0.00349474   0.000137027
3.15   -0.000283776   5.96917e-05   -0.000830831   9.60709e-05   0.000934496   0.000121997   0.000865896   0.000144619
3.15   0.00517557   5.33346e-05   -0.00208861   8.61735e-05   -0.00311075   0.000108653   -0.000935325   0.000130812
3.15   0.000168053   5.5407e-05   0.000472166   8.89365e-05   -0.00067412   0.000112794   -0.000450095   0.000134485
5.15   0.0053115   5.01523e-05   -0.000997095   8.182e-05   -0.00193733   8.9746e-05   -0.00213612   0.000115029
5.15   0.00090867   5.97749e-05   0.00177136   9.57211e-05   -0.00108818   0.000115429   -0.00224767   0.000138404
5.15   -0.00523858   6.32211e-05   0.00290299   0.000102733   0.00355326   0.000126586   -0.000386248   0.000152101
5.15   -0.00253326   6.53654e-05   -0.00299399   0.000106721   0.00360539   0.000133477   0.00467192   0.000159594
5.15   -1.32441e-05   5.9306e-05   -0.00188817   9.71361e-05   -0.0015568   0.000119047   0.00253355   0.000144942
5.15   0.0016193   6.17898e-05   0.00121613   0.000100406   -0.00255987   0.000124781   -0.00246975   0.000149834
7.34   0.00417267   6.65526e-05   -0.000989958   0.000112917   -0.00131434   0.000118066   -0.00155043   0.000158352
7.34   0.000364721   8.95575e-05   0.00144163   0.000139888   -0.000135364   0.000163302   -0.0019398   0.000197499
7.34   0.000954715   9.94955e-05   0.00214841   0.00015346   -0.000985808   0.000186357   -0.00274452   0.000224379
7.34   -0.00098485   0.000104651   -0.00102744   0.00016059   0.000172004   0.00020104   0.00317347   0.000241162
7.34   -0.00498446   9.13549e-05   -0.00116041   0.000142064   0.00256873   0.000184356   0.00436363   0.000226102
7.34   0.000586772   9.65964e-05   -0.00048895   0.000148332   -6.55099e-05   0.000191167   -0.00119469   0.000231582
9.385   0   0   0   0   0   0   0   0
9.385   0   0   0   0   0   0   0   0
9.385   0   0   0   0   0   0   0   0
9.385   0   0   0   0   0   0   0   0
9.385   0   0   0   0   0   0   0   0
9.385   0   0   0   0   0   0   0   0
11.475   0.0037791   4.77609e-05   -0.000836425   0.000119073   -0.00122352   8.96321e-05   -0.00128792   0.000173028
11.475   0.000549733   0.000315495   0.00249583   0.000786954   -0.000171702   0.000592145   -0.00304816   0.0011435
11.475   0.00183356   0.000400915   -8.78948e-05   0.000983287   -0.000891545   0.000749891   -0.00112087   0.00143047
11.475   -0.000376677   0.00180386   -0.00772672   0.00448547   -0.000702341   0.00338332   0.00956291   0.00651903
11.475   -0.0020328   0.000534986   9.03647e-05   0.00130233   0.000523279   0.00100117   0.00164032   0.00189691
11.475   7.20353e-05   0.00194441   0.00660368   0.00482295   0.000578652   0.00364576   -0.00764105   0.00701116
13.52   0   0   0   0   0   0   0   0
13.52   0   0   0   0   0   0   0   0
13.52   0   0   0   0   0   0   0   0
13.52   0   0   0   0   0   0   0   0
13.52   0   0   0   0   0   0   0   0
13.52   0   0   0   0   0   0   0   0
15.09   0.00337127   5.41742e-05   -0.000550509   0.000143022   -0.00135144   0.000102576   -0.000632117   0.000209047
15.09   0.000670024   0.000357785   0.00113743   0.000945366   -0.000875771   0.000677553   -0.00184493   0.0013817
15.09   0.0020173   0.000457841   -0.00111547   0.00117649   -0.00135793   0.000862615   0.000238719   0.00172292
15.09   -0.00162946   0.00204836   -0.00104708   0.00538362   0.00424238   0.00387475   0.00208928   0.00787105
15.09   -0.000602696   0.000612484   -0.000815117   0.00156863   0.000816282   0.00116042   0.00112641   0.00230264
15.09   0.001761   0.00221017   -0.000449474   0.00578973   -0.00478613   0.00418071   0.000192635   0.00846841
17.5   0.00358748   5.29879e-05   -0.000125776   0.000143604   -0.00158695   9.9985e-05   5.48714e-05   0.000211794
17.5   0.000946257   0.000350469   0.000649114   0.000949726   -0.00160336   0.000661143   -0.000914925   0.00140048
17.5   0.00145205   0.000427152   -0.00255613   0.00115038   -0.000842929   0.000813106   0.0018354   0.00170515
17.5   -0.00321434   0.00198936   -0.00148061   0.00538407   0.00663242   0.00375825   0.00158475   0.00794613
17.5   -0.000252312   0.000550049   0.0011048   0.0014862   0.000163202   0.00106054   -0.000646297   0.00221525
17.5   0.00276887   0.00212844   0.00023563   0.00575837   -0.00552368   0.00402898   4.47889e-05   0.00850685
