1.5   4.27402e-05   5.90574e-06   -2.42873e-06   2.0317e-05   -8.7404e-05   2.51674e-05   7.70747e-06   5.87353e-05   4.57403e-05   2.551e-05   -5.25021e-06   4.29715e-05
1.5   0.00158057   0.000174663   0.00076179   0.000548174   -0.00408442   0.000515184   -0.00181764   0.00143966   0.00269133   0.000363854   0.00105285   0.000903391
1.5   0.0016721   4.50293e-05   0.000295623   0.00015147   -0.00423329   0.000130773   -0.000758854   0.000396313   0.00274832   9.14736e-05   0.000461539   0.000247331
1.5   0.00032775   3.38438e-05   -0.000145978   0.000120758   -0.000631313   0.000131559   0.000148738   0.000338683   0.000322833   0.000109723   -4.16744e-06   0.000227245
3.15   5.86235e-05   9.72189e-06   -2.61383e-05   3.71554e-05   -7.59726e-05   4.85763e-05   7.40924e-05   0.000113548   1.96374e-05   5.06476e-05   -4.7735e-05   8.60564e-05
3.15   0.0018831   7.20768e-05   0.000254736   0.00024279   -0.00393492   0.000241973   -0.000419601   0.000658906   0.00206999   0.000184791   0.000165732   0.000426168
3.15   0.00148518   6.3842e-05   0.000102496   0.000228408   -0.00261669   0.000234293   -0.000129069   0.000634289   0.0011393   0.000186506   2.73163e-05   0.000418228
3.15   0.000279104   1.08937e-05   -9.42246e-05   3.94312e-05   -0.000380151   5.01362e-05   0.000183326   0.000119286   0.000112072   4.45853e-05   -8.91434e-05   8.48261e-05
5.15   6.8408e-05   6.22728e-06   -8.32556e-06   2.30108e-05   -8.46061e-05   3.01121e-05   2.75286e-07   7.01769e-05   1.70049e-05   2.9433e-05   7.88855e-06   5.18359e-05
5.15   0.00162268   3.68545e-05   -0.000166877   0.000127603   -0.00291756   0.000130324   0.000197312   0.000350786   0.00129881   0.00010181   -3.17733e-05   0.000229395
5.15   0.00123292   9.87751e-05   9.36779e-05   0.000369677   -0.00125018   0.000427124   -0.000503743   0.00108206   0.00012653   0.000356967   0.000406915   0.000741594
5.15   0.000319297   1.47899e-05   0.000238797   5.4978e-05   -5.4324e-05   8.33496e-05   -0.000210385   0.000185968   -0.000175877   7.40168e-05   -5.99212e-05   0.000138725
7.34   8.79454e-05   7.17123e-06   1.3263e-05   2.24429e-05   -0.000125035   6.9143e-05   -7.25184e-05   0.000103423   5.01655e-05   9.54375e-05   5.01823e-05   0.000115878
7.34   0.00120674   7.22316e-05   -0.000473728   0.000251096   -0.00119236   0.00033946   8.03581e-05   0.000743114   6.56491e-06   0.000290521   0.00038481   0.000521834
7.34   0.000983061   4.45451e-05   -2.5073e-05   0.0001656   7.66533e-06   0.00023619   -0.000188108   0.000523795   -0.00077582   0.000206506   0.000210818   0.000379454
7.34   0.000395189   2.66528e-05   0.000507257   9.81105e-05   0.000188086   0.000166797   -0.000244662   0.000344038   -0.000196966   0.000150311   5.22378e-05   0.000263479
9.385   9.6048e-05   8.46118e-06   7.72137e-06   2.93173e-05   -0.000118972   4.56572e-05   -0.000102456   9.61296e-05   5.12427e-05   4.18538e-05   7.19241e-05   7.2068e-05
9.385   0.00101106   8.86654e-05   -0.000523265   0.000300307   -0.000739807   0.000486603   0.00022092   0.000941062   0.000132763   0.000426055   1.59078e-06   0.000691169
9.385   0.000838193   5.41191e-05   0.000215368   0.000206112   0.000316144   0.000326448   -0.000512716   0.000692122   -0.000497946   0.000289647   0.000150208   0.000516551
9.385   0.000471332   2.10655e-05   0.000870926   7.55137e-05   0.000525592   0.000138848   -0.000498861   0.00027542   -0.000306118   0.000124625   0.000137624   0.000214404
11.475   0.000110131   6.77805e-06   -4.86204e-06   2.36177e-05   -0.000117837   3.73059e-05   -3.39511e-05   7.86283e-05   4.87022e-05   3.52377e-05   9.11904e-06   6.00472e-05
11.475   0.000794391   5.58274e-05   -0.000549281   0.000189264   0.000162195   0.000356567   -1.66435e-05   0.000627955   -0.000498998   0.000320473   0.00021353   0.000482866
11.475   0.000830652   1.89107e-05   0.000147102   6.91306e-05   0.000254729   0.000120263   -0.00041487   0.000241493   -0.000111069   0.000107531   0.000193403   0.000184208
11.475   0.000494989   1.72479e-05   0.000712781   7.71429e-05   0.00105935   0.000173416   0.000347463   0.000491662   -0.000296775   0.000256606   2.48307e-05   0.000621086
13.52   0.000104314   1.96186e-05   3.49511e-05   7.59838e-05   -7.53048e-05   0.000102766   -0.000176175   0.000239192   -4.30319e-06   9.33221e-05   0.000125535   0.000174061
13.52   0.000643402   7.16333e-05   -0.000510361   0.00025079   0.000515848   0.000470769   -9.46887e-05   0.000826582   -0.000749912   0.000424764   0.000398954   0.000636975
13.52   0.000778351   2.67879e-05   -4.71609e-05   9.19281e-05   0.000239215   0.000240702   2.84442e-05   0.000496062   0.000119285   0.000347677   9.32853e-05   0.000631917
13.52   0.000535715   2.9365e-05   0.000700834   0.00010787   0.00147917   0.000320041   0.00110449   0.000494616   -0.000505948   0.0004737   -0.000499302   0.000562448
15.09   0.00014591   1.1722e-05   -1.35751e-05   3.79969e-05   -7.43479e-05   0.000102285   -1.69652e-05   0.000209228   -1.43171e-05   0.000143687   -2.34177e-05   0.000265648
15.09   0.000578699   3.91835e-05   -0.000341054   0.000134037   0.000132173   0.000250565   -4.09866e-05   0.000447835   -0.000208473   0.00022499   8.22861e-05   0.000344088
15.09   0.000706921   2.25984e-05   5.58078e-05   7.74428e-05   0.000305852   0.000202996   2.46494e-05   0.000422365   3.20902e-05   0.00029138   5.59943e-06   0.000537351
15.09   0.000494229   2.43224e-05   0.000767355   0.000123738   0.000870763   0.000248761   0.000467788   0.000840444   0.000660437   0.000369794   9.99516e-05   0.00105877
17.5   0.00020087   1.30128e-05   3.14224e-05   4.80739e-05   -9.25375e-05   7.32978e-05   -6.31801e-05   0.000163476   3.22095e-05   6.53114e-05   3.17513e-05   0.000122184
17.5   0.000533966   3.48371e-05   -0.000232614   0.000122691   -1.90818e-05   0.000189981   0.000113496   0.000387627   -0.00013744   0.000167871   -6.27154e-06   0.000284864
17.5   0.000727304   2.17393e-05   6.90713e-05   6.97404e-05   -0.000268019   0.000188813   7.45151e-06   0.000381887   0.000598975   0.000265593   -3.79302e-05   0.000485195
17.5   0.000399375   2.18152e-05   0.000472608   0.000126126   0.00065722   0.000224904   0.000230255   0.000890867   0.000475064   0.000332493   -6.79931e-05   0.00111959
