1.5   0   0   0   0   0   0   0   0   0   0   0   0   0   0   0   0   0   0   0   0   0   0   0   0
1.5   0   0   0   0   0   0   0   0   0   0   0   0   0   0   0   0   0   0   0   0   0   0   0   0
1.5   0   0   0   0   0   0   0   0   0   0   0   0   0   0   0   0   0   0   0   0   0   0   0   0
1.5   0   0   0   0   0   0   0   0   0   0   0   0   0   0   0   0   0   0   0   0   0   0   0   0
1.5   0   0   0   0   0   0   0   0   0   0   0   0   0   0   0   0   0   0   0   0   0   0   0   0
1.5   0   0   0   0   0   0   0   0   0   0   0   0   0   0   0   0   0   0   0   0   0   0   0   0
1.5   0   0   0   0   0   0   0   0   0   0   0   0   0   0   0   0   0   0   0   0   0   0   0   0
1.5   0   0   0   0   0   0   0   0   0   0   0   0   0   0   0   0   0   0   0   0   0   0   0   0
1.5   0   0   0   0   0   0   0   0   0   0   0   0   0   0   0   0   0   0   0   0   0   0   0   0
1.5   0   0   0   0   0   0   0   0   0   0   0   0   0   0   0   0   0   0   0   0   0   0   0   0
1.5   0   0   0   0   0   0   0   0   0   0   0   0   0   0   0   0   0   0   0   0   0   0   0   0
1.5   0   0   0   0   0   0   0   0   0   0   0   0   0   0   0   0   0   0   0   0   0   0   0   0
1.5   0   0   0   0   0   0   0   0   0   0   0   0   0   0   0   0   0   0   0   0   0   0   0   0
1.5   0   0   0   0   0   0   0   0   0   0   0   0   0   0   0   0   0   0   0   0   0   0   0   0
1.5   0   0   0   0   0   0   0   0   0   0   0   0   0   0   0   0   0   0   0   0   0   0   0   0
1.5   0   0   0   0   0   0   0   0   0   0   0   0   0   0   0   0   0   0   0   0   0   0   0   0
1.5   0   0   0   0   0   0   0   0   0   0   0   0   0   0   0   0   0   0   0   0   0   0   0   0
1.5   0   0   0   0   0   0   0   0   0   0   0   0   0   0   0   0   0   0   0   0   0   0   0   0
1.5   0   0   0   0   0   0   0   0   0   0   0   0   0   0   0   0   0   0   0   0   0   0   0   0
1.5   0   0   0   0   0   0   0   0   0   0   0   0   0   0   0   0   0   0   0   0   0   0   0   0
1.5   0   0   0   0   0   0   0   0   0   0   0   0   0   0   0   0   0   0   0   0   0   0   0   0
1.5   0   0   0   0   0   0   0   0   0   0   0   0   0   0   0   0   0   0   0   0   0   0   0   0
1.5   0   0   0   0   0   0   0   0   0   0   0   0   0   0   0   0   0   0   0   0   0   0   0   0
1.5   0   0   0   0   0   0   0   0   0   0   0   0   0   0   0   0   0   0   0   0   0   0   0   0
3.15   0   0   0   0   0   0   0   0   0   0   0   0   0   0   0   0   0   0   0   0   0   0   0   0
3.15   0   0   0   0   0   0   0   0   0   0   0   0   0   0   0   0   0   0   0   0   0   0   0   0
3.15   0   0   0   0   0   0   0   0   0   0   0   0   0   0   0   0   0   0   0   0   0   0   0   0
3.15   0   0   0   0   0   0   0   0   0   0   0   0   0   0   0   0   0   0   0   0   0   0   0   0
3.15   0   0   0   0   0   0   0   0   0   0   0   0   0   0   0   0   0   0   0   0   0   0   0   0
3.15   0   0   0   0   0   0   0   0   0   0   0   0   0   0   0   0   0   0   0   0   0   0   0   0
3.15   0   0   0   0   0   0   0   0   0   0   0   0   0   0   0   0   0   0   0   0   0   0   0   0
3.15   0   0   0   0   0   0   0   0   0   0   0   0   0   0   0   0   0   0   0   0   0   0   0   0
3.15   0   0   0   0   0   0   0   0   0   0   0   0   0   0   0   0   0   0   0   0   0   0   0   0
3.15   0   0   0   0   0   0   0   0   0   0   0   0   0   0   0   0   0   0   0   0   0   0   0   0
3.15   0   0   0   0   0   0   0   0   0   0   0   0   0   0   0   0   0   0   0   0   0   0   0   0
3.15   0   0   0   0   0   0   0   0   0   0   0   0   0   0   0   0   0   0   0   0   0   0   0   0
3.15   0   0   0   0   0   0   0   0   0   0   0   0   0   0   0   0   0   0   0   0   0   0   0   0
3.15   0   0   0   0   0   0   0   0   0   0   0   0   0   0   0   0   0   0   0   0   0   0   0   0
3.15   0   0   0   0   0   0   0   0   0   0   0   0   0   0   0   0   0   0   0   0   0   0   0   0
3.15   0   0   0   0   0   0   0   0   0   0   0   0   0   0   0   0   0   0   0   0   0   0   0   0
3.15   0   0   0   0   0   0   0   0   0   0   0   0   0   0   0   0   0   0   0   0   0   0   0   0
3.15   0   0   0   0   0   0   0   0   0   0   0   0   0   0   0   0   0   0   0   0   0   0   0   0
3.15   0   0   0   0   0   0   0   0   0   0   0   0   0   0   0   0   0   0   0   0   0   0   0   0
3.15   0   0   0   0   0   0   0   0   0   0   0   0   0   0   0   0   0   0   0   0   0   0   0   0
3.15   0   0   0   0   0   0   0   0   0   0   0   0   0   0   0   0   0   0   0   0   0   0   0   0
3.15   0   0   0   0   0   0   0   0   0   0   0   0   0   0   0   0   0   0   0   0   0   0   0   0
3.15   0   0   0   0   0   0   0   0   0   0   0   0   0   0   0   0   0   0   0   0   0   0   0   0
3.15   0   0   0   0   0   0   0   0   0   0   0   0   0   0   0   0   0   0   0   0   0   0   0   0
5.15   0   0   0   0   0   0   0   0   0   0   0   0   0   0   0   0   0   0   0   0   0   0   0   0
5.15   0   0   0   0   0   0   0   0   0   0   0   0   0   0   0   0   0   0   0   0   0   0   0   0
5.15   0   0   0   0   0   0   0   0   0   0   0   0   0   0   0   0   0   0   0   0   0   0   0   0
5.15   0   0   0   0   0   0   0   0   0   0   0   0   0   0   0   0   0   0   0   0   0   0   0   0
5.15   0   0   0   0   0   0   0   0   0   0   0   0   0   0   0   0   0   0   0   0   0   0   0   0
5.15   0   0   0   0   0   0   0   0   0   0   0   0   0   0   0   0   0   0   0   0   0   0   0   0
5.15   0   0   0   0   0   0   0   0   0   0   0   0   0   0   0   0   0   0   0   0   0   0   0   0
5.15   0   0   0   0   0   0   0   0   0   0   0   0   0   0   0   0   0   0   0   0   0   0   0   0
5.15   0   0   0   0   0   0   0   0   0   0   0   0   0   0   0   0   0   0   0   0   0   0   0   0
5.15   0   0   0   0   0   0   0   0   0   0   0   0   0   0   0   0   0   0   0   0   0   0   0   0
5.15   0   0   0   0   0   0   0   0   0   0   0   0   0   0   0   0   0   0   0   0   0   0   0   0
5.15   0   0   0   0   0   0   0   0   0   0   0   0   0   0   0   0   0   0   0   0   0   0   0   0
5.15   0   0   0   0   0   0   0   0   0   0   0   0   0   0   0   0   0   0   0   0   0   0   0   0
5.15   0   0   0   0   0   0   0   0   0   0   0   0   0   0   0   0   0   0   0   0   0   0   0   0
5.15   0   0   0   0   0   0   0   0   0   0   0   0   0   0   0   0   0   0   0   0   0   0   0   0
5.15   0   0   0   0   0   0   0   0   0   0   0   0   0   0   0   0   0   0   0   0   0   0   0   0
5.15   0   0   0   0   0   0   0   0   0   0   0   0   0   0   0   0   0   0   0   0   0   0   0   0
5.15   0   0   0   0   0   0   0   0   0   0   0   0   0   0   0   0   0   0   0   0   0   0   0   0
5.15   0   0   0   0   0   0   0   0   0   0   0   0   0   0   0   0   0   0   0   0   0   0   0   0
5.15   0   0   0   0   0   0   0   0   0   0   0   0   0   0   0   0   0   0   0   0   0   0   0   0
5.15   0   0   0   0   0   0   0   0   0   0   0   0   0   0   0   0   0   0   0   0   0   0   0   0
5.15   0   0   0   0   0   0   0   0   0   0   0   0   0   0   0   0   0   0   0   0   0   0   0   0
5.15   0   0   0   0   0   0   0   0   0   0   0   0   0   0   0   0   0   0   0   0   0   0   0   0
5.15   0   0   0   0   0   0   0   0   0   0   0   0   0   0   0   0   0   0   0   0   0   0   0   0
7.34   0   0   0   0   0   0   0   0   0   0   0   0   0   0   0   0   0   0   0   0   0   0   0   0
7.34   0   0   0   0   0   0   0   0   0   0   0   0   0   0   0   0   0   0   0   0   0   0   0   0
7.34   0   0   0   0   0   0   0   0   0   0   0   0   0   0   0   0   0   0   0   0   0   0   0   0
7.34   0   0   0   0   0   0   0   0   0   0   0   0   0   0   0   0   0   0   0   0   0   0   0   0
7.34   0   0   0   0   0   0   0   0   0   0   0   0   0   0   0   0   0   0   0   0   0   0   0   0
7.34   0   0   0   0   0   0   0   0   0   0   0   0   0   0   0   0   0   0   0   0   0   0   0   0
7.34   0   0   0   0   0   0   0   0   0   0   0   0   0   0   0   0   0   0   0   0   0   0   0   0
7.34   0   0   0   0   0   0   0   0   0   0   0   0   0   0   0   0   0   0   0   0   0   0   0   0
7.34   0   0   0   0   0   0   0   0   0   0   0   0   0   0   0   0   0   0   0   0   0   0   0   0
7.34   0   0   0   0   0   0   0   0   0   0   0   0   0   0   0   0   0   0   0   0   0   0   0   0
7.34   0   0   0   0   0   0   0   0   0   0   0   0   0   0   0   0   0   0   0   0   0   0   0   0
7.34   0   0   0   0   0   0   0   0   0   0   0   0   0   0   0   0   0   0   0   0   0   0   0   0
7.34   0   0   0   0   0   0   0   0   0   0   0   0   0   0   0   0   0   0   0   0   0   0   0   0
7.34   0   0   0   0   0   0   0   0   0   0   0   0   0   0   0   0   0   0   0   0   0   0   0   0
7.34   0   0   0   0   0   0   0   0   0   0   0   0   0   0   0   0   0   0   0   0   0   0   0   0
7.34   0   0   0   0   0   0   0   0   0   0   0   0   0   0   0   0   0   0   0   0   0   0   0   0
7.34   0   0   0   0   0   0   0   0   0   0   0   0   0   0   0   0   0   0   0   0   0   0   0   0
7.34   0   0   0   0   0   0   0   0   0   0   0   0   0   0   0   0   0   0   0   0   0   0   0   0
7.34   0   0   0   0   0   0   0   0   0   0   0   0   0   0   0   0   0   0   0   0   0   0   0   0
7.34   0   0   0   0   0   0   0   0   0   0   0   0   0   0   0   0   0   0   0   0   0   0   0   0
7.34   0   0   0   0   0   0   0   0   0   0   0   0   0   0   0   0   0   0   0   0   0   0   0   0
7.34   0   0   0   0   0   0   0   0   0   0   0   0   0   0   0   0   0   0   0   0   0   0   0   0
7.34   0   0   0   0   0   0   0   0   0   0   0   0   0   0   0   0   0   0   0   0   0   0   0   0
7.34   0   0   0   0   0   0   0   0   0   0   0   0   0   0   0   0   0   0   0   0   0   0   0   0
9.385   0   0   0   0   0   0   0   0   0   0   0   0   0   0   0   0   0   0   0   0   0   0   0   0
9.385   0   0   0   0   0   0   0   0   0   0   0   0   0   0   0   0   0   0   0   0   0   0   0   0
9.385   0   0   0   0   0   0   0   0   0   0   0   0   0   0   0   0   0   0   0   0   0   0   0   0
9.385   0   0   0   0   0   0   0   0   0   0   0   0   0   0   0   0   0   0   0   0   0   0   0   0
9.385   0   0   0   0   0   0   0   0   0   0   0   0   0   0   0   0   0   0   0   0   0   0   0   0
9.385   0   0   0   0   0   0   0   0   0   0   0   0   0   0   0   0   0   0   0   0   0   0   0   0
9.385   0   0   0   0   0   0   0   0   0   0   0   0   0   0   0   0   0   0   0   0   0   0   0   0
9.385   0   0   0   0   0   0   0   0   0   0   0   0   0   0   0   0   0   0   0   0   0   0   0   0
9.385   0   0   0   0   0   0   0   0   0   0   0   0   0   0   0   0   0   0   0   0   0   0   0   0
9.385   0   0   0   0   0   0   0   0   0   0   0   0   0   0   0   0   0   0   0   0   0   0   0   0
9.385   0   0   0   0   0   0   0   0   0   0   0   0   0   0   0   0   0   0   0   0   0   0   0   0
9.385   0   0   0   0   0   0   0   0   0   0   0   0   0   0   0   0   0   0   0   0   0   0   0   0
9.385   0   0   0   0   0   0   0   0   0   0   0   0   0   0   0   0   0   0   0   0   0   0   0   0
9.385   0   0   0   0   0   0   0   0   0   0   0   0   0   0   0   0   0   0   0   0   0   0   0   0
9.385   0   0   0   0   0   0   0   0   0   0   0   0   0   0   0   0   0   0   0   0   0   0   0   0
9.385   0   0   0   0   0   0   0   0   0   0   0   0   0   0   0   0   0   0   0   0   0   0   0   0
9.385   0   0   0   0   0   0   0   0   0   0   0   0   0   0   0   0   0   0   0   0   0   0   0   0
9.385   0   0   0   0   0   0   0   0   0   0   0   0   0   0   0   0   0   0   0   0   0   0   0   0
9.385   0   0   0   0   0   0   0   0   0   0   0   0   0   0   0   0   0   0   0   0   0   0   0   0
9.385   0   0   0   0   0   0   0   0   0   0   0   0   0   0   0   0   0   0   0   0   0   0   0   0
9.385   0   0   0   0   0   0   0   0   0   0   0   0   0   0   0   0   0   0   0   0   0   0   0   0
9.385   0   0   0   0   0   0   0   0   0   0   0   0   0   0   0   0   0   0   0   0   0   0   0   0
9.385   0   0   0   0   0   0   0   0   0   0   0   0   0   0   0   0   0   0   0   0   0   0   0   0
9.385   0   0   0   0   0   0   0   0   0   0   0   0   0   0   0   0   0   0   0   0   0   0   0   0
11.475   0   0   0   0   0   0   0   0   0   0   0   0   0   0   0   0   0   0   0   0   0   0   0   0
11.475   0   0   0   0   0   0   0   0   0   0   0   0   0   0   0   0   0   0   0   0   0   0   0   0
11.475   0   0   0   0   0   0   0   0   0   0   0   0   0   0   0   0   0   0   0   0   0   0   0   0
11.475   0   0   0   0   0   0   0   0   0   0   0   0   0   0   0   0   0   0   0   0   0   0   0   0
11.475   0   0   0   0   0   0   0   0   0   0   0   0   0   0   0   0   0   0   0   0   0   0   0   0
11.475   0   0   0   0   0   0   0   0   0   0   0   0   0   0   0   0   0   0   0   0   0   0   0   0
11.475   0   0   0   0   0   0   0   0   0   0   0   0   0   0   0   0   0   0   0   0   0   0   0   0
11.475   0   0   0   0   0   0   0   0   0   0   0   0   0   0   0   0   0   0   0   0   0   0   0   0
11.475   0   0   0   0   0   0   0   0   0   0   0   0   0   0   0   0   0   0   0   0   0   0   0   0
11.475   0   0   0   0   0   0   0   0   0   0   0   0   0   0   0   0   0   0   0   0   0   0   0   0
11.475   0   0   0   0   0   0   0   0   0   0   0   0   0   0   0   0   0   0   0   0   0   0   0   0
11.475   0   0   0   0   0   0   0   0   0   0   0   0   0   0   0   0   0   0   0   0   0   0   0   0
11.475   0   0   0   0   0   0   0   0   0   0   0   0   0   0   0   0   0   0   0   0   0   0   0   0
11.475   0   0   0   0   0   0   0   0   0   0   0   0   0   0   0   0   0   0   0   0   0   0   0   0
11.475   0   0   0   0   0   0   0   0   0   0   0   0   0   0   0   0   0   0   0   0   0   0   0   0
11.475   0   0   0   0   0   0   0   0   0   0   0   0   0   0   0   0   0   0   0   0   0   0   0   0
11.475   0   0   0   0   0   0   0   0   0   0   0   0   0   0   0   0   0   0   0   0   0   0   0   0
11.475   0   0   0   0   0   0   0   0   0   0   0   0   0   0   0   0   0   0   0   0   0   0   0   0
11.475   0   0   0   0   0   0   0   0   0   0   0   0   0   0   0   0   0   0   0   0   0   0   0   0
11.475   0   0   0   0   0   0   0   0   0   0   0   0   0   0   0   0   0   0   0   0   0   0   0   0
11.475   0   0   0   0   0   0   0   0   0   0   0   0   0   0   0   0   0   0   0   0   0   0   0   0
11.475   0   0   0   0   0   0   0   0   0   0   0   0   0   0   0   0   0   0   0   0   0   0   0   0
11.475   0   0   0   0   0   0   0   0   0   0   0   0   0   0   0   0   0   0   0   0   0   0   0   0
11.475   0   0   0   0   0   0   0   0   0   0   0   0   0   0   0   0   0   0   0   0   0   0   0   0
13.52   3.55996e-09   -3.12462e-10   -3.7097e-09   7.13525e-11   -7.84335e-11   -3.16087e-11   2.89434e-11   2.13299e-11   -1.91363e-09   2.26463e-10   4.25008e-11   4.18215e-10   4.4878e-11   8.71933e-11   1.26973e-10   1.41588e-10   -6.10161e-10   2.70461e-10   3.67426e-10   4.06318e-10   1.09911e-10   1.48234e-10   1.82326e-10   2.05524e-10
13.52   -3.12462e-10   7.87635e-09   -3.47329e-10   -7.80767e-09   -6.43072e-11   -4.76309e-11   1.21543e-11   2.52605e-11   1.65119e-10   -1.72864e-09   3.27291e-10   -8.17794e-10   5.28477e-11   8.35138e-11   1.2732e-10   1.48546e-10   2.18854e-10   -4.9081e-10   3.62931e-10   2.07333e-11   1.17995e-10   1.49499e-10   1.89603e-10   2.13894e-10
13.52   -3.7097e-09   -3.47329e-10   9.44703e-09   -1.92469e-09   5.39027e-11   -8.18642e-12   -1.18811e-11   -4.66752e-11   3.10003e-10   1.68752e-10   -2.50689e-09   -1.92358e-10   -8.46845e-15   -3.48968e-11   -3.76124e-11   -6.19273e-11   4.91806e-10   1.2751e-10   -9.7255e-10   -4.06278e-11   -2.86058e-11   -4.97987e-11   -5.76314e-11   -7.37481e-11
13.52   7.13525e-11   -7.80767e-09   -1.92469e-09   1.50031e-08   8.78665e-12   3.0196e-11   -3.42189e-11   -8.54173e-12   2.69084e-10   -7.62998e-10   -1.05103e-10   -2.14871e-09   -3.37557e-12   9.40504e-12   -2.16549e-11   -7.70478e-12   1.94917e-10   -2.58444e-11   5.47155e-11   -6.83689e-10   -5.38443e-12   -4.83074e-13   -1.67887e-11   -1.14882e-11
13.52   -7.84335e-11   -6.43072e-11   5.39027e-11   8.78665e-12   7.68202e-09   -6.42534e-10   -4.02416e-09   -5.54108e-10   1.37472e-11   9.22248e-11   1.81234e-10   1.85497e-10   -3.29625e-09   1.84152e-10   -9.92111e-10   3.47263e-10   1.7547e-10   2.54888e-10   3.28843e-10   3.62329e-10   -1.62244e-09   4.03988e-10   -1.45505e-10   5.71428e-10
13.52   -3.16087e-11   -4.76309e-11   -8.18642e-12   3.0196e-11   -6.42534e-10   1.27874e-08   -1.17369e-09   -6.66295e-09   5.70297e-12   5.28998e-11   6.73055e-11   1.23895e-10   8.82121e-11   -2.82179e-09   -7.30317e-11   -2.26745e-09   1.00927e-10   1.45159e-10   1.69561e-10   2.16342e-10   2.57804e-10   -1.3662e-09   2.06359e-10   -9.61244e-10
13.52   2.89434e-11   1.21543e-11   -1.18811e-11   -3.42189e-11   -4.02416e-09   -1.17369e-09   1.69307e-08   -2.21091e-09   1.63726e-11   -6.63903e-11   -4.82842e-11   -1.17455e-10   -1.02038e-09   -2.45067e-10   -3.22698e-09   -7.11829e-10   -4.16078e-11   -1.02356e-10   -1.00393e-10   -1.50623e-10   -3.34623e-10   -7.27657e-11   -1.74152e-09   -3.50671e-10
13.52   2.13299e-11   2.52605e-11   -4.66752e-11   -8.54173e-12   -5.54108e-10   -6.66295e-09   -2.21091e-09   2.22017e-08   -1.90114e-11   -5.53362e-12   -8.54599e-11   -3.96881e-11   1.14781e-10   -2.37448e-09   -6.59033e-10   -3.37699e-09   -4.40359e-11   -4.52111e-11   -9.68488e-11   -7.74545e-11   1.82241e-10   -1.17118e-09   -2.80514e-10   -1.75769e-09
13.52   -1.91363e-09   1.65119e-10   3.10003e-10   2.69084e-10   1.37472e-11   5.70297e-12   1.63726e-11   -1.90114e-11   1.12478e-08   -6.86868e-10   -2.61829e-09   -7.64677e-10   -6.20573e-11   -8.02743e-11   -7.88816e-11   -1.14579e-10   -3.5586e-09   -5.00218e-10   -1.84805e-09   -5.62975e-10   -9.21441e-11   -1.12448e-10   -1.16346e-10   -1.49534e-10
13.52   2.26463e-10   -1.72864e-09   1.68752e-10   -7.62998e-10   9.22248e-11   5.28998e-11   -6.63903e-11   -5.53362e-12   -6.86868e-10   1.61691e-08   -1.21034e-09   -3.94243e-09   -1.26551e-10   -1.9738e-10   -2.97575e-10   -2.95195e-10   -6.09039e-10   -3.05708e-09   -1.0256e-09   -2.89777e-09   -2.52696e-10   -3.24368e-10   -4.14416e-10   -4.37248e-10
13.52   4.25008e-11   3.27291e-10   -2.50689e-09   -1.05103e-10   1.81234e-10   6.73055e-11   -4.82842e-11   -8.54599e-11   -2.61829e-09   -1.21034e-09   2.07733e-08   -1.86702e-09   -1.69476e-10   -3.30038e-10   -4.28614e-10   -5.22987e-10   -2.00383e-09   -1.1305e-09   -3.31155e-09   -1.64291e-09   -3.8413e-10   -5.37244e-10   -6.34092e-10   -7.43703e-10
13.52   4.18215e-10   -8.17794e-10   -1.92358e-10   -2.14871e-09   1.85497e-10   1.23895e-10   -1.17455e-10   -3.96881e-11   -7.64677e-10   -3.94243e-09   -1.86702e-09   2.61398e-08   -2.17575e-10   -3.4416e-10   -5.39839e-10   -5.58417e-10   -8.03327e-10   -3.00515e-09   -1.64835e-09   -3.85311e-09   -4.61519e-10   -5.93457e-10   -7.65823e-10   -8.25808e-10
13.52   4.4878e-11   5.28477e-11   -8.46845e-15   -3.37557e-12   -3.29625e-09   8.82121e-11   -1.02038e-09   1.14781e-10   -6.20573e-11   -1.26551e-10   -1.69476e-10   -2.17575e-10   1.29204e-08   -5.36202e-10   -1.74539e-09   -6.33124e-10   -2.11596e-10   -2.83379e-10   -3.28516e-10   -3.91519e-10   -2.76154e-09   -6.37353e-10   -1.5848e-09   -7.60789e-10
13.52   8.71933e-11   8.35138e-11   -3.48968e-11   9.40504e-12   1.84152e-10   -2.82179e-09   -2.45067e-10   -2.37448e-09   -8.02743e-11   -1.9738e-10   -3.30038e-10   -3.4416e-10   -5.36202e-10   1.74563e-08   -9.92696e-10   -2.77753e-09   -3.45206e-10   -4.67893e-10   -5.97954e-10   -6.48215e-10   -7.27751e-10   -2.47132e-09   -1.12789e-09   -2.46071e-09
13.52   1.26973e-10   1.2732e-10   -3.76124e-11   -2.16549e-11   -9.92111e-10   -7.30317e-11   -3.22698e-09   -6.59033e-10   -7.88816e-11   -2.97575e-10   -4.28614e-10   -5.39839e-10   -1.74539e-09   -9.92696e-10   2.19321e-08   -1.56576e-09   -4.62274e-10   -6.84881e-10   -8.17806e-10   -9.64999e-10   -1.73777e-09   -1.22702e-09   -2.8664e-09   -1.73953e-09
13.52   1.41588e-10   1.48546e-10   -6.19273e-11   -7.70478e-12   3.47263e-10   -2.26745e-09   -7.11829e-10   -3.37699e-09   -1.14579e-10   -2.95195e-10   -5.22987e-10   -5.58417e-10   -6.33124e-10   -2.77753e-09   -1.56576e-09   2.74595e-08   -5.41344e-10   -7.35261e-10   -9.52142e-10   -1.04323e-09   -9.65859e-10   -2.56125e-09   -1.73566e-09   -3.30876e-09
13.52   -6.10161e-10   2.18854e-10   4.91806e-10   1.94917e-10   1.7547e-10   1.00927e-10   -4.16078e-11   -4.40359e-11   -3.5586e-09   -6.09039e-10   -2.00383e-09   -8.03327e-10   -2.11596e-10   -3.45206e-10   -4.62274e-10   -5.41344e-10   1.29696e-08   -9.54217e-10   -2.18373e-09   -1.20084e-09   -4.70524e-10   -6.09963e-10   -7.25674e-10   -8.32853e-10
13.52   2.70461e-10   -4.9081e-10   1.2751e-10   -2.58444e-11   2.54888e-10   1.45159e-10   -1.02356e-10   -4.52111e-11   -5.00218e-10   -3.05708e-09   -1.1305e-09   -3.00515e-09   -2.83379e-10   -4.67893e-10   -6.84881e-10   -7.35261e-10   -9.54217e-10   1.72399e-08   -1.55374e-09   -3.12315e-09   -6.4575e-10   -8.36334e-10   -1.041e-09   -1.1427e-09
13.52   3.67426e-10   3.62931e-10   -9.7255e-10   5.47155e-11   3.28843e-10   1.69561e-10   -1.00393e-10   -9.68488e-11   -1.84805e-09   -1.0256e-09   -3.31155e-09   -1.64835e-09   -3.28516e-10   -5.97954e-10   -8.17806e-10   -9.52142e-10   -2.18373e-09   -1.55374e-09   2.1685e-08   -2.17622e-09   -7.79649e-10   -1.05116e-09   -1.26353e-09   -1.44698e-09
13.52   4.06318e-10   2.07333e-11   -4.06278e-11   -6.83689e-10   3.62329e-10   2.16342e-10   -1.50623e-10   -7.74545e-11   -5.62975e-10   -2.89777e-09   -1.64291e-09   -3.85311e-09   -3.91519e-10   -6.48215e-10   -9.64999e-10   -1.04323e-09   -1.20084e-09   -3.12315e-09   -2.17622e-09   2.69287e-08   -9.00774e-10   -1.16756e-09   -1.46271e-09   -1.61159e-09
13.52   1.09911e-10   1.17995e-10   -2.86058e-11   -5.38443e-12   -1.62244e-09   2.57804e-10   -3.34623e-10   1.82241e-10   -9.21441e-11   -2.52696e-10   -3.8413e-10   -4.61519e-10   -2.76154e-09   -7.27751e-10   -1.73777e-09   -9.65859e-10   -4.70524e-10   -6.4575e-10   -7.79649e-10   -9.00774e-10   1.35833e-08   -1.0505e-09   -1.93124e-09   -1.3364e-09
13.52   1.48234e-10   1.49499e-10   -4.97987e-11   -4.83074e-13   4.03988e-10   -1.3662e-09   -7.27657e-11   -1.17118e-09   -1.12448e-10   -3.24368e-10   -5.37244e-10   -5.93457e-10   -6.37353e-10   -2.47132e-09   -1.22702e-09   -2.56125e-09   -6.09963e-10   -8.36334e-10   -1.05116e-09   -1.16756e-09   -1.0505e-09   1.75786e-08   -1.61042e-09   -2.72783e-09
13.52   1.82326e-10   1.89603e-10   -5.76314e-11   -1.67887e-11   -1.45505e-10   2.06359e-10   -1.74152e-09   -2.80514e-10   -1.16346e-10   -4.14416e-10   -6.34092e-10   -7.65823e-10   -1.5848e-09   -1.12789e-09   -2.8664e-09   -1.73566e-09   -7.25674e-10   -1.041e-09   -1.26353e-09   -1.46271e-09   -1.93124e-09   -1.61042e-09   2.1855e-08   -2.22016e-09
13.52   2.05524e-10   2.13894e-10   -7.37481e-11   -1.14882e-11   5.71428e-10   -9.61244e-10   -3.50671e-10   -1.75769e-09   -1.49534e-10   -4.37248e-10   -7.43703e-10   -8.25808e-10   -7.60789e-10   -2.46071e-09   -1.73953e-09   -3.30876e-09   -8.32853e-10   -1.1427e-09   -1.44698e-09   -1.61159e-09   -1.3364e-09   -2.72783e-09   -2.22016e-09   2.71378e-08
15.09   0   0   0   0   0   0   0   0   0   0   0   0   0   0   0   0   0   0   0   0   0   0   0   0
15.09   0   0   0   0   0   0   0   0   0   0   0   0   0   0   0   0   0   0   0   0   0   0   0   0
15.09   0   0   0   0   0   0   0   0   0   0   0   0   0   0   0   0   0   0   0   0   0   0   0   0
15.09   0   0   0   0   0   0   0   0   0   0   0   0   0   0   0   0   0   0   0   0   0   0   0   0
15.09   0   0   0   0   0   0   0   0   0   0   0   0   0   0   0   0   0   0   0   0   0   0   0   0
15.09   0   0   0   0   0   0   0   0   0   0   0   0   0   0   0   0   0   0   0   0   0   0   0   0
15.09   0   0   0   0   0   0   0   0   0   0   0   0   0   0   0   0   0   0   0   0   0   0   0   0
15.09   0   0   0   0   0   0   0   0   0   0   0   0   0   0   0   0   0   0   0   0   0   0   0   0
15.09   0   0   0   0   0   0   0   0   0   0   0   0   0   0   0   0   0   0   0   0   0   0   0   0
15.09   0   0   0   0   0   0   0   0   0   0   0   0   0   0   0   0   0   0   0   0   0   0   0   0
15.09   0   0   0   0   0   0   0   0   0   0   0   0   0   0   0   0   0   0   0   0   0   0   0   0
15.09   0   0   0   0   0   0   0   0   0   0   0   0   0   0   0   0   0   0   0   0   0   0   0   0
15.09   0   0   0   0   0   0   0   0   0   0   0   0   0   0   0   0   0   0   0   0   0   0   0   0
15.09   0   0   0   0   0   0   0   0   0   0   0   0   0   0   0   0   0   0   0   0   0   0   0   0
15.09   0   0   0   0   0   0   0   0   0   0   0   0   0   0   0   0   0   0   0   0   0   0   0   0
15.09   0   0   0   0   0   0   0   0   0   0   0   0   0   0   0   0   0   0   0   0   0   0   0   0
15.09   0   0   0   0   0   0   0   0   0   0   0   0   0   0   0   0   0   0   0   0   0   0   0   0
15.09   0   0   0   0   0   0   0   0   0   0   0   0   0   0   0   0   0   0   0   0   0   0   0   0
15.09   0   0   0   0   0   0   0   0   0   0   0   0   0   0   0   0   0   0   0   0   0   0   0   0
15.09   0   0   0   0   0   0   0   0   0   0   0   0   0   0   0   0   0   0   0   0   0   0   0   0
15.09   0   0   0   0   0   0   0   0   0   0   0   0   0   0   0   0   0   0   0   0   0   0   0   0
15.09   0   0   0   0   0   0   0   0   0   0   0   0   0   0   0   0   0   0   0   0   0   0   0   0
15.09   0   0   0   0   0   0   0   0   0   0   0   0   0   0   0   0   0   0   0   0   0   0   0   0
15.09   0   0   0   0   0   0   0   0   0   0   0   0   0   0   0   0   0   0   0   0   0   0   0   0
17.5   0   0   0   0   0   0   0   0   0   0   0   0   0   0   0   0   0   0   0   0   0   0   0   0
17.5   0   0   0   0   0   0   0   0   0   0   0   0   0   0   0   0   0   0   0   0   0   0   0   0
17.5   0   0   0   0   0   0   0   0   0   0   0   0   0   0   0   0   0   0   0   0   0   0   0   0
17.5   0   0   0   0   0   0   0   0   0   0   0   0   0   0   0   0   0   0   0   0   0   0   0   0
17.5   0   0   0   0   0   0   0   0   0   0   0   0   0   0   0   0   0   0   0   0   0   0   0   0
17.5   0   0   0   0   0   0   0   0   0   0   0   0   0   0   0   0   0   0   0   0   0   0   0   0
17.5   0   0   0   0   0   0   0   0   0   0   0   0   0   0   0   0   0   0   0   0   0   0   0   0
17.5   0   0   0   0   0   0   0   0   0   0   0   0   0   0   0   0   0   0   0   0   0   0   0   0
17.5   0   0   0   0   0   0   0   0   0   0   0   0   0   0   0   0   0   0   0   0   0   0   0   0
17.5   0   0   0   0   0   0   0   0   0   0   0   0   0   0   0   0   0   0   0   0   0   0   0   0
17.5   0   0   0   0   0   0   0   0   0   0   0   0   0   0   0   0   0   0   0   0   0   0   0   0
17.5   0   0   0   0   0   0   0   0   0   0   0   0   0   0   0   0   0   0   0   0   0   0   0   0
17.5   0   0   0   0   0   0   0   0   0   0   0   0   0   0   0   0   0   0   0   0   0   0   0   0
17.5   0   0   0   0   0   0   0   0   0   0   0   0   0   0   0   0   0   0   0   0   0   0   0   0
17.5   0   0   0   0   0   0   0   0   0   0   0   0   0   0   0   0   0   0   0   0   0   0   0   0
17.5   0   0   0   0   0   0   0   0   0   0   0   0   0   0   0   0   0   0   0   0   0   0   0   0
17.5   0   0   0   0   0   0   0   0   0   0   0   0   0   0   0   0   0   0   0   0   0   0   0   0
17.5   0   0   0   0   0   0   0   0   0   0   0   0   0   0   0   0   0   0   0   0   0   0   0   0
17.5   0   0   0   0   0   0   0   0   0   0   0   0   0   0   0   0   0   0   0   0   0   0   0   0
17.5   0   0   0   0   0   0   0   0   0   0   0   0   0   0   0   0   0   0   0   0   0   0   0   0
17.5   0   0   0   0   0   0   0   0   0   0   0   0   0   0   0   0   0   0   0   0   0   0   0   0
17.5   0   0   0   0   0   0   0   0   0   0   0   0   0   0   0   0   0   0   0   0   0   0   0   0
17.5   0   0   0   0   0   0   0   0   0   0   0   0   0   0   0   0   0   0   0   0   0   0   0   0
17.5   0   0   0   0   0   0   0   0   0   0   0   0   0   0   0   0   0   0   0   0   0   0   0   0
