1.5   0.00192056   0.000108657   0.000123224   0.000310314   -0.00240182   0.000153014   6.14928e-05   0.000430781
1.5   0.000651801   0.000342643   -0.000784678   0.000978437   -0.00100485   0.000484792   0.000969187   0.0013594
1.5   -0.00493459   0.000320313   -0.000190769   0.000914487   0.00633249   0.000456783   -0.000178792   0.00127232
1.5   -0.00156723   0.000899723   0.00180443   0.00256901   0.00227745   0.00127689   -0.00238265   0.0035712
1.5   0.0032375   0.00022618   6.47581e-05   0.000645534   -0.0042259   0.000326436   0.000135969   0.000900078
1.5   0.00091275   0.000564427   -0.00101733   0.00161148   -0.00126984   0.000803972   0.00140894   0.00224158
3.15   0.00199351   5.7991e-05   -0.000710996   0.000165643   -0.00252546   8.11551e-05   0.00116359   0.000229697
3.15   0.00022737   0.000200776   -0.000253712   0.000573465   -0.000397996   0.000281431   0.000295725   0.000795448
3.15   -0.00389805   0.000202916   0.0023042   0.000579462   0.00507957   0.000286644   -0.00343686   0.000804855
3.15   -0.000356623   0.000550918   0.000486665   0.00157344   0.00067174   0.000774418   -0.000584651   0.00218358
3.15   0.00191881   0.000158227   -0.00161211   0.00045172   -0.00256465   0.000225901   0.00230655   0.000628608
3.15   0.000130218   0.000359718   -0.000232513   0.00102726   -0.000274958   0.000507674   0.000288101   0.0014266
5.15   0.00167973   6.34968e-05   -0.000700611   0.000181369   -0.00205658   8.88675e-05   0.00117397   0.000251508
5.15   -6.75993e-05   0.000235541   0.000418538   0.000672789   0.000253059   0.000329663   -0.000378092   0.000932974
5.15   -0.00249514   0.000269021   0.00286465   0.00076827   0.00335734   0.000379394   -0.00394026   0.00106679
5.15   -0.000163048   0.00068517   -0.00118068   0.00195692   8.02677e-05   0.000962279   0.00146265   0.00271533
5.15   0.000874392   0.000223642   -0.00199344   0.000638627   -0.00132018   0.000316377   0.00260204   0.000887257
5.15   0.000231178   0.000467619   0.000762792   0.00133548   -0.000355979   0.000658552   -0.00111098   0.00185394
7.34   0.00126912   5.1172e-05   -0.00042168   0.000146022   -0.00142222   7.43652e-05   0.000833788   0.000203858
7.34   -0.000353456   0.00018139   0.000712466   0.000517566   0.000849434   0.000264315   -0.000583918   0.000722924
7.34   -0.000719721   0.000249669   0.00202672   0.000711725   0.00103979   0.000376036   -0.00255022   0.00100042
7.34   -3.24956e-05   0.00054862   -0.000441152   0.00156457   -0.000174525   0.00081464   0.000470437   0.00219314
7.34   -0.00044817   0.000215373   -0.00131621   0.000613529   0.000518712   0.000332028   0.00162054   0.000866425
7.34   0.000348162   0.00038958   -0.000299555   0.00111045   -0.000411007   0.000588752   0.000416282   0.00156192
9.385   0.00105548   6.25855e-05   -0.000342443   0.000178714   -0.00106823   8.86072e-05   0.000779514   0.000248326
9.385   -0.000275075   0.000219455   0.00116696   0.000626645   0.000988787   0.000310944   -0.000912371   0.000870853
9.385   -0.00029659   0.000353113   0.00173908   0.00100815   0.000691902   0.000503263   -0.00188224   0.00140249
9.385   -0.000114301   0.000703968   -0.00121442   0.00200984   -0.000257934   0.00100337   0.00135812   0.00279603
9.385   -0.000193852   0.000310476   -0.00104205   0.000886386   9.19231e-05   0.000443081   0.00115133   0.00123339
9.385   7.00041e-05   0.000520031   0.000247767   0.00148459   4.81244e-05   0.000743351   -0.000289439   0.00206638
11.475   0.000916639   3.55392e-05   1.61569e-05   0.000101421   -0.000849936   5.14899e-05   0.000290976   0.000141512
11.475   -0.000314412   0.000121596   0.00111176   0.000346753   0.000925082   0.000180871   -0.000954483   0.000486224
11.475   0.00015491   0.000227288   1.78027e-05   0.00064768   0.000437158   0.000346679   0.000933786   0.000912679
11.475   -0.000291811   0.000408252   -0.000730851   0.0011589   0.000620855   0.000697496   0.00132209   0.00167461
11.475   -0.000341987   0.000205234   0.000708821   0.000582328   0.000301662   0.000354881   -0.00126234   0.000843948
11.475   0.000241542   0.000317615   -3.65102e-05   0.000892188   -0.000310819   0.000675178   6.3325e-05   0.00137418
13.52   0.000790677   4.61872e-05   0.000180334   0.000131629   -0.000651437   7.01987e-05   0.000101635   0.000185353
13.52   -0.000410786   0.000161384   0.000716843   0.000459762   0.00107776   0.000248266   -0.000450031   0.000648993
13.52   0.0003113   0.000320187   -0.000662564   0.000910446   0.000540668   0.000522114   0.00218264   0.00130131
13.52   -0.00013465   0.000583118   5.80125e-05   0.00165964   0.0008288   0.000924652   0.00096238   0.00235762
13.52   -0.000327602   0.000334145   0.00155547   0.000946037   0.000100313   0.000609191   -0.00256133   0.00139001
13.52   0.000334524   0.000543552   -0.000450781   0.0015451   -0.000721672   0.000894311   0.000115197   0.00221292
15.09   0.000708703   2.73732e-05   0.00017874   7.78793e-05   -0.000537901   4.38987e-05   3.61987e-05   0.000110903
15.09   -0.00024869   9.4135e-05   0.000588909   0.000266748   0.000865855   0.000168156   -0.000179291   0.000389808
15.09   0.000182427   0.000196089   0.000185263   0.000555674   0.000298658   0.000349935   0.000513058   0.000811818
15.09   -5.5858e-05   0.000381035   5.47099e-05   0.00106405   0.000389297   0.000885481   0.000318943   0.00169388
15.09   -0.000172155   0.000225317   0.000332789   0.000635068   0.000685419   0.000451015   8.87541e-05   0.000958933
15.09   4.51016e-05   0.00040001   -0.000146736   0.00110545   -9.45969e-06   0.00105367   0.000303538   0.00185832
17.5   0.000698115   2.48593e-05   0.000308747   7.0705e-05   -0.000550854   4.02376e-05   -0.000265716   0.000100892
17.5   -0.000149919   8.60801e-05   0.000465985   0.000243312   0.000556311   0.000162736   -0.000285763   0.000361135
17.5   -0.000230503   0.000163065   -0.000518276   0.000461639   0.000709819   0.00029779   0.00132776   0.000678593
17.5   5.57649e-05   0.000340417   -0.000217663   0.000942356   3.84395e-05   0.000880523   0.000540168   0.00157068
17.5   0.000226098   0.00019231   0.00121362   0.000542025   3.81154e-05   0.000385084   -0.0013192   0.000818534
17.5   -2.29134e-05   0.000357733   -4.24813e-05   0.000977277   6.63328e-06   0.00104913   -2.24109e-05   0.00173601
