1.5   0   0   0   0   0   0   0   0   0   0   0   0   0   0   0   0   0   0   0   0   0   0   0   0
1.5   0   0   0   0   0   0   0   0   0   0   0   0   0   0   0   0   0   0   0   0   0   0   0   0
1.5   0   0   0   0   0   0   0   0   0   0   0   0   0   0   0   0   0   0   0   0   0   0   0   0
1.5   0   0   0   0   0   0   0   0   0   0   0   0   0   0   0   0   0   0   0   0   0   0   0   0
1.5   0   0   0   0   0   0   0   0   0   0   0   0   0   0   0   0   0   0   0   0   0   0   0   0
1.5   0   0   0   0   0   0   0   0   0   0   0   0   0   0   0   0   0   0   0   0   0   0   0   0
1.5   0   0   0   0   0   0   0   0   0   0   0   0   0   0   0   0   0   0   0   0   0   0   0   0
1.5   0   0   0   0   0   0   0   0   0   0   0   0   0   0   0   0   0   0   0   0   0   0   0   0
1.5   0   0   0   0   0   0   0   0   0   0   0   0   0   0   0   0   0   0   0   0   0   0   0   0
1.5   0   0   0   0   0   0   0   0   0   0   0   0   0   0   0   0   0   0   0   0   0   0   0   0
1.5   0   0   0   0   0   0   0   0   0   0   0   0   0   0   0   0   0   0   0   0   0   0   0   0
1.5   0   0   0   0   0   0   0   0   0   0   0   0   0   0   0   0   0   0   0   0   0   0   0   0
1.5   0   0   0   0   0   0   0   0   0   0   0   0   0   0   0   0   0   0   0   0   0   0   0   0
1.5   0   0   0   0   0   0   0   0   0   0   0   0   0   0   0   0   0   0   0   0   0   0   0   0
1.5   0   0   0   0   0   0   0   0   0   0   0   0   0   0   0   0   0   0   0   0   0   0   0   0
1.5   0   0   0   0   0   0   0   0   0   0   0   0   0   0   0   0   0   0   0   0   0   0   0   0
1.5   0   0   0   0   0   0   0   0   0   0   0   0   0   0   0   0   0   0   0   0   0   0   0   0
1.5   0   0   0   0   0   0   0   0   0   0   0   0   0   0   0   0   0   0   0   0   0   0   0   0
1.5   0   0   0   0   0   0   0   0   0   0   0   0   0   0   0   0   0   0   0   0   0   0   0   0
1.5   0   0   0   0   0   0   0   0   0   0   0   0   0   0   0   0   0   0   0   0   0   0   0   0
1.5   0   0   0   0   0   0   0   0   0   0   0   0   0   0   0   0   0   0   0   0   0   0   0   0
1.5   0   0   0   0   0   0   0   0   0   0   0   0   0   0   0   0   0   0   0   0   0   0   0   0
1.5   0   0   0   0   0   0   0   0   0   0   0   0   0   0   0   0   0   0   0   0   0   0   0   0
1.5   0   0   0   0   0   0   0   0   0   0   0   0   0   0   0   0   0   0   0   0   0   0   0   0
3.15   0   0   0   0   0   0   0   0   0   0   0   0   0   0   0   0   0   0   0   0   0   0   0   0
3.15   0   0   0   0   0   0   0   0   0   0   0   0   0   0   0   0   0   0   0   0   0   0   0   0
3.15   0   0   0   0   0   0   0   0   0   0   0   0   0   0   0   0   0   0   0   0   0   0   0   0
3.15   0   0   0   0   0   0   0   0   0   0   0   0   0   0   0   0   0   0   0   0   0   0   0   0
3.15   0   0   0   0   0   0   0   0   0   0   0   0   0   0   0   0   0   0   0   0   0   0   0   0
3.15   0   0   0   0   0   0   0   0   0   0   0   0   0   0   0   0   0   0   0   0   0   0   0   0
3.15   0   0   0   0   0   0   0   0   0   0   0   0   0   0   0   0   0   0   0   0   0   0   0   0
3.15   0   0   0   0   0   0   0   0   0   0   0   0   0   0   0   0   0   0   0   0   0   0   0   0
3.15   0   0   0   0   0   0   0   0   0   0   0   0   0   0   0   0   0   0   0   0   0   0   0   0
3.15   0   0   0   0   0   0   0   0   0   0   0   0   0   0   0   0   0   0   0   0   0   0   0   0
3.15   0   0   0   0   0   0   0   0   0   0   0   0   0   0   0   0   0   0   0   0   0   0   0   0
3.15   0   0   0   0   0   0   0   0   0   0   0   0   0   0   0   0   0   0   0   0   0   0   0   0
3.15   0   0   0   0   0   0   0   0   0   0   0   0   0   0   0   0   0   0   0   0   0   0   0   0
3.15   0   0   0   0   0   0   0   0   0   0   0   0   0   0   0   0   0   0   0   0   0   0   0   0
3.15   0   0   0   0   0   0   0   0   0   0   0   0   0   0   0   0   0   0   0   0   0   0   0   0
3.15   0   0   0   0   0   0   0   0   0   0   0   0   0   0   0   0   0   0   0   0   0   0   0   0
3.15   0   0   0   0   0   0   0   0   0   0   0   0   0   0   0   0   0   0   0   0   0   0   0   0
3.15   0   0   0   0   0   0   0   0   0   0   0   0   0   0   0   0   0   0   0   0   0   0   0   0
3.15   0   0   0   0   0   0   0   0   0   0   0   0   0   0   0   0   0   0   0   0   0   0   0   0
3.15   0   0   0   0   0   0   0   0   0   0   0   0   0   0   0   0   0   0   0   0   0   0   0   0
3.15   0   0   0   0   0   0   0   0   0   0   0   0   0   0   0   0   0   0   0   0   0   0   0   0
3.15   0   0   0   0   0   0   0   0   0   0   0   0   0   0   0   0   0   0   0   0   0   0   0   0
3.15   0   0   0   0   0   0   0   0   0   0   0   0   0   0   0   0   0   0   0   0   0   0   0   0
3.15   0   0   0   0   0   0   0   0   0   0   0   0   0   0   0   0   0   0   0   0   0   0   0   0
5.15   0   0   0   0   0   0   0   0   0   0   0   0   0   0   0   0   0   0   0   0   0   0   0   0
5.15   0   0   0   0   0   0   0   0   0   0   0   0   0   0   0   0   0   0   0   0   0   0   0   0
5.15   0   0   0   0   0   0   0   0   0   0   0   0   0   0   0   0   0   0   0   0   0   0   0   0
5.15   0   0   0   0   0   0   0   0   0   0   0   0   0   0   0   0   0   0   0   0   0   0   0   0
5.15   0   0   0   0   0   0   0   0   0   0   0   0   0   0   0   0   0   0   0   0   0   0   0   0
5.15   0   0   0   0   0   0   0   0   0   0   0   0   0   0   0   0   0   0   0   0   0   0   0   0
5.15   0   0   0   0   0   0   0   0   0   0   0   0   0   0   0   0   0   0   0   0   0   0   0   0
5.15   0   0   0   0   0   0   0   0   0   0   0   0   0   0   0   0   0   0   0   0   0   0   0   0
5.15   0   0   0   0   0   0   0   0   0   0   0   0   0   0   0   0   0   0   0   0   0   0   0   0
5.15   0   0   0   0   0   0   0   0   0   0   0   0   0   0   0   0   0   0   0   0   0   0   0   0
5.15   0   0   0   0   0   0   0   0   0   0   0   0   0   0   0   0   0   0   0   0   0   0   0   0
5.15   0   0   0   0   0   0   0   0   0   0   0   0   0   0   0   0   0   0   0   0   0   0   0   0
5.15   0   0   0   0   0   0   0   0   0   0   0   0   0   0   0   0   0   0   0   0   0   0   0   0
5.15   0   0   0   0   0   0   0   0   0   0   0   0   0   0   0   0   0   0   0   0   0   0   0   0
5.15   0   0   0   0   0   0   0   0   0   0   0   0   0   0   0   0   0   0   0   0   0   0   0   0
5.15   0   0   0   0   0   0   0   0   0   0   0   0   0   0   0   0   0   0   0   0   0   0   0   0
5.15   0   0   0   0   0   0   0   0   0   0   0   0   0   0   0   0   0   0   0   0   0   0   0   0
5.15   0   0   0   0   0   0   0   0   0   0   0   0   0   0   0   0   0   0   0   0   0   0   0   0
5.15   0   0   0   0   0   0   0   0   0   0   0   0   0   0   0   0   0   0   0   0   0   0   0   0
5.15   0   0   0   0   0   0   0   0   0   0   0   0   0   0   0   0   0   0   0   0   0   0   0   0
5.15   0   0   0   0   0   0   0   0   0   0   0   0   0   0   0   0   0   0   0   0   0   0   0   0
5.15   0   0   0   0   0   0   0   0   0   0   0   0   0   0   0   0   0   0   0   0   0   0   0   0
5.15   0   0   0   0   0   0   0   0   0   0   0   0   0   0   0   0   0   0   0   0   0   0   0   0
5.15   0   0   0   0   0   0   0   0   0   0   0   0   0   0   0   0   0   0   0   0   0   0   0   0
7.34   0   0   0   0   0   0   0   0   0   0   0   0   0   0   0   0   0   0   0   0   0   0   0   0
7.34   0   0   0   0   0   0   0   0   0   0   0   0   0   0   0   0   0   0   0   0   0   0   0   0
7.34   0   0   0   0   0   0   0   0   0   0   0   0   0   0   0   0   0   0   0   0   0   0   0   0
7.34   0   0   0   0   0   0   0   0   0   0   0   0   0   0   0   0   0   0   0   0   0   0   0   0
7.34   0   0   0   0   0   0   0   0   0   0   0   0   0   0   0   0   0   0   0   0   0   0   0   0
7.34   0   0   0   0   0   0   0   0   0   0   0   0   0   0   0   0   0   0   0   0   0   0   0   0
7.34   0   0   0   0   0   0   0   0   0   0   0   0   0   0   0   0   0   0   0   0   0   0   0   0
7.34   0   0   0   0   0   0   0   0   0   0   0   0   0   0   0   0   0   0   0   0   0   0   0   0
7.34   0   0   0   0   0   0   0   0   0   0   0   0   0   0   0   0   0   0   0   0   0   0   0   0
7.34   0   0   0   0   0   0   0   0   0   0   0   0   0   0   0   0   0   0   0   0   0   0   0   0
7.34   0   0   0   0   0   0   0   0   0   0   0   0   0   0   0   0   0   0   0   0   0   0   0   0
7.34   0   0   0   0   0   0   0   0   0   0   0   0   0   0   0   0   0   0   0   0   0   0   0   0
7.34   0   0   0   0   0   0   0   0   0   0   0   0   0   0   0   0   0   0   0   0   0   0   0   0
7.34   0   0   0   0   0   0   0   0   0   0   0   0   0   0   0   0   0   0   0   0   0   0   0   0
7.34   0   0   0   0   0   0   0   0   0   0   0   0   0   0   0   0   0   0   0   0   0   0   0   0
7.34   0   0   0   0   0   0   0   0   0   0   0   0   0   0   0   0   0   0   0   0   0   0   0   0
7.34   0   0   0   0   0   0   0   0   0   0   0   0   0   0   0   0   0   0   0   0   0   0   0   0
7.34   0   0   0   0   0   0   0   0   0   0   0   0   0   0   0   0   0   0   0   0   0   0   0   0
7.34   0   0   0   0   0   0   0   0   0   0   0   0   0   0   0   0   0   0   0   0   0   0   0   0
7.34   0   0   0   0   0   0   0   0   0   0   0   0   0   0   0   0   0   0   0   0   0   0   0   0
7.34   0   0   0   0   0   0   0   0   0   0   0   0   0   0   0   0   0   0   0   0   0   0   0   0
7.34   0   0   0   0   0   0   0   0   0   0   0   0   0   0   0   0   0   0   0   0   0   0   0   0
7.34   0   0   0   0   0   0   0   0   0   0   0   0   0   0   0   0   0   0   0   0   0   0   0   0
7.34   0   0   0   0   0   0   0   0   0   0   0   0   0   0   0   0   0   0   0   0   0   0   0   0
9.385   2.22893e-08   -1.29356e-08   -3.39776e-08   2.15239e-08   7.35136e-10   9.7962e-10   -9.8025e-10   -1.26022e-09   -1.3424e-07   7.74764e-08   2.0495e-07   -1.29455e-07   -3.88675e-09   -4.91234e-09   5.117e-09   6.40249e-09   1.43771e-07   -8.27404e-08   -2.19704e-07   1.38548e-07   3.9516e-09   4.90791e-09   -5.17163e-09   -6.43787e-09
9.385   -1.29356e-08   1.25909e-07   2.51109e-08   -1.71283e-07   9.79535e-10   6.5875e-09   -8.31819e-10   -8.86997e-09   7.74764e-08   -7.6613e-07   -1.51666e-07   1.04257e-06   -4.91186e-09   -3.36324e-08   4.26386e-09   4.51874e-08   -8.27403e-08   8.24442e-07   1.62656e-07   -1.12225e-06   4.9074e-09   3.37442e-08   -4.32007e-09   -4.52904e-08
9.385   -3.39776e-08   2.51109e-08   7.03713e-08   -5.49989e-08   -9.8031e-10   -8.31812e-10   1.63457e-09   1.16793e-09   2.0495e-07   -1.51666e-07   -4.27486e-07   3.35053e-07   5.11735e-09   4.26377e-09   -7.90371e-09   -6.68069e-09   -2.19704e-07   1.62656e-07   4.60107e-07   -3.6098e-07   -5.17201e-09   -4.31996e-09   7.70401e-09   7.08823e-09
9.385   2.15239e-08   -1.71283e-07   -5.49989e-08   2.57648e-07   -1.26006e-09   -8.87007e-09   1.16789e-09   1.2343e-08   -1.29455e-07   1.04257e-06   3.35053e-07   -1.57067e-06   6.40159e-09   4.51879e-08   -6.68049e-09   -6.21255e-08   1.38548e-07   -1.12225e-06   -3.6098e-07   1.69256e-06   -6.43692e-09   -4.5291e-08   7.08804e-09   6.19161e-08
9.385   7.35136e-10   9.79535e-10   -9.8031e-10   -1.26006e-09   9.76403e-07   -5.67089e-07   -1.48811e-06   9.43054e-07   -3.88673e-09   -4.91171e-09   5.11728e-09   6.40144e-09   -5.3133e-06   3.08429e-06   8.09901e-06   -5.13115e-06   3.95154e-09   4.90715e-09   -5.17186e-09   -6.43668e-09   5.48449e-06   -3.18294e-06   -8.36051e-06   5.29618e-06
9.385   9.7962e-10   6.5875e-09   -8.31812e-10   -8.87007e-09   -5.67089e-07   5.50774e-06   1.09958e-06   -7.49225e-06   -4.91278e-09   -3.36319e-08   4.26468e-09   4.5187e-08   3.08429e-06   -3.00018e-05   -5.98526e-06   4.0813e-05   4.90859e-09   3.37436e-08   -4.3214e-09   -4.52896e-08   -3.18294e-06   3.09811e-05   6.17881e-06   -4.21459e-05
9.385   -9.8025e-10   -8.31819e-10   1.63457e-09   1.16789e-09   -1.48811e-06   1.09958e-06   3.07902e-06   -2.40547e-06   5.11666e-09   4.26409e-09   -7.90299e-09   -6.68107e-09   8.09901e-06   -5.98526e-06   -1.67688e-05   1.31044e-05   -5.1711e-09   -4.32033e-09   7.7029e-09   7.08882e-09   -8.36051e-06   6.17881e-06   1.73155e-05   -1.35331e-05
9.385   -1.26022e-09   -8.86997e-09   1.16793e-09   1.2343e-08   9.43054e-07   -7.49225e-06   -2.40547e-06   1.12676e-05   6.40334e-09   4.51863e-08   -6.68245e-09   -6.21235e-08   -5.13115e-06   4.0813e-05   1.31044e-05   -6.13871e-05   -6.43917e-09   -4.5289e-08   7.09096e-09   6.19132e-08   5.29618e-06   -4.21459e-05   -1.35331e-05   6.33967e-05
9.385   -1.3424e-07   7.74764e-08   2.0495e-07   -1.29455e-07   -3.88673e-09   -4.91278e-09   5.11666e-09   6.40334e-09   1.3757e-06   -7.76256e-07   -2.11337e-06   1.3194e-06   1.76402e-08   9.84448e-09   -2.01504e-08   -1.69295e-08   -1.67938e-06   9.39892e-07   2.58699e-06   -1.60747e-06   -1.60155e-08   -3.51004e-09   1.64957e-08   1.0703e-08
9.385   7.74764e-08   -7.6613e-07   -1.51666e-07   1.04257e-06   -4.91171e-09   -3.36319e-08   4.26409e-09   4.51863e-08   -7.76256e-07   8.17331e-06   1.57204e-06   -1.11365e-05   9.8384e-09   9.67857e-08   -1.31257e-08   -1.25288e-07   9.39891e-07   -1.00995e-05   -1.92609e-06   1.37743e-05   -3.50363e-09   -6.05149e-08   1.05814e-08   7.42241e-08
9.385   2.0495e-07   -1.51666e-07   -4.27486e-07   3.35053e-07   5.11728e-09   4.26468e-09   -7.90299e-09   -6.68245e-09   -2.11337e-06   1.57204e-06   4.53217e-06   -3.5908e-06   -2.01541e-08   -1.31287e-08   1.34491e-09   5.40391e-08   2.58699e-06   -1.92609e-06   -5.61091e-06   4.45406e-06   1.64996e-08   1.05844e-08   1.83195e-08   -6.58191e-08
9.385   -1.29455e-07   1.04257e-06   3.35053e-07   -1.57067e-06   6.40144e-09   4.5187e-08   -6.68107e-09   -6.21235e-08   1.3194e-06   -1.11365e-05   -3.5908e-06   1.68772e-05   -1.69186e-08   -1.25292e-07   5.40316e-08   1.35621e-07   -1.60747e-06   1.37743e-05   4.45406e-06   -2.0941e-05   1.06915e-08   7.42284e-08   -6.58113e-08   -4.80924e-08
9.385   -3.88675e-09   -4.91186e-09   5.11735e-09   6.40159e-09   -5.3133e-06   3.08429e-06   8.09901e-06   -5.13115e-06   1.76402e-08   9.8384e-09   -2.01541e-08   -1.69186e-08   3.11865e-05   -1.80286e-05   -4.75908e-05   3.00868e-05   -1.60154e-08   -3.50312e-09   1.64992e-08   1.0691e-08   -3.30311e-05   1.90638e-05   5.04299e-05   -3.18536e-05
9.385   -4.91234e-09   -3.36324e-08   4.26377e-09   4.51879e-08   3.08429e-06   -3.00018e-05   -5.98526e-06   4.0813e-05   9.84448e-09   9.67857e-08   -1.31287e-08   -1.25292e-07   -1.80286e-05   0.000177471   3.52061e-05   -0.000241476   -3.51134e-09   -6.05141e-08   1.05872e-08   7.42262e-08   1.90638e-05   -0.000188513   -3.73188e-05   0.000256533
9.385   5.117e-09   4.26386e-09   -7.90371e-09   -6.68049e-09   8.09901e-06   -5.98526e-06   -1.67688e-05   1.31044e-05   -2.01504e-08   -1.31257e-08   1.34491e-09   5.40316e-08   -4.75908e-05   3.52061e-05   9.90501e-05   -7.75766e-05   1.64947e-08   1.05815e-08   1.83215e-08   -6.58123e-08   5.04299e-05   -3.73188e-05   -0.000105187   8.24429e-05
9.385   6.40249e-09   4.51874e-08   -6.68069e-09   -6.21255e-08   -5.13115e-06   4.0813e-05   1.31044e-05   -6.13871e-05   -1.69295e-08   -1.25288e-07   5.40391e-08   1.35621e-07   3.00868e-05   -0.000241476   -7.75766e-05   0.000363605   1.07054e-08   7.42223e-08   -6.58241e-08   -4.80879e-08   -3.18536e-05   0.000256533   8.24429e-05   -0.000386478
9.385   1.43771e-07   -8.27403e-08   -2.19704e-07   1.38548e-07   3.95154e-09   4.90859e-09   -5.1711e-09   -6.43917e-09   -1.67938e-06   9.39891e-07   2.58699e-06   -1.60747e-06   -1.60154e-08   -3.51134e-09   1.64947e-08   1.07054e-08   2.16807e-06   -1.19343e-06   -3.35984e-06   2.06702e-06   1.10948e-08   -7.12764e-09   -7.08102e-09   -7.85962e-10
9.385   -8.27404e-08   8.24442e-07   1.62656e-07   -1.12225e-06   4.90715e-09   3.37436e-08   -4.32033e-09   -4.5289e-08   9.39892e-07   -1.00995e-05   -1.92609e-06   1.37743e-05   -3.50312e-09   -6.05141e-08   1.05815e-08   7.42223e-08   -1.19343e-06   1.33336e-05   2.50399e-06   -1.82272e-05   -7.13628e-09   -1.39731e-08   -8.50886e-09   3.03501e-08
9.385   -2.19704e-07   1.62656e-07   4.60107e-07   -3.6098e-07   -5.17186e-09   -4.3214e-09   7.7029e-09   7.09096e-09   2.58699e-06   -1.92609e-06   -5.61091e-06   4.45406e-06   1.64992e-08   1.05872e-08   1.83215e-08   -6.58241e-08   -3.35984e-06   2.50399e-06   7.46048e-06   -5.93548e-06   -7.08588e-09   -8.51465e-09   -5.86148e-08   9.15619e-08
9.385   1.38548e-07   -1.12225e-06   -3.6098e-07   1.69256e-06   -6.43668e-09   -4.52896e-08   7.08882e-09   6.19132e-08   -1.60747e-06   1.37743e-05   4.45406e-06   -2.0941e-05   1.0691e-08   7.42262e-08   -6.58123e-08   -4.80879e-08   2.06702e-06   -1.82272e-05   -5.93548e-06   2.79088e-05   -7.70751e-10   3.0346e-08   9.15497e-08   -1.27678e-07
9.385   3.9516e-09   4.9074e-09   -5.17201e-09   -6.43692e-09   5.48449e-06   -3.18294e-06   -8.36051e-06   5.29618e-06   -1.60155e-08   -3.50363e-09   1.64996e-08   1.06915e-08   -3.30311e-05   1.90638e-05   5.04299e-05   -3.18536e-05   1.10948e-08   -7.13628e-09   -7.08588e-09   -7.70751e-10   3.5376e-05   -2.0359e-05   -5.406e-05   3.4091e-05
9.385   4.90791e-09   3.37442e-08   -4.31996e-09   -4.5291e-08   -3.18294e-06   3.09811e-05   6.17881e-06   -4.21459e-05   -3.51004e-09   -6.05149e-08   1.05844e-08   7.42284e-08   1.90638e-05   -0.000188513   -3.73188e-05   0.000256533   -7.12764e-09   -1.39731e-08   -8.51465e-09   3.0346e-08   -2.0359e-05   0.000202861   4.00229e-05   -0.00027614
9.385   -5.17163e-09   -4.32007e-09   7.70401e-09   7.08804e-09   -8.36051e-06   6.17881e-06   1.73155e-05   -1.35331e-05   1.64957e-08   1.05814e-08   1.83195e-08   -6.58113e-08   5.04299e-05   -3.73188e-05   -0.000105187   8.24429e-05   -7.08102e-09   -8.50886e-09   -5.86148e-08   9.15497e-08   -5.406e-05   4.00229e-05   0.000113213   -8.88224e-05
9.385   -6.43787e-09   -4.52904e-08   7.08823e-09   6.19161e-08   5.29618e-06   -4.21459e-05   -1.35331e-05   6.33967e-05   1.0703e-08   7.42241e-08   -6.58191e-08   -4.80924e-08   -3.18536e-05   0.000256533   8.24429e-05   -0.000386478   -7.85962e-10   3.03501e-08   9.15619e-08   -1.27678e-07   3.4091e-05   -0.00027614   -8.88224e-05   0.000416469
11.475   0   0   0   0   0   0   0   0   0   0   0   0   0   0   0   0   0   0   0   0   0   0   0   0
11.475   0   0   0   0   0   0   0   0   0   0   0   0   0   0   0   0   0   0   0   0   0   0   0   0
11.475   0   0   0   0   0   0   0   0   0   0   0   0   0   0   0   0   0   0   0   0   0   0   0   0
11.475   0   0   0   0   0   0   0   0   0   0   0   0   0   0   0   0   0   0   0   0   0   0   0   0
11.475   0   0   0   0   0   0   0   0   0   0   0   0   0   0   0   0   0   0   0   0   0   0   0   0
11.475   0   0   0   0   0   0   0   0   0   0   0   0   0   0   0   0   0   0   0   0   0   0   0   0
11.475   0   0   0   0   0   0   0   0   0   0   0   0   0   0   0   0   0   0   0   0   0   0   0   0
11.475   0   0   0   0   0   0   0   0   0   0   0   0   0   0   0   0   0   0   0   0   0   0   0   0
11.475   0   0   0   0   0   0   0   0   0   0   0   0   0   0   0   0   0   0   0   0   0   0   0   0
11.475   0   0   0   0   0   0   0   0   0   0   0   0   0   0   0   0   0   0   0   0   0   0   0   0
11.475   0   0   0   0   0   0   0   0   0   0   0   0   0   0   0   0   0   0   0   0   0   0   0   0
11.475   0   0   0   0   0   0   0   0   0   0   0   0   0   0   0   0   0   0   0   0   0   0   0   0
11.475   0   0   0   0   0   0   0   0   0   0   0   0   0   0   0   0   0   0   0   0   0   0   0   0
11.475   0   0   0   0   0   0   0   0   0   0   0   0   0   0   0   0   0   0   0   0   0   0   0   0
11.475   0   0   0   0   0   0   0   0   0   0   0   0   0   0   0   0   0   0   0   0   0   0   0   0
11.475   0   0   0   0   0   0   0   0   0   0   0   0   0   0   0   0   0   0   0   0   0   0   0   0
11.475   0   0   0   0   0   0   0   0   0   0   0   0   0   0   0   0   0   0   0   0   0   0   0   0
11.475   0   0   0   0   0   0   0   0   0   0   0   0   0   0   0   0   0   0   0   0   0   0   0   0
11.475   0   0   0   0   0   0   0   0   0   0   0   0   0   0   0   0   0   0   0   0   0   0   0   0
11.475   0   0   0   0   0   0   0   0   0   0   0   0   0   0   0   0   0   0   0   0   0   0   0   0
11.475   0   0   0   0   0   0   0   0   0   0   0   0   0   0   0   0   0   0   0   0   0   0   0   0
11.475   0   0   0   0   0   0   0   0   0   0   0   0   0   0   0   0   0   0   0   0   0   0   0   0
11.475   0   0   0   0   0   0   0   0   0   0   0   0   0   0   0   0   0   0   0   0   0   0   0   0
11.475   0   0   0   0   0   0   0   0   0   0   0   0   0   0   0   0   0   0   0   0   0   0   0   0
13.52   0   0   0   0   0   0   0   0   0   0   0   0   0   0   0   0   0   0   0   0   0   0   0   0
13.52   0   0   0   0   0   0   0   0   0   0   0   0   0   0   0   0   0   0   0   0   0   0   0   0
13.52   0   0   0   0   0   0   0   0   0   0   0   0   0   0   0   0   0   0   0   0   0   0   0   0
13.52   0   0   0   0   0   0   0   0   0   0   0   0   0   0   0   0   0   0   0   0   0   0   0   0
13.52   0   0   0   0   0   0   0   0   0   0   0   0   0   0   0   0   0   0   0   0   0   0   0   0
13.52   0   0   0   0   0   0   0   0   0   0   0   0   0   0   0   0   0   0   0   0   0   0   0   0
13.52   0   0   0   0   0   0   0   0   0   0   0   0   0   0   0   0   0   0   0   0   0   0   0   0
13.52   0   0   0   0   0   0   0   0   0   0   0   0   0   0   0   0   0   0   0   0   0   0   0   0
13.52   0   0   0   0   0   0   0   0   0   0   0   0   0   0   0   0   0   0   0   0   0   0   0   0
13.52   0   0   0   0   0   0   0   0   0   0   0   0   0   0   0   0   0   0   0   0   0   0   0   0
13.52   0   0   0   0   0   0   0   0   0   0   0   0   0   0   0   0   0   0   0   0   0   0   0   0
13.52   0   0   0   0   0   0   0   0   0   0   0   0   0   0   0   0   0   0   0   0   0   0   0   0
13.52   0   0   0   0   0   0   0   0   0   0   0   0   0   0   0   0   0   0   0   0   0   0   0   0
13.52   0   0   0   0   0   0   0   0   0   0   0   0   0   0   0   0   0   0   0   0   0   0   0   0
13.52   0   0   0   0   0   0   0   0   0   0   0   0   0   0   0   0   0   0   0   0   0   0   0   0
13.52   0   0   0   0   0   0   0   0   0   0   0   0   0   0   0   0   0   0   0   0   0   0   0   0
13.52   0   0   0   0   0   0   0   0   0   0   0   0   0   0   0   0   0   0   0   0   0   0   0   0
13.52   0   0   0   0   0   0   0   0   0   0   0   0   0   0   0   0   0   0   0   0   0   0   0   0
13.52   0   0   0   0   0   0   0   0   0   0   0   0   0   0   0   0   0   0   0   0   0   0   0   0
13.52   0   0   0   0   0   0   0   0   0   0   0   0   0   0   0   0   0   0   0   0   0   0   0   0
13.52   0   0   0   0   0   0   0   0   0   0   0   0   0   0   0   0   0   0   0   0   0   0   0   0
13.52   0   0   0   0   0   0   0   0   0   0   0   0   0   0   0   0   0   0   0   0   0   0   0   0
13.52   0   0   0   0   0   0   0   0   0   0   0   0   0   0   0   0   0   0   0   0   0   0   0   0
13.52   0   0   0   0   0   0   0   0   0   0   0   0   0   0   0   0   0   0   0   0   0   0   0   0
15.09   0   0   0   0   0   0   0   0   0   0   0   0   0   0   0   0   0   0   0   0   0   0   0   0
15.09   0   0   0   0   0   0   0   0   0   0   0   0   0   0   0   0   0   0   0   0   0   0   0   0
15.09   0   0   0   0   0   0   0   0   0   0   0   0   0   0   0   0   0   0   0   0   0   0   0   0
15.09   0   0   0   0   0   0   0   0   0   0   0   0   0   0   0   0   0   0   0   0   0   0   0   0
15.09   0   0   0   0   0   0   0   0   0   0   0   0   0   0   0   0   0   0   0   0   0   0   0   0
15.09   0   0   0   0   0   0   0   0   0   0   0   0   0   0   0   0   0   0   0   0   0   0   0   0
15.09   0   0   0   0   0   0   0   0   0   0   0   0   0   0   0   0   0   0   0   0   0   0   0   0
15.09   0   0   0   0   0   0   0   0   0   0   0   0   0   0   0   0   0   0   0   0   0   0   0   0
15.09   0   0   0   0   0   0   0   0   0   0   0   0   0   0   0   0   0   0   0   0   0   0   0   0
15.09   0   0   0   0   0   0   0   0   0   0   0   0   0   0   0   0   0   0   0   0   0   0   0   0
15.09   0   0   0   0   0   0   0   0   0   0   0   0   0   0   0   0   0   0   0   0   0   0   0   0
15.09   0   0   0   0   0   0   0   0   0   0   0   0   0   0   0   0   0   0   0   0   0   0   0   0
15.09   0   0   0   0   0   0   0   0   0   0   0   0   0   0   0   0   0   0   0   0   0   0   0   0
15.09   0   0   0   0   0   0   0   0   0   0   0   0   0   0   0   0   0   0   0   0   0   0   0   0
15.09   0   0   0   0   0   0   0   0   0   0   0   0   0   0   0   0   0   0   0   0   0   0   0   0
15.09   0   0   0   0   0   0   0   0   0   0   0   0   0   0   0   0   0   0   0   0   0   0   0   0
15.09   0   0   0   0   0   0   0   0   0   0   0   0   0   0   0   0   0   0   0   0   0   0   0   0
15.09   0   0   0   0   0   0   0   0   0   0   0   0   0   0   0   0   0   0   0   0   0   0   0   0
15.09   0   0   0   0   0   0   0   0   0   0   0   0   0   0   0   0   0   0   0   0   0   0   0   0
15.09   0   0   0   0   0   0   0   0   0   0   0   0   0   0   0   0   0   0   0   0   0   0   0   0
15.09   0   0   0   0   0   0   0   0   0   0   0   0   0   0   0   0   0   0   0   0   0   0   0   0
15.09   0   0   0   0   0   0   0   0   0   0   0   0   0   0   0   0   0   0   0   0   0   0   0   0
15.09   0   0   0   0   0   0   0   0   0   0   0   0   0   0   0   0   0   0   0   0   0   0   0   0
15.09   0   0   0   0   0   0   0   0   0   0   0   0   0   0   0   0   0   0   0   0   0   0   0   0
17.5   0   0   0   0   0   0   0   0   0   0   0   0   0   0   0   0   0   0   0   0   0   0   0   0
17.5   0   0   0   0   0   0   0   0   0   0   0   0   0   0   0   0   0   0   0   0   0   0   0   0
17.5   0   0   0   0   0   0   0   0   0   0   0   0   0   0   0   0   0   0   0   0   0   0   0   0
17.5   0   0   0   0   0   0   0   0   0   0   0   0   0   0   0   0   0   0   0   0   0   0   0   0
17.5   0   0   0   0   0   0   0   0   0   0   0   0   0   0   0   0   0   0   0   0   0   0   0   0
17.5   0   0   0   0   0   0   0   0   0   0   0   0   0   0   0   0   0   0   0   0   0   0   0   0
17.5   0   0   0   0   0   0   0   0   0   0   0   0   0   0   0   0   0   0   0   0   0   0   0   0
17.5   0   0   0   0   0   0   0   0   0   0   0   0   0   0   0   0   0   0   0   0   0   0   0   0
17.5   0   0   0   0   0   0   0   0   0   0   0   0   0   0   0   0   0   0   0   0   0   0   0   0
17.5   0   0   0   0   0   0   0   0   0   0   0   0   0   0   0   0   0   0   0   0   0   0   0   0
17.5   0   0   0   0   0   0   0   0   0   0   0   0   0   0   0   0   0   0   0   0   0   0   0   0
17.5   0   0   0   0   0   0   0   0   0   0   0   0   0   0   0   0   0   0   0   0   0   0   0   0
17.5   0   0   0   0   0   0   0   0   0   0   0   0   0   0   0   0   0   0   0   0   0   0   0   0
17.5   0   0   0   0   0   0   0   0   0   0   0   0   0   0   0   0   0   0   0   0   0   0   0   0
17.5   0   0   0   0   0   0   0   0   0   0   0   0   0   0   0   0   0   0   0   0   0   0   0   0
17.5   0   0   0   0   0   0   0   0   0   0   0   0   0   0   0   0   0   0   0   0   0   0   0   0
17.5   0   0   0   0   0   0   0   0   0   0   0   0   0   0   0   0   0   0   0   0   0   0   0   0
17.5   0   0   0   0   0   0   0   0   0   0   0   0   0   0   0   0   0   0   0   0   0   0   0   0
17.5   0   0   0   0   0   0   0   0   0   0   0   0   0   0   0   0   0   0   0   0   0   0   0   0
17.5   0   0   0   0   0   0   0   0   0   0   0   0   0   0   0   0   0   0   0   0   0   0   0   0
17.5   0   0   0   0   0   0   0   0   0   0   0   0   0   0   0   0   0   0   0   0   0   0   0   0
17.5   0   0   0   0   0   0   0   0   0   0   0   0   0   0   0   0   0   0   0   0   0   0   0   0
17.5   0   0   0   0   0   0   0   0   0   0   0   0   0   0   0   0   0   0   0   0   0   0   0   0
17.5   0   0   0   0   0   0   0   0   0   0   0   0   0   0   0   0   0   0   0   0   0   0   0   0
