1.5   0.00188827   3.24e-05   0.000128128   4.86496e-05   -0.00235712   4.77953e-05   5.47084e-05   6.80308e-05
1.5   0.000674434   4.38727e-05   -0.000789094   6.58197e-05   -0.00103619   6.90432e-05   0.000975271   9.30937e-05
1.5   -0.00454682   5.88832e-05   -0.000203052   8.04317e-05   0.00579576   9.30003e-05   -0.000161786   0.000113767
1.5   -0.00162774   7.18658e-05   0.00181802   0.000100155   0.00236127   0.000119806   -0.00240137   0.000143576
1.5   0.00270829   5.23127e-05   7.21106e-05   8.16079e-05   -0.00349341   9.09318e-05   0.000125778   0.000119878
1.5   0.000950477   5.98089e-05   -0.00102647   9.2767e-05   -0.00132211   0.000104287   0.00142153   0.000135825
3.15   0.00199351   5.80228e-05   -0.000711   0.000165659   -0.00252546   8.26641e-05   0.00116359   0.000230441
3.15   0.00022737   0.000200894   -0.000253838   0.000573521   -0.000397986   0.000287123   0.000295908   0.000798257
3.15   -0.00389805   0.000203109   0.0023042   0.000579559   0.00507957   0.000295637   -0.00343685   0.00080935
3.15   -0.00035663   0.000551312   0.000486456   0.00157363   0.000671745   0.000793315   -0.000584351   0.00219294
3.15   0.00191881   0.000158423   -0.00161212   0.000451818   -0.00256465   0.000234889   0.00230656   0.000633155
3.15   0.000130209   0.000360025   -0.00023279   0.00102741   -0.000274949   0.000522222   0.000288466   0.00143385
5.15   0.00167965   5.95993e-05   -0.000700692   0.000170071   -0.00205594   8.65782e-05   0.00117471   0.000237416
5.15   -6.77486e-05   0.000213951   0.000418361   0.000610471   0.000254278   0.000311832   -0.000376656   0.000852728
5.15   -0.00249393   0.000233106   0.00286608   0.000664395   0.00334745   0.000353109   -0.0039519   0.000934946
5.15   -0.000161497   0.000607192   -0.00117886   0.00173167   6.76074e-05   0.000900483   0.00144775   0.00242679
5.15   0.000872552   0.000189239   -0.0019956   0.000539104   -0.00130516   0.000291371   0.00261971   0.000761126
5.15   0.000229073   0.000407172   0.000760315   0.00116078   -0.000338791   0.000611999   -0.00109076   0.00163096
7.34   0.00126909   3.96155e-05   -0.000421718   0.000112903   -0.00142199   6.01715e-05   0.000834073   0.000158963
7.34   -0.000353517   0.000142198   0.000712394   0.000405269   0.000849928   0.00021581   -0.000583336   0.000570515
7.34   -0.00071929   0.000198156   0.00202723   0.000563294   0.00103626   0.000325771   -0.00255438   0.000806612
7.34   -3.18992e-05   0.000435985   -0.000440449   0.00124116   -0.000179392   0.000686468   0.000464709   0.00176048
7.34   -0.000448754   0.000172208   -0.0013169   0.000487884   0.000523481   0.000309081   0.00162615   0.000713852
7.34   0.000347445   0.000311961   -0.000300398   0.000886547   -0.000405154   0.000517088   0.000423169   0.00127189
9.385   0.00105617   4.84809e-05   -0.000341565   0.000137994   -0.00106913   7.67029e-05   0.000778396   0.000195934
9.385   -0.000269732   0.000173075   0.00117119   0.000492626   0.000981374   0.000273971   -0.00091798   0.000699546
9.385   -0.000308436   0.000278764   0.00172449   0.000792807   0.000707571   0.000452154   -0.0018635   0.00113182
9.385   -0.00014528   0.000559983   -0.00124549   0.00159256   -0.000215671   0.000908885   0.00139885   0.00227388
9.385   -0.000175304   0.00024577   -0.00101928   0.000698942   6.72293e-05   0.000399122   0.00112182   0.000998086
9.385   0.000102904   0.000412939   0.000283531   0.00117394   3.51131e-06   0.000677348   -0.000336263   0.00168018
11.475   0.000916891   1.8454e-05   1.5505e-05   3.51463e-05   -0.000850251   3.12789e-05   0.000291834   5.06009e-05
11.475   -0.000311371   3.35975e-05   0.00110554   5.76418e-05   0.000920011   6.10759e-05   -0.000947064   8.32229e-05
11.475   0.000150096   4.42578e-05   3.06243e-05   7.10149e-05   0.00044328   8.5149e-05   0.000916565   0.000104773
11.475   -0.000309046   5.13679e-05   -0.00069523   8.33642e-05   0.000651208   0.000107415   0.00128201   0.000129203
11.475   -0.000334036   3.99771e-05   0.000687828   6.80682e-05   0.000291445   0.000105426   -0.0012341   0.000125593
11.475   0.000259465   4.38109e-05   -7.4123e-05   7.65263e-05   -0.000343716   0.000117069   0.000103799   0.000138784
13.52   0.00079094   3.7204e-05   0.000179839   7.17007e-05   -0.000651926   6.60422e-05   0.000102142   0.00010473
13.52   -0.000408595   6.60868e-05   0.000714387   0.000108094   0.00107348   0.000118743   -0.00044863   0.000159683
13.52   0.000306729   8.43256e-05   -0.000655069   0.000129508   0.000548679   0.000151256   0.00217466   0.000191902
13.52   -0.000147186   9.8444e-05   7.3194e-05   0.000148612   0.000856915   0.000175746   0.000956425   0.000217579
13.52   -0.000320594   8.32053e-05   0.00154412   0.000141608   8.80896e-05   0.000159843   -0.00254916   0.000199165
13.52   0.000348034   8.90092e-05   -0.000467206   0.000146594   -0.000754352   0.000164186   0.000119422   0.000205899
15.09   0.00070957   2.09839e-05   0.000178518   4.13157e-05   -0.000542353   3.80012e-05   4.01299e-05   6.07163e-05
15.09   -0.000249259   3.74855e-05   0.000584222   6.12568e-05   0.000871028   6.79777e-05   -0.000187016   9.13015e-05
15.09   0.000169151   4.79348e-05   0.000190641   7.35218e-05   0.000366579   8.73371e-05   0.000450453   0.000109248
15.09   -4.6225e-05   5.54509e-05   8.66447e-05   8.30612e-05   0.000332146   9.95883e-05   0.000398988   0.000120702
15.09   -0.000151919   4.78457e-05   0.000322889   8.04538e-05   0.000581372   9.37184e-05   0.00018725   0.000112428
15.09   2.98935e-05   5.09485e-05   -0.000182872   8.40587e-05   7.46424e-05   9.89402e-05   0.000187683   0.000116512
17.5   0.000686781   1.82808e-05   0.000231503   3.02824e-05   -0.000539269   2.93596e-05   -0.000141537   3.74905e-05
17.5   -0.000168763   3.41044e-05   0.000168717   4.94989e-05   0.000536504   5.27727e-05   0.000175416   5.90231e-05
17.5   -4.72551e-05   4.57605e-05   0.000339579   6.16293e-05   0.000413333   6.76051e-05   5.13282e-05   7.10474e-05
17.5   0.000255398   5.41995e-05   0.000509401   7.22131e-05   -0.000164277   7.90115e-05   -0.000383525   8.17147e-05
17.5   -7.34493e-05   4.60214e-05   7.3441e-05   6.9863e-05   0.000563188   7.5381e-05   0.000408777   7.70226e-05
17.5   -0.000257749   4.96054e-05   -0.000636321   7.50794e-05   0.000312607   8.11122e-05   0.000679393   8.16662e-05
