1.5   0.00749926   0.000115419   -0.000234548   0.000369767   -0.016925   0.000401545   0.000219286   0.000986938   0.00960247   0.000309448   1.28178e-05   0.000637214
1.5   0.00699192   0.000125482   0.000144805   0.000391033   -0.0163484   0.000367172   -0.000445596   0.000979289   0.00962668   0.000259479   0.000299257   0.000599197
1.5   0.00625912   0.000161829   0.000411491   0.000470175   -0.0152686   0.000415923   -0.00113147   0.00113831   0.00937399   0.000264518   0.000716833   0.00067248
1.5   0.00485015   9.05514e-05   -0.000965269   0.000291316   -0.0114155   0.000256962   0.002069   0.000722155   0.00674394   0.000178664   -0.0011023   0.00043746
1.5   0.00169062   4.92973e-05   -8.77435e-05   0.000166381   -0.00335401   0.000186979   0.00016693   0.000457686   0.0016728   0.00014988   -7.91574e-05   0.00030275
3.15   0.00702219   9.27057e-05   -0.000145063   0.000315313   -0.012271   0.000677165   0.000685274   0.00125722   0.00526983   0.000817552   -0.000541848   0.00117282
3.15   0.00668962   9.19603e-05   5.739e-05   0.000312624   -0.0123225   0.000347752   -0.000177491   0.00085728   0.00565199   0.000277428   0.00011952   0.000565177
3.15   0.00568621   0.000126148   -0.000272711   0.000414676   -0.010128   0.000435941   0.000786893   0.00109609   0.0044631   0.000336346   -0.000511816   0.000703665
3.15   0.00433505   6.47861e-05   0.000237741   0.000226305   -0.00687093   0.00029222   -0.000613979   0.000683813   0.00256262   0.000244165   0.000374864   0.000477941
3.15   0.00147853   3.37598e-05   -8.36566e-05   0.000123737   -0.00156601   0.000175821   0.000405892   0.000413485   0.00011024   0.000151421   -0.000319969   0.000302788
5.15   0.00604148   8.94239e-05   -1.82294e-05   0.000342404   -0.00497734   0.00048216   -0.000261895   0.0011499   -0.000984928   0.000417292   0.00027719   0.000843518
5.15   0.00569662   0.000100024   0.000203073   0.000351676   -0.0058074   0.00046997   -0.00116706   0.00107975   0.000175233   0.000395678   0.000956361   0.000761564
5.15   0.00475736   0.000122823   0.00100062   0.000416887   -0.00445589   0.000517872   -0.00252152   0.00120395   -0.000242234   0.000425255   0.00151561   0.000821704
5.15   0.00365257   7.95512e-05   0.00119285   0.000310654   -0.00212957   0.000604939   -0.00206311   0.00128791   -0.00140337   0.00074964   0.000814587   0.00119568
5.15   0.00129636   4.24331e-05   6.14078e-05   0.000170874   -0.000334699   0.00033213   0.000527539   0.000756421   -0.000667298   0.000425389   -0.000506899   0.000714784
7.34   0.00527746   7.32597e-05   0.000584527   0.000324606   -0.000765554   0.00057601   -0.00436729   0.00148124   -0.00367649   0.000723141   0.00429103   0.0013838
7.34   0.00484897   7.80266e-05   0.000189427   0.000262883   0.000125673   0.000626452   -0.00129196   0.00104606   -0.00462894   0.000795688   0.000943419   0.00101953
7.34   0.00400741   8.59762e-05   0.000456258   0.000398997   0.000974809   0.000645157   -0.00103482   0.00170806   -0.00465785   0.000780916   0.000714316   0.00154978
7.34   0.00305461   5.51316e-05   0.00083043   0.000218574   0.000911249   0.000438596   0.000366624   0.000922991   -0.00314417   0.000562721   -0.00182819   0.000871625
7.34   0.00113436   3.12278e-05   0.000152221   0.000130661   9.26306e-05   0.000245753   0.000491931   0.000597515   -0.000822311   0.000313736   -0.000744767   0.000564603
9.385   0   0   0   0   0   0   0   0   0   0   0   0
9.385   0   0   0   0   0   0   0   0   0   0   0   0
9.385   0   0   0   0   0   0   0   0   0   0   0   0
9.385   0   0   0   0   0   0   0   0   0   0   0   0
9.385   0   0   0   0   0   0   0   0   0   0   0   0
11.475   0.00367379   5.83795e-05   7.44693e-05   0.000282712   0.00145452   0.00046602   0.00037475   0.00135982   -0.00184749   0.000594465   -0.00107003   0.00127419
11.475   0.00349471   5.68885e-05   0.00034939   0.000199649   0.00172358   0.000475139   -0.00126597   0.000836068   -0.00190979   0.000632277   0.00150828   0.000829236
11.475   0.00304688   5.59879e-05   0.000731067   0.0001971   0.000922169   0.000362646   -0.000962791   0.000725451   -0.000763084   0.000321846   0.000626704   0.000561955
11.475   0.0022662   4.04208e-05   0.00116872   0.000159216   0.000953454   0.000250066   -0.00208814   0.000600572   -0.000862262   0.000220427   0.00126321   0.000459172
11.475   0.000903551   2.87666e-05   0.000333893   0.00019023   0.000186098   0.000233057   -0.000606512   0.0010804   -0.000270628   0.000306904   0.000571281   0.00115872
13.52   0   0   0   0   0   0   0   0   0   0   0   0
13.52   0   0   0   0   0   0   0   0   0   0   0   0
13.52   0   0   0   0   0   0   0   0   0   0   0   0
13.52   0   0   0   0   0   0   0   0   0   0   0   0
13.52   0   0   0   0   0   0   0   0   0   0   0   0
15.09   0.00316268   7.23713e-05   0.000301548   0.000315598   0.00190208   0.000597346   0.000288088   0.00144366   -0.000163697   0.0008057   -0.000499762   0.00137926
15.09   0.00346301   7.12993e-05   0.000243597   0.000470844   0.0019374   0.000604314   -0.00108539   0.00269647   0.000260005   0.000819707   0.00142749   0.00291433
15.09   0.00308386   7.26938e-05   0.00072681   0.000479861   0.0021122   0.000623654   -0.000848267   0.00275625   -0.0011167   0.000827422   0.000825767   0.00297667
15.09   0.00248813   6.01401e-05   0.000774154   0.000285634   0.000585352   0.00045505   -0.00101646   0.00135015   -7.2781e-05   0.000562167   0.000447593   0.00124989
15.09   0.00128494   4.895e-05   -9.75543e-05   0.000205477   4.07451e-05   0.000387595   0.000725705   0.000930784   0.000205633   0.00050562   -0.000560533   0.000881011
17.5   0.00250832   6.14279e-05   -0.000121511   0.000265744   0.00183024   0.000505669   0.00128779   0.00121358   -0.000566325   0.000668099   -0.000745492   0.00115619
17.5   0.00339414   6.46034e-05   0.000415995   0.000309645   0.00206698   0.000487412   -0.00118066   0.00141853   -0.000390102   0.000596343   0.00113569   0.00130279
17.5   0.00348847   7.32309e-05   0.000618596   0.000484409   0.00109917   0.000587201   -0.000874147   0.00274721   -2.08066e-05   0.000750593   0.000201798   0.00293594
17.5   0.00299636   6.07101e-05   0.000543634   0.000218095   6.53337e-05   0.000351054   -0.00117825   0.000786799   0.000184037   0.000305361   0.000584962   0.000594244
17.5   0.00219424   6.21881e-05   -0.000385878   0.000249796   1.38876e-05   0.000380009   0.00153889   0.000978072   0.000109611   0.000333239   -0.000833273   0.000752336
