1.5   1.04976e-09   1.01865e-10   -1.24841e-09   1.1886e-11   2.25287e-10   -6.82265e-11   -2.49238e-10   1.50534e-10   -1.00742e-09   -1.45697e-10   6.28713e-10   -3.03535e-10   3.95406e-11   -1.56202e-11   -7.06739e-12   6.51061e-11   -9.15626e-11   8.28683e-11   7.03716e-10   2.14396e-10   -2.32724e-10   3.29392e-11   2.03293e-10   -1.36055e-10
1.5   1.01865e-10   2.36679e-09   8.20724e-11   -2.88058e-09   -9.22389e-11   2.13496e-10   1.15252e-10   -3.03158e-10   -1.24888e-10   -1.4607e-09   -3.34437e-10   9.61743e-10   -8.9513e-12   9.58594e-11   4.04278e-11   -6.06011e-11   3.53798e-11   -8.55654e-10   2.1051e-10   1.83898e-09   8.60152e-11   -1.84986e-10   -1.27158e-10   1.82248e-10
1.5   -1.24841e-09   8.20724e-11   2.28439e-09   3.61538e-10   -3.25169e-10   5.8519e-11   2.4168e-10   -3.02922e-10   8.50821e-10   -2.58186e-10   -2.00894e-09   -2.65769e-10   -4.30343e-11   4.43643e-11   2.85012e-11   -7.07726e-11   4.62083e-10   1.1373e-10   -3.97175e-10   -1.85538e-11   3.25943e-10   -2.49833e-11   -2.03375e-10   2.50095e-10
1.5   1.1886e-11   -2.88058e-09   3.61538e-10   4.62819e-09   1.18031e-10   -3.42961e-10   -2.82881e-10   3.16649e-10   -2.09345e-10   1.07146e-09   -3.29993e-10   -2.74912e-09   3.17366e-11   -1.08265e-10   -3.02026e-11   1.11604e-10   1.79496e-10   1.72931e-09   -1.81308e-11   -1.7615e-09   -1.25013e-10   2.83745e-10   2.64551e-10   -1.86639e-10
1.5   2.25287e-10   -9.22389e-11   -3.25169e-10   1.18031e-10   1.92482e-09   2.12889e-10   -1.80142e-09   9.88547e-11   1.22721e-10   -6.43063e-11   -9.55608e-11   7.37874e-11   -1.84003e-09   -2.52134e-10   3.75673e-10   -4.68972e-10   -2.90512e-10   7.58951e-11   3.19878e-10   -7.33978e-11   -1.27987e-10   8.55611e-11   1.47246e-09   2.75201e-10
1.5   -6.82265e-11   2.13496e-10   5.8519e-11   -3.42961e-10   2.12889e-10   4.33223e-09   3.13324e-10   -4.26102e-09   -8.47472e-11   9.7641e-11   -6.45267e-11   -2.70884e-10   -2.60596e-10   -3.09205e-09   -5.95704e-10   5.19763e-10   1.36084e-10   -1.12154e-10   2.51348e-11   3.10676e-10   5.88395e-11   -1.086e-09   2.33529e-10   3.45956e-09
1.5   -2.49238e-10   1.15252e-10   2.4168e-10   -2.82881e-10   -1.80142e-09   3.13324e-10   4.76697e-09   9.15182e-10   -2.99923e-10   -1.38028e-10   -2.62886e-10   -5.15183e-10   5.88156e-10   -5.90889e-10   -4.69172e-09   -7.44605e-10   4.91112e-10   1.61248e-10   8.49059e-11   5.5201e-10   1.26288e-09   1.91149e-10   -2.37433e-10   -7.20781e-11
1.5   1.50534e-10   -3.03158e-10   -3.02922e-10   3.16649e-10   9.88547e-11   -4.26102e-09   9.15182e-10   8.66643e-09   -3.10668e-11   -3.89791e-10   -3.71005e-10   -9.47144e-11   -4.24067e-10   6.37859e-10   -7.7636e-10   -6.23106e-09   -7.21508e-11   4.52771e-10   5.60741e-10   9.81828e-11   2.97574e-10   3.37923e-09   -1.22691e-10   -2.15175e-09
1.5   -1.00742e-09   -1.24888e-10   8.50821e-10   -2.09345e-10   1.22721e-10   -8.47472e-11   -2.99923e-10   -3.10668e-11   3.46723e-09   5.12762e-10   -2.36871e-09   7.60025e-10   9.33926e-12   -1.03016e-10   -1.42463e-10   -1.19339e-10   -2.38466e-09   -3.75962e-10   1.27104e-09   -5.12627e-10   -1.01574e-10   1.63924e-10   3.75106e-10   1.6826e-10
1.5   -1.45697e-10   -1.4607e-09   -2.58186e-10   1.07146e-09   -6.43063e-11   9.7641e-11   -1.38028e-10   -3.89791e-10   5.12762e-10   6.46926e-09   1.13297e-09   -4.53199e-09   -8.27988e-11   -3.13548e-11   -1.9819e-10   -2.64252e-10   -3.76985e-10   -4.41064e-09   -7.78574e-10   2.36693e-09   1.46901e-10   4.69183e-11   3.11229e-10   4.62544e-10
1.5   6.28713e-10   -3.34437e-10   -2.00894e-09   -3.29993e-10   -9.55608e-11   -6.45267e-11   -2.62886e-10   -3.71005e-10   -2.36871e-09   1.13297e-09   8.64906e-09   1.87236e-09   -1.2079e-10   -1.7579e-10   -2.82951e-10   -3.9011e-10   1.64286e-09   -8.55237e-10   -6.67951e-09   -1.32157e-09   2.17062e-10   2.95248e-10   5.05581e-10   6.33625e-10
1.5   -3.03535e-10   9.61743e-10   -2.65769e-10   -2.74912e-09   7.37874e-11   -2.70884e-10   -5.15183e-10   -9.47144e-11   7.60025e-10   -4.53199e-09   1.87236e-09   1.2943e-08   -8.54437e-11   -2.46587e-10   -3.72903e-10   -2.63372e-10   -4.9882e-10   2.69658e-09   -1.40125e-09   -9.20523e-09   4.57052e-11   4.44475e-10   7.84355e-10   4.21713e-10
1.5   3.95406e-11   -8.9513e-12   -4.30343e-11   3.17366e-11   -1.84003e-09   -2.60596e-10   5.88156e-10   -4.24067e-10   9.33926e-12   -8.27988e-11   -1.2079e-10   -8.54437e-11   5.1647e-09   6.87693e-10   -1.5064e-09   1.04607e-09   -3.17733e-11   7.32799e-11   1.25794e-10   6.93185e-11   -3.21901e-09   -4.19194e-10   6.84318e-10   -5.64038e-10
1.5   -1.56202e-11   9.58594e-11   4.43643e-11   -1.08265e-10   -2.52134e-10   -3.09205e-09   -5.90889e-10   6.37859e-10   -1.03016e-10   -3.13548e-11   -1.7579e-10   -2.46587e-10   6.87693e-10   1.00309e-08   1.50835e-09   -3.2129e-09   1.13081e-10   2.31452e-11   1.21764e-10   2.08347e-10   -4.41109e-10   -6.23393e-09   -8.10228e-10   1.42904e-09
1.5   -7.06739e-12   4.04278e-11   2.85012e-11   -3.02026e-11   3.75673e-10   -5.95704e-10   -4.69172e-09   -7.7636e-10   -1.42463e-10   -1.9819e-10   -2.82951e-10   -3.72903e-10   -1.5064e-09   1.50835e-09   1.43534e-08   2.3856e-09   1.474e-10   1.86553e-10   2.28805e-10   3.23286e-10   1.01082e-09   -9.39307e-10   -9.53581e-09   -1.4083e-09
1.5   6.51061e-11   -6.06011e-11   -7.07726e-11   1.11604e-10   -4.68972e-10   5.19763e-10   -7.44605e-10   -6.23106e-09   -1.19339e-10   -2.64252e-10   -3.9011e-10   -2.63372e-10   1.04607e-09   -3.2129e-09   2.3856e-09   2.06142e-08   7.44583e-11   2.57233e-10   3.89301e-10   2.16243e-10   -6.03606e-10   1.7297e-09   -1.43881e-09   -1.31056e-08
1.5   -9.15626e-11   3.53798e-11   4.62083e-10   1.79496e-10   -2.90512e-10   1.36084e-10   4.91112e-10   -7.21508e-11   -2.38466e-09   -3.76985e-10   1.64286e-09   -4.9882e-10   -3.17733e-11   1.13081e-10   1.474e-10   7.44583e-11   2.73662e-09   3.02717e-10   -2.38168e-09   3.37056e-10   2.68948e-10   -1.89857e-10   -5.33037e-10   -7.5407e-11
1.5   8.28683e-11   -8.55654e-10   1.1373e-10   1.72931e-09   7.58951e-11   -1.12154e-10   1.61248e-10   4.52771e-10   -3.75962e-10   -4.41064e-09   -8.55237e-10   2.69658e-09   7.32799e-11   2.31452e-11   1.86553e-10   2.57233e-10   3.02717e-10   6.65985e-09   6.62276e-10   -6.11149e-09   -1.49347e-10   -3.43147e-11   -3.21952e-10   -5.02947e-10
1.5   7.03716e-10   2.1051e-10   -3.97175e-10   -1.81308e-11   3.19878e-10   2.51348e-11   8.49059e-11   5.60741e-10   1.27104e-09   -7.78574e-10   -6.67951e-09   -1.40125e-09   1.25794e-10   1.21764e-10   2.28805e-10   3.89301e-10   -2.38168e-09   6.62276e-10   8.26859e-09   1.18138e-09   -4.18425e-10   -2.50116e-10   -3.21382e-10   -7.49936e-10
1.5   2.14396e-10   1.83898e-09   -1.85538e-11   -1.7615e-09   -7.33978e-11   3.10676e-10   5.5201e-10   9.81828e-11   -5.12627e-10   2.36693e-09   -1.32157e-09   -9.20523e-09   6.93185e-11   2.08347e-10   3.23286e-10   2.16243e-10   3.37056e-10   -6.11149e-09   1.18138e-09   1.43707e-08   -2.97969e-11   -4.43286e-10   -7.74451e-10   -3.84933e-10
1.5   -2.32724e-10   8.60152e-11   3.25943e-10   -1.25013e-10   -1.27987e-10   5.88395e-11   1.26288e-09   2.97574e-10   -1.01574e-10   1.46901e-10   2.17062e-10   4.57052e-11   -3.21901e-09   -4.41109e-10   1.01082e-09   -6.03606e-10   2.68948e-10   -1.49347e-10   -4.18425e-10   -2.97969e-11   3.57711e-09   3.37491e-10   -2.53858e-09   3.26902e-10
1.5   3.29392e-11   -1.84986e-10   -2.49833e-11   2.83745e-10   8.55611e-11   -1.086e-09   1.91149e-10   3.37923e-09   1.63924e-10   4.69183e-11   2.95248e-10   4.44475e-10   -4.19194e-10   -6.23393e-09   -9.39307e-10   1.7297e-09   -1.89857e-10   -3.43147e-11   -2.50116e-10   -4.43286e-10   3.37491e-10   8.60571e-09   6.70968e-10   -6.69328e-09
1.5   2.03293e-10   -1.27158e-10   -2.03375e-10   2.64551e-10   1.47246e-09   2.33529e-10   -2.37433e-10   -1.22691e-10   3.75106e-10   3.11229e-10   5.05581e-10   7.84355e-10   6.84318e-10   -8.10228e-10   -9.53581e-09   -1.43881e-09   -5.33037e-10   -3.21952e-10   -3.21382e-10   -7.74451e-10   -2.53858e-09   6.70968e-10   1.08758e-08   1.30514e-09
1.5   -1.36055e-10   1.82248e-10   2.50095e-10   -1.86639e-10   2.75201e-10   3.45956e-09   -7.20781e-11   -2.15175e-09   1.6826e-10   4.62544e-10   6.33625e-10   4.21713e-10   -5.64038e-10   1.42904e-09   -1.4083e-09   -1.31056e-08   -7.5407e-11   -5.02947e-10   -7.49936e-10   -3.84933e-10   3.26902e-10   -6.69328e-09   1.30514e-09   1.84485e-08
3.15   3.36665e-09   -1.15458e-09   -4.69993e-09   1.56644e-09   1.2492e-09   -9.95701e-10   -1.71893e-09   1.38666e-09   -9.92451e-09   2.82362e-09   1.38779e-08   -3.79865e-09   -3.77896e-09   2.85044e-09   5.20065e-09   -3.97313e-09   6.5486e-09   -1.66807e-09   -9.16796e-09   2.23107e-09   2.51693e-09   -1.84611e-09   -3.46406e-09   2.57442e-09
3.15   -1.15458e-09   2.74429e-08   1.56644e-09   -3.80389e-08   -9.95966e-10   1.02076e-08   1.38704e-09   -1.41142e-08   2.82359e-09   -8.08759e-08   -3.79859e-09   1.12135e-07   2.85118e-09   -3.08784e-08   -3.97419e-09   4.2697e-08   -1.66804e-09   5.33546e-08   2.23101e-09   -7.39914e-08   -1.84658e-09   2.0566e-08   2.5751e-09   -2.84378e-08
3.15   -4.69993e-09   1.56644e-09   6.83336e-09   -1.91014e-09   -1.71893e-09   1.38666e-09   2.29691e-09   -1.9889e-09   1.38779e-08   -3.79864e-09   -2.0364e-08   4.36397e-09   5.20065e-09   -3.97311e-09   -6.95527e-09   5.72679e-09   -9.16796e-09   2.23106e-09   1.35395e-08   -2.45386e-09   -3.46406e-09   2.57441e-09   4.63469e-09   -3.72033e-09
3.15   1.56644e-09   -3.80389e-08   -1.91014e-09   5.31033e-08   1.38703e-09   -1.41142e-08   -1.98943e-09   1.94214e-08   -3.79861e-09   1.12135e-07   4.3639e-09   -1.56804e-07   -3.97415e-09   4.26971e-08   5.72828e-09   -5.87601e-08   2.23102e-09   -7.39914e-08   -2.45378e-09   1.03587e-07   2.57507e-09   -2.84379e-08   -3.72129e-09   3.91391e-08
3.15   1.2492e-09   -9.95966e-10   -1.71893e-09   1.38703e-09   4.03583e-08   -6.96004e-09   -5.63961e-08   9.23115e-09   -3.89369e-09   2.94454e-09   5.36864e-09   -4.10167e-09   -1.07098e-07   1.63833e-08   1.49748e-07   -2.15444e-08   2.62202e-09   -1.9365e-09   -3.61995e-09   2.69774e-09   6.65213e-08   -9.39816e-09   -9.30538e-08   1.22818e-08
3.15   -9.95701e-10   1.02076e-08   1.38666e-09   -1.41142e-08   -6.96004e-09   3.28926e-07   9.23109e-09   -4.56005e-07   2.9434e-09   -3.18053e-08   -4.10006e-09   4.39927e-08   1.63832e-08   -8.72776e-07   -2.1544e-08   1.21009e-06   -1.93562e-09   2.1413e-08   2.69649e-09   -2.96247e-08   -9.398e-09   5.4206e-07   1.22814e-08   -7.51616e-07
3.15   -1.71893e-09   1.38704e-09   2.29691e-09   -1.98943e-09   -5.63961e-08   9.23109e-09   8.24397e-08   -9.49369e-09   5.36863e-09   -4.10173e-09   -7.26286e-09   5.89087e-09   1.49748e-07   -2.15443e-08   -2.19634e-07   2.05818e-08   -3.61994e-09   2.69778e-09   4.93551e-09   -3.87654e-09   -9.30538e-08   1.22817e-08   1.36818e-07   -1.10714e-08
3.15   1.38666e-09   -1.41142e-08   -1.9889e-09   1.94214e-08   9.23115e-09   -4.56005e-07   -9.49369e-09   6.37214e-07   -4.1001e-09   4.39926e-08   5.88856e-09   -6.06572e-08   -2.15442e-08   1.21009e-06   2.05815e-08   -1.69199e-06   2.69652e-09   -2.96247e-08   -3.87474e-09   4.08995e-08   1.22815e-08   -7.51616e-07   -1.1071e-08   1.0514e-06
3.15   -9.92451e-09   2.82359e-09   1.38779e-08   -3.79861e-09   -3.89369e-09   2.9434e-09   5.36863e-09   -4.1001e-09   4.12532e-08   -3.69412e-09   -5.79749e-08   4.47343e-09   1.69075e-08   -1.02812e-08   -2.32978e-08   1.43759e-08   -3.14131e-08   9.06299e-10   4.42583e-08   -7.27121e-10   -1.29229e-08   7.29391e-09   1.78039e-08   -1.02141e-08
3.15   2.82362e-09   -8.08759e-08   -3.79864e-09   1.12135e-07   2.94454e-09   -3.18053e-08   -4.10173e-09   4.39926e-08   -3.69412e-09   3.35889e-07   4.47337e-09   -4.66112e-07   -1.02844e-08   1.38123e-07   1.43806e-08   -1.9103e-07   9.06263e-10   -2.55658e-07   -7.27014e-10   3.54931e-07   7.29599e-09   -1.05575e-07   -1.02171e-08   1.4601e-07
3.15   1.38779e-08   -3.79859e-09   -2.0364e-08   4.3639e-09   5.36864e-09   -4.10006e-09   -7.26286e-09   5.88856e-09   -5.79749e-08   4.47337e-09   8.74013e-08   -9.70758e-10   -2.32978e-08   1.43758e-08   3.14003e-08   -2.10879e-08   4.42583e-08   -7.27072e-10   -6.76238e-08   -3.29797e-09   1.78039e-08   -1.0214e-08   -2.39693e-08   1.51064e-08
3.15   -3.79865e-09   1.12135e-07   4.36397e-09   -1.56804e-07   -4.10167e-09   4.39927e-08   5.89087e-09   -6.06572e-08   4.47343e-09   -4.66112e-07   -9.70758e-10   6.55047e-07   1.43804e-08   -1.9103e-07   -2.10945e-08   2.63231e-07   -7.2707e-10   3.54931e-07   -3.29805e-09   -5.00066e-07   -1.0217e-08   1.46011e-07   1.51107e-08   -2.01159e-07
3.15   -3.77896e-09   2.85118e-09   5.20065e-09   -3.97415e-09   -1.07098e-07   1.63832e-08   1.49748e-07   -2.15442e-08   1.69075e-08   -1.02844e-08   -2.32978e-08   1.43804e-08   3.03945e-07   -3.24367e-08   -4.25617e-07   4.12365e-08   -1.30095e-08   7.38095e-09   1.79363e-08   -1.0332e-08   -1.96314e-07   1.60552e-08   2.75182e-07   -1.97085e-08
3.15   2.85044e-09   -3.08784e-08   -3.97311e-09   4.26971e-08   1.63833e-08   -8.72776e-07   -2.15443e-08   1.21009e-06   -1.02812e-08   1.38123e-07   1.43758e-08   -1.9103e-07   -3.24367e-08   2.47631e-06   4.1236e-08   -3.43424e-06   7.37844e-09   -1.06269e-07   -1.03284e-08   1.46989e-07   1.6055e-08   -1.59913e-06   -1.9708e-08   2.21812e-06
3.15   5.20065e-09   -3.97419e-09   -6.95527e-09   5.72828e-09   1.49748e-07   -2.1544e-08   -2.19634e-07   2.05815e-08   -2.32978e-08   1.43806e-08   3.14003e-08   -2.10945e-08   -4.25617e-07   4.1236e-08   6.29348e-07   -2.72058e-08   1.79363e-08   -1.03321e-08   -2.42545e-08   1.52482e-08   2.75182e-07   -1.97083e-08   -4.09178e-07   6.7609e-09
3.15   -3.97313e-09   4.2697e-08   5.72679e-09   -5.87601e-08   -2.15444e-08   1.21009e-06   2.05818e-08   -1.69199e-06   1.43759e-08   -1.9103e-07   -2.10879e-08   2.63231e-07   4.12365e-08   -3.43424e-06   -2.72058e-08   4.80899e-06   -1.03285e-08   1.46989e-07   1.5243e-08   -2.02654e-07   -1.97083e-08   2.21812e-06   6.76056e-09   -3.10924e-06
3.15   6.5486e-09   -1.66804e-09   -9.16796e-09   2.23102e-09   2.62202e-09   -1.93562e-09   -3.61994e-09   2.69652e-09   -3.14131e-08   9.06263e-10   4.42583e-08   -7.2707e-10   -1.30095e-08   7.37844e-09   1.79363e-08   -1.03285e-08   2.50978e-08   7.25541e-10   -3.54803e-08   -1.45187e-09   1.03102e-08   -5.40782e-09   -1.42098e-08   7.58269e-09
3.15   -1.66807e-09   5.33546e-08   2.23106e-09   -7.39914e-08   -1.9365e-09   2.1413e-08   2.69778e-09   -2.96247e-08   9.06299e-10   -2.55658e-07   -7.27072e-10   3.54931e-07   7.38095e-09   -1.06269e-07   -1.03321e-08   1.46989e-07   7.25541e-10   2.0414e-07   -1.45191e-09   -2.83575e-07   -5.40945e-09   8.42245e-08   7.58505e-09   -1.1649e-07
3.15   -9.16796e-09   2.23101e-09   1.35395e-08   -2.45378e-09   -3.61995e-09   2.69649e-09   4.93551e-09   -3.87474e-09   4.42583e-08   -7.27014e-10   -6.76238e-08   -3.29805e-09   1.79363e-08   -1.03284e-08   -2.42545e-08   1.5243e-08   -3.54803e-08   -1.45191e-09   5.51726e-08   5.66396e-09   -1.42099e-08   7.58262e-09   1.91757e-08   -1.12935e-08
3.15   2.23107e-09   -7.39914e-08   -2.45386e-09   1.03587e-07   2.69774e-09   -2.96247e-08   -3.87654e-09   4.08995e-08   -7.27121e-10   3.54931e-07   -3.29797e-09   -5.00066e-07   -1.0332e-08   1.46989e-07   1.52482e-08   -2.02654e-07   -1.45187e-09   -2.83575e-07   5.66396e-09   4.00885e-07   7.58495e-09   -1.1649e-07   -1.12969e-08   1.60551e-07
3.15   2.51693e-09   -1.84658e-09   -3.46406e-09   2.57507e-09   6.65213e-08   -9.398e-09   -9.30538e-08   1.22815e-08   -1.29229e-08   7.29599e-09   1.78039e-08   -1.0217e-08   -1.96314e-07   1.6055e-08   2.75182e-07   -1.97083e-08   1.03102e-08   -5.40945e-09   -1.42099e-08   7.58495e-09   1.29618e-07   -6.68331e-09   -1.81959e-07   7.47375e-09
3.15   -1.84611e-09   2.0566e-08   2.57441e-09   -2.84379e-08   -9.39816e-09   5.4206e-07   1.22817e-08   -7.51616e-07   7.29391e-09   -1.05575e-07   -1.0214e-08   1.46011e-07   1.60552e-08   -1.59913e-06   -1.97083e-08   2.21812e-06   -5.40782e-09   8.42245e-08   7.58262e-09   -1.1649e-07   -6.68331e-09   1.05557e-06   7.47358e-09   -1.46454e-06
3.15   -3.46406e-09   2.5751e-09   4.63469e-09   -3.72129e-09   -9.30538e-08   1.22814e-08   1.36818e-07   -1.1071e-08   1.78039e-08   -1.02171e-08   -2.39693e-08   1.51107e-08   2.75182e-07   -1.9708e-08   -4.09178e-07   6.76056e-09   -1.42098e-08   7.58505e-09   1.91757e-08   -1.12969e-08   -1.81959e-07   7.47358e-09   2.72715e-07   4.15887e-09
3.15   2.57442e-09   -2.84378e-08   -3.72033e-09   3.91391e-08   1.22818e-08   -7.51616e-07   -1.10714e-08   1.0514e-06   -1.02141e-08   1.4601e-07   1.51064e-08   -2.01159e-07   -1.97085e-08   2.21812e-06   6.7609e-09   -3.10924e-06   7.58269e-09   -1.1649e-07   -1.12935e-08   1.60551e-07   7.47375e-09   -1.46454e-06   4.15887e-09   2.05592e-06
5.15   3.55207e-09   -1.12721e-09   -4.98875e-09   1.50077e-09   -1.36565e-09   1.1454e-09   1.85924e-09   -1.62752e-09   -1.10922e-08   1.77273e-09   1.56401e-08   -2.208e-09   4.52821e-09   -2.55567e-09   -6.16287e-09   3.68074e-09   7.52045e-09   -6.56511e-10   -1.06241e-08   7.26073e-10   -3.14485e-09   1.40721e-09   4.28132e-09   -2.04631e-09
5.15   -1.12721e-09   2.89241e-08   1.50077e-09   -4.01336e-08   1.14539e-09   -1.11791e-08   -1.6275e-09   1.543e-08   1.77272e-09   -9.02612e-08   -2.20799e-09   1.25327e-07   -2.55564e-09   3.70696e-08   3.68069e-09   -5.11627e-08   -6.56505e-10   6.11763e-08   7.26063e-10   -8.49709e-08   1.40719e-09   -2.57437e-08   -2.04628e-09   3.55326e-08
5.15   -4.98875e-09   1.50077e-09   7.49579e-09   -1.59244e-09   1.85924e-09   -1.62752e-09   -2.32086e-09   2.59701e-09   1.56401e-08   -2.208e-09   -2.39948e-08   1.05116e-09   -6.16287e-09   3.68073e-09   7.67641e-09   -6.26574e-09   -1.06241e-08   7.26072e-10   1.64612e-08   4.85616e-10   4.28132e-09   -2.04631e-09   -5.34271e-09   3.63725e-09
5.15   1.50077e-09   -4.01336e-08   -1.59244e-09   5.63661e-08   -1.6275e-09   1.543e-08   2.59699e-09   -2.1007e-08   -2.20799e-09   1.25327e-07   1.05114e-09   -1.76712e-07   3.6807e-09   -5.11627e-08   -6.26568e-09   6.96321e-08   7.26065e-10   -8.49709e-08   4.85629e-10   1.20038e-07   -2.04628e-09   3.55326e-08   3.63721e-09   -4.83732e-08
5.15   -1.36565e-09   1.14539e-09   1.85924e-09   -1.6275e-09   4.57752e-08   -4.42723e-09   -6.43568e-08   5.30314e-09   4.98172e-09   -1.84662e-09   -6.84126e-09   2.63909e-09   -1.23832e-07   5.25101e-09   1.74383e-07   -4.7482e-09   -3.58527e-09   7.00596e-10   4.94927e-09   -9.9751e-10   7.77775e-08   -8.60655e-10   -1.0963e-07   -4.84689e-10
5.15   1.1454e-09   -1.11791e-08   -1.62752e-09   1.543e-08   -4.42723e-09   3.72675e-07   5.30314e-09   -5.17198e-07   -1.84665e-09   4.0721e-08   2.63912e-09   -5.62868e-08   5.25101e-09   -1.00788e-06   -4.74821e-09   1.39913e-06   7.00613e-10   -2.92806e-08   -9.97532e-10   4.05087e-08   -8.60658e-10   6.32939e-07   -4.84682e-10   -8.7878e-07
5.15   1.85924e-09   -1.6275e-09   -2.32086e-09   2.59699e-09   -6.43568e-08   5.30314e-09   9.72392e-08   -6.09273e-10   -6.84126e-09   2.63909e-09   9.02924e-09   -4.332e-09   1.74383e-07   -4.7482e-09   -2.65761e-07   -1.39966e-08   4.94927e-09   -9.97511e-10   -6.74375e-09   1.60782e-09   -1.0963e-07   -4.8469e-10   1.67892e-07   1.43518e-08
5.15   -1.62752e-09   1.543e-08   2.59701e-09   -2.1007e-08   5.30314e-09   -5.17198e-07   -6.09273e-10   7.27144e-07   2.63913e-09   -5.62868e-08   -4.33205e-09   7.72971e-08   -4.7482e-09   1.39913e-06   -1.39966e-08   -1.97029e-06   -9.97538e-10   4.05087e-08   1.60785e-09   -5.59201e-08   -4.84687e-10   -8.7878e-07   1.43518e-08   1.23867e-06
5.15   -1.10922e-08   1.77272e-09   1.56401e-08   -2.20799e-09   4.98172e-09   -1.84665e-09   -6.84126e-09   2.63913e-09   5.43382e-08   1.38999e-08   -7.73653e-08   -2.11731e-08   -2.60211e-08   -2.23916e-09   3.55201e-08   2.39096e-09   -4.32088e-08   -1.54642e-08   6.16871e-08   2.30533e-08   2.08823e-08   4.03043e-09   -2.84845e-08   -4.98129e-09
5.15   1.77273e-09   -9.02612e-08   -2.208e-09   1.25327e-07   -1.84662e-09   4.0721e-08   2.63909e-09   -5.62868e-08   1.38999e-08   4.41421e-07   -2.11731e-08   -6.13948e-07   -2.23925e-09   -2.12913e-07   2.39109e-09   2.94003e-07   -1.54642e-08   -3.50843e-07   2.30533e-08   4.88201e-07   4.03049e-09   1.70886e-07   -4.98138e-09   -2.35942e-07
5.15   1.56401e-08   -2.20799e-09   -2.39948e-08   1.05114e-09   -6.84126e-09   2.63912e-09   9.02924e-09   -4.33205e-09   -7.73653e-08   -2.11731e-08   1.24686e-07   4.50967e-08   3.55201e-08   2.39098e-09   -4.51202e-08   2.47216e-09   6.16871e-08   2.30533e-08   -1.00748e-07   -4.53731e-08   -2.84845e-08   -4.98131e-09   3.60093e-08   2.0198e-09
5.15   -2.208e-09   1.25327e-07   1.05116e-09   -1.76712e-07   2.63909e-09   -5.62868e-08   -4.332e-09   7.72971e-08   -2.11731e-08   -6.13948e-07   4.50967e-08   8.74124e-07   2.39109e-09   2.94003e-07   2.47199e-09   -4.0133e-07   2.30533e-08   4.88201e-07   -4.53731e-08   -6.96981e-07   -4.98138e-09   -2.35942e-07   2.01992e-09   3.21836e-07
5.15   4.52821e-09   -2.55564e-09   -6.16287e-09   3.6807e-09   -1.23832e-07   5.25101e-09   1.74383e-07   -4.7482e-09   -2.60211e-08   -2.23925e-09   3.55201e-08   2.39109e-09   3.68682e-07   3.06023e-08   -5.21241e-07   -5.19698e-08   2.12987e-08   4.73259e-09   -2.91441e-08   -6.05701e-09   -2.43998e-07   -3.54373e-08   3.45649e-07   5.60386e-08
5.15   -2.55567e-09   3.70696e-08   3.68073e-09   -5.11627e-08   5.25101e-09   -1.00788e-06   -4.7482e-09   1.39913e-06   -2.23916e-09   -2.12913e-07   2.39098e-09   2.94003e-07   3.06023e-08   2.99869e-06   -5.19698e-08   -4.1656e-06   4.73253e-09   1.74202e-07   -6.05694e-09   -2.40647e-07   -3.54373e-08   -1.98388e-06   5.60386e-08   2.75684e-06
5.15   -6.16287e-09   3.68069e-09   7.67641e-09   -6.26568e-09   1.74383e-07   -4.74821e-09   -2.65761e-07   -1.39966e-08   3.55201e-08   2.39109e-09   -4.51202e-08   2.47199e-09   -5.21241e-07   -5.19698e-08   8.10869e-07   1.5041e-07   -2.91441e-08   -6.05701e-09   3.76024e-08   4.35652e-09   3.45649e-07   5.60386e-08   -5.43197e-07   -1.34627e-07
5.15   3.68074e-09   -5.11627e-08   -6.26574e-09   6.96321e-08   -4.7482e-09   1.39913e-06   -1.39966e-08   -1.97029e-06   2.39096e-09   2.94003e-07   2.47216e-09   -4.0133e-07   -5.19698e-08   -4.1656e-06   1.5041e-07   5.88931e-06   -6.05692e-09   -2.40647e-07   4.35641e-09   3.29289e-07   5.60386e-08   2.75684e-06   -1.34627e-07   -3.90537e-06
5.15   7.52045e-09   -6.56505e-10   -1.06241e-08   7.26065e-10   -3.58527e-09   7.00613e-10   4.94927e-09   -9.97538e-10   -4.32088e-08   -1.54642e-08   6.16871e-08   2.30533e-08   2.12987e-08   4.73253e-09   -2.91441e-08   -6.05692e-09   3.58115e-08   1.59253e-08   -5.12727e-08   -2.34737e-08   -1.75755e-08   -5.3754e-09   2.40246e-08   6.99969e-09
5.15   -6.56511e-10   6.11763e-08   7.26072e-10   -8.49709e-08   7.00596e-10   -2.92806e-08   -9.97511e-10   4.05087e-08   -1.54642e-08   -3.50843e-07   2.30533e-08   4.88201e-07   4.73259e-09   1.74202e-07   -6.05701e-09   -2.40647e-07   1.59253e-08   2.90633e-07   -2.34737e-08   -4.04622e-07   -5.37544e-09   -1.43775e-07   6.99975e-09   1.98579e-07
5.15   -1.06241e-08   7.26063e-10   1.64612e-08   4.85629e-10   4.94927e-09   -9.97532e-10   -6.74375e-09   1.60785e-09   6.16871e-08   2.30533e-08   -1.00748e-07   -4.53731e-08   -2.91441e-08   -6.05694e-09   3.76024e-08   4.35641e-09   -5.12727e-08   -2.34737e-08   8.48971e-08   4.41773e-08   2.40246e-08   6.9997e-09   -3.07924e-08   -6.09373e-09
5.15   7.26073e-10   -8.49709e-08   4.85616e-10   1.20038e-07   -9.9751e-10   4.05087e-08   1.60782e-09   -5.59201e-08   2.30533e-08   4.88201e-07   -4.53731e-08   -6.96981e-07   -6.05701e-09   -2.40647e-07   4.35652e-09   3.29289e-07   -2.34737e-08   -4.04622e-07   4.41773e-08   5.79312e-07   6.99975e-09   1.98579e-07   -6.09381e-09   -2.71445e-07
5.15   -3.14485e-09   1.40719e-09   4.28132e-09   -2.04628e-09   7.77775e-08   -8.60658e-10   -1.0963e-07   -4.84687e-10   2.08823e-08   4.03049e-09   -2.84845e-08   -4.98138e-09   -2.43998e-07   -3.54373e-08   3.45649e-07   5.60386e-08   -1.75755e-08   -5.37544e-09   2.40246e-08   6.99975e-09   1.65789e-07   3.59221e-08   -2.3543e-07   -5.49496e-08
5.15   1.40721e-09   -2.57437e-08   -2.04631e-09   3.55326e-08   -8.60655e-10   6.32939e-07   -4.8469e-10   -8.7878e-07   4.03043e-09   1.70886e-07   -4.98131e-09   -2.35942e-07   -3.54373e-08   -1.98388e-06   5.60386e-08   2.75684e-06   -5.3754e-09   -1.43775e-07   6.9997e-09   1.98579e-07   3.59221e-08   1.34741e-06   -5.49496e-08   -1.87319e-06
5.15   4.28132e-09   -2.04628e-09   -5.34271e-09   3.63721e-09   -1.0963e-07   -4.84682e-10   1.67892e-07   1.43518e-08   -2.84845e-08   -4.98138e-09   3.60093e-08   2.01992e-09   3.45649e-07   5.60386e-08   -5.43197e-07   -1.34627e-07   2.40246e-08   6.99975e-09   -3.07924e-08   -6.09381e-09   -2.3543e-07   -5.49496e-08   3.74543e-07   1.18752e-07
5.15   -2.04631e-09   3.55326e-08   3.63725e-09   -4.83732e-08   -4.84689e-10   -8.7878e-07   1.43518e-08   1.23867e-06   -4.98129e-09   -2.35942e-07   2.0198e-09   3.21836e-07   5.60386e-08   2.75684e-06   -1.34627e-07   -3.90537e-06   6.99969e-09   1.98579e-07   -6.09373e-09   -2.71445e-07   -5.49496e-08   -1.87319e-06   1.18752e-07   2.66004e-06
7.34   1.56939e-09   -3.40412e-10   -2.23649e-09   4.29674e-10   -1.60214e-09   1.15402e-09   2.1829e-09   -1.67199e-09   -5.75007e-09   5.22939e-10   8.28839e-09   -6.02908e-10   5.70514e-09   -3.25627e-09   -7.81438e-09   4.86924e-09   4.17686e-09   -1.94333e-10   -6.08742e-09   2.42537e-10   -4.08477e-09   2.0999e-09   5.65209e-09   -3.24054e-09
7.34   -3.40412e-10   1.2747e-08   4.29673e-10   -1.77319e-08   1.15402e-09   -1.31133e-08   -1.67199e-09   1.8102e-08   5.22939e-10   -4.66096e-08   -6.02905e-10   6.4968e-08   -3.25627e-09   4.66547e-08   4.86924e-09   -6.44604e-08   -1.94332e-10   3.37906e-08   2.42535e-10   -4.71929e-08   2.0999e-09   -3.33467e-08   -3.24054e-09   4.61524e-08
7.34   -2.23649e-09   4.29673e-10   3.62061e-09   -2.56046e-10   2.1829e-09   -1.67199e-09   -2.73889e-09   2.92417e-09   8.28839e-09   -6.02906e-10   -1.41642e-08   -1.52339e-10   -7.81438e-09   4.86924e-09   1.01463e-08   -9.69691e-09   -6.08742e-09   2.42535e-10   1.09259e-08   -1.19883e-10   5.65209e-09   -3.24054e-09   -7.81016e-09   7.21257e-09
7.34   4.29674e-10   -1.77319e-08   -2.56046e-10   2.52693e-08   -1.67199e-09   1.8102e-08   2.92417e-09   -2.46638e-08   -6.02906e-10   6.4968e-08   -1.5234e-10   -9.36476e-08   4.86924e-09   -6.44604e-08   -9.69692e-09   8.8292e-08   2.42536e-10   -4.71929e-08   -1.19883e-10   6.87797e-08   -3.24054e-09   4.61524e-08   7.21258e-09   -6.3861e-08
7.34   -1.60214e-09   1.15402e-09   2.1829e-09   -1.67199e-09   2.02204e-08   -5.26813e-10   -2.88076e-08   9.82067e-11   5.52428e-09   -2.85973e-09   -7.70189e-09   4.35617e-09   -5.63909e-08   -2.83419e-09   8.06678e-08   5.67519e-09   -3.88398e-09   1.70201e-09   5.57138e-09   -2.77633e-09   3.60709e-08   3.30386e-09   -5.18135e-08   -5.56327e-09
7.34   1.15402e-09   -1.31133e-08   -1.67199e-09   1.8102e-08   -5.26813e-10   1.64243e-07   9.8206e-11   -2.28463e-07   -2.85972e-09   4.50405e-08   4.35615e-09   -6.2417e-08   -2.8342e-09   -4.57716e-07   5.6752e-09   6.3714e-07   1.702e-09   -3.15104e-08   -2.77632e-09   4.38837e-08   3.30387e-09   2.92568e-07   -5.56327e-09   -4.07552e-07
7.34   2.1829e-09   -1.67199e-09   -2.73889e-09   2.92417e-09   -2.88076e-08   9.8206e-11   4.65739e-08   5.01464e-09   -7.70189e-09   4.35617e-09   1.11158e-08   -9.27875e-09   8.06678e-08   5.67519e-09   -1.33024e-07   -2.21605e-08   5.57138e-09   -2.77633e-09   -9.30827e-09   7.27618e-09   -5.18135e-08   -5.56327e-09   8.71294e-08   1.57853e-08
7.34   -1.67199e-09   1.8102e-08   2.92417e-09   -2.46638e-08   9.82067e-11   -2.28463e-07   5.01464e-09   3.25487e-07   4.35614e-09   -6.2417e-08   -9.27872e-09   8.7021e-08   5.6752e-09   6.3714e-07   -2.21605e-08   -9.11437e-07   -2.77631e-09   4.38837e-08   7.27615e-09   -6.29491e-08   -5.56328e-09   -4.07552e-07   1.57853e-08   5.85422e-07
7.34   -5.75007e-09   5.22939e-10   8.28839e-09   -6.02906e-10   5.52428e-09   -2.85972e-09   -7.70189e-09   4.35614e-09   3.92658e-08   4.82748e-09   -5.75842e-08   -7.31127e-09   -3.67598e-08   1.04636e-08   5.10418e-08   -1.7968e-08   -3.35795e-08   -5.16119e-09   4.99678e-08   6.91932e-09   3.10739e-08   -7.65807e-09   -4.37533e-08   1.43486e-08
7.34   5.22939e-10   -4.66096e-08   -6.02906e-10   6.4968e-08   -2.85973e-09   4.50405e-08   4.35617e-09   -6.2417e-08   4.82748e-09   3.173e-07   -7.31128e-09   -4.4365e-07   1.04637e-08   -2.99918e-07   -1.79681e-08   4.15337e-07   -5.16119e-09   -2.70628e-07   6.91933e-09   3.79403e-07   -7.65811e-09   2.5292e-07   1.43486e-08   -3.51093e-07
7.34   8.28839e-09   -6.02905e-10   -1.41642e-08   -1.5234e-10   -7.70189e-09   4.35615e-09   1.11158e-08   -9.27872e-09   -5.75842e-08   -7.31128e-09   1.06127e-07   1.52594e-08   5.10418e-08   -1.7968e-08   -7.19775e-08   5.33222e-08   4.99678e-08   6.91933e-09   -9.76571e-08   -7.74674e-09   -4.37533e-08   1.43486e-08   6.66353e-08   -5.0465e-08
7.34   -6.02908e-10   6.4968e-08   -1.52339e-10   -9.36476e-08   4.35617e-09   -6.2417e-08   -9.27875e-09   8.7021e-08   -7.31127e-09   -4.4365e-07   1.52594e-08   6.50624e-07   -1.79681e-08   4.15337e-07   5.33223e-08   -5.76703e-07   6.91932e-09   3.79403e-07   -7.74673e-09   -5.64569e-07   1.43486e-08   -3.51093e-07   -5.04652e-08   4.94353e-07
7.34   5.70514e-09   -3.25627e-09   -7.81438e-09   4.86924e-09   -5.63909e-08   -2.8342e-09   8.06678e-08   5.6752e-09   -3.67598e-08   1.04637e-08   5.10418e-08   -1.79681e-08   1.90083e-07   3.08642e-08   -2.74308e-07   -4.88039e-08   3.08152e-08   -7.26067e-09   -4.37225e-08   1.39689e-08   -1.33397e-07   -2.76324e-08   1.93986e-07   4.1555e-08
7.34   -3.25627e-09   4.66547e-08   4.86924e-09   -6.44604e-08   -2.83419e-09   -4.57716e-07   5.67519e-09   6.3714e-07   1.04636e-08   -2.99918e-07   -1.7968e-08   4.15337e-07   3.08642e-08   1.54048e-06   -4.88039e-08   -2.14767e-06   -7.26062e-09   2.50481e-07   1.39688e-08   -3.4817e-07   -2.76324e-08   -1.0796e-06   4.1555e-08   1.5072e-06
7.34   -7.81438e-09   4.86924e-09   1.01463e-08   -9.69692e-09   8.06678e-08   5.6752e-09   -1.33024e-07   -2.21605e-08   5.10418e-08   -1.79681e-08   -7.19775e-08   5.33223e-08   -2.74308e-07   -4.88039e-08   4.71238e-07   1.17224e-07   -4.37225e-08   1.39689e-08   6.92649e-08   -5.13302e-08   1.93986e-07   4.1555e-08   -3.44852e-07   -8.45309e-08
7.34   4.86924e-09   -6.44604e-08   -9.69691e-09   8.8292e-08   5.67519e-09   6.3714e-07   -2.21605e-08   -9.11437e-07   -1.7968e-08   4.15337e-07   5.33222e-08   -5.76703e-07   -4.88039e-08   -2.14767e-06   1.17224e-07   3.09931e-06   1.39688e-08   -3.4817e-07   -5.133e-08   4.94006e-07   4.1555e-08   1.5072e-06   -8.45309e-08   -2.19178e-06
7.34   4.17686e-09   -1.94332e-10   -6.08742e-09   2.42536e-10   -3.88398e-09   1.702e-09   5.57138e-09   -2.77631e-09   -3.35795e-08   -5.16119e-09   4.99678e-08   6.91932e-09   3.08152e-08   -7.26062e-09   -4.37225e-08   1.39688e-08   2.96556e-08   5.12673e-09   -4.51014e-08   -5.811e-09   -2.68363e-08   5.66975e-09   3.89233e-08   -1.23297e-08
7.34   -1.94333e-10   3.37906e-08   2.42535e-10   -4.71929e-08   1.70201e-09   -3.15104e-08   -2.77633e-09   4.38837e-08   -5.16119e-09   -2.70628e-07   6.91933e-09   3.79403e-07   -7.26067e-09   2.50481e-07   1.39689e-08   -3.4817e-07   5.12673e-09   2.38031e-07   -5.81101e-09   -3.35068e-07   5.66978e-09   -2.17293e-07   -1.23297e-08   3.03214e-07
7.34   -6.08742e-09   2.42535e-10   1.09259e-08   -1.19883e-10   5.57138e-09   -2.77632e-09   -9.30827e-09   7.27615e-09   4.99678e-08   6.91933e-09   -9.76571e-08   -7.74673e-09   -4.37225e-08   1.39688e-08   6.92649e-08   -5.133e-08   -4.51014e-08   -5.81101e-09   9.55313e-08   -2.44534e-09   3.89233e-08   -1.23297e-08   -6.84007e-08   5.36552e-08
7.34   2.42537e-10   -4.71929e-08   -1.19883e-10   6.87797e-08   -2.77633e-09   4.38837e-08   7.27618e-09   -6.29491e-08   6.91932e-09   3.79403e-07   -7.74674e-09   -5.64569e-07   1.39689e-08   -3.4817e-07   -5.13302e-08   4.94006e-07   -5.811e-09   -3.35068e-07   -2.44534e-09   5.09585e-07   -1.23297e-08   3.03214e-07   5.36553e-08   -4.39781e-07
7.34   -4.08477e-09   2.0999e-09   5.65209e-09   -3.24054e-09   3.60709e-08   3.30387e-09   -5.18135e-08   -5.56328e-09   3.10739e-08   -7.65811e-09   -4.37533e-08   1.43486e-08   -1.33397e-07   -2.76324e-08   1.93986e-07   4.1555e-08   -2.68363e-08   5.66978e-09   3.89233e-08   -1.23297e-08   9.73194e-08   2.39338e-08   -1.43177e-07   -3.41729e-08
7.34   2.0999e-09   -3.33467e-08   -3.24054e-09   4.61524e-08   3.30386e-09   2.92568e-07   -5.56327e-09   -4.07552e-07   -7.65807e-09   2.5292e-07   1.43486e-08   -3.51093e-07   -2.76324e-08   -1.0796e-06   4.1555e-08   1.5072e-06   5.66975e-09   -2.17293e-07   -1.23297e-08   3.03214e-07   2.39338e-08   7.85966e-07   -3.41729e-08   -1.09958e-06
7.34   5.65209e-09   -3.24054e-09   -7.81016e-09   7.21258e-09   -5.18135e-08   -5.56327e-09   8.71294e-08   1.57853e-08   -4.37533e-08   1.43486e-08   6.66353e-08   -5.04652e-08   1.93986e-07   4.1555e-08   -3.44852e-07   -8.45309e-08   3.89233e-08   -1.23297e-08   -6.84007e-08   5.36553e-08   -1.43177e-07   -3.41729e-08   2.6738e-07   5.58408e-08
7.34   -3.24054e-09   4.61524e-08   7.21257e-09   -6.3861e-08   -5.56327e-09   -4.07552e-07   1.57853e-08   5.85422e-07   1.43486e-08   -3.51093e-07   -5.0465e-08   4.94353e-07   4.1555e-08   1.5072e-06   -8.45309e-08   -2.19178e-06   -1.23297e-08   3.03214e-07   5.36552e-08   -4.39781e-07   -3.41729e-08   -1.09958e-06   5.58408e-08   1.6177e-06
9.385   2.3504e-09   -5.71195e-10   -3.39776e-09   6.67963e-10   -2.66849e-09   2.37109e-09   3.55635e-09   -3.46556e-09   -9.58608e-09   1.29731e-09   1.39129e-08   -1.22893e-09   1.04356e-08   -6.91814e-09   -1.3919e-08   1.03101e-08   7.20313e-09   -7.47221e-10   -1.04633e-08   6.00878e-10   -7.71415e-09   4.50492e-09   1.0298e-08   -6.77586e-09
9.385   -5.71195e-10   1.90423e-08   6.67963e-10   -2.65563e-08   2.37109e-09   -2.19207e-08   -3.46555e-09   3.01504e-08   1.29731e-09   -7.76086e-08   -1.22893e-09   1.0831e-07   -6.91811e-09   8.57134e-08   1.03101e-08   -1.17908e-07   -7.47219e-10   5.83074e-08   6.00876e-10   -8.13854e-08   4.5049e-09   -6.33517e-08   -6.77583e-09   8.71594e-08
9.385   -3.39776e-09   6.67963e-10   5.88334e-09   7.64505e-11   3.55636e-09   -3.46555e-09   -3.80342e-09   6.29675e-09   1.39129e-08   -1.22893e-09   -2.4522e-08   -2.92486e-09   -1.3919e-08   1.03101e-08   1.49817e-08   -2.02689e-08   -1.04633e-08   6.00879e-10   1.8511e-08   2.70577e-09   1.0298e-08   -6.77585e-09   -1.11593e-08   1.3792e-08
9.385   6.67963e-10   -2.65563e-08   7.64505e-11   3.83901e-08   -3.46554e-09   3.01504e-08   6.29674e-09   -4.0182e-08   -1.22893e-09   1.0831e-07   -2.92486e-09   -1.57197e-07   1.03101e-08   -1.17908e-07   -2.02688e-08   1.57266e-07   6.00875e-10   -8.13854e-08   2.70577e-09   1.18221e-07   -6.77583e-09   8.71594e-08   1.3792e-08   -1.16353e-07
9.385   -2.66849e-09   2.37109e-09   3.55636e-09   -3.46554e-09   2.99551e-08   2.6686e-09   -4.33117e-08   -5.30408e-09   1.00214e-08   -3.28703e-09   -1.36493e-08   4.97394e-09   -8.5041e-08   -1.70691e-08   1.23354e-07   2.85992e-08   -7.48616e-09   8.06469e-10   1.02993e-08   -1.33198e-09   5.46648e-08   1.41828e-08   -7.94292e-08   -2.29582e-08
9.385   2.37109e-09   -2.19207e-08   -3.46555e-09   3.01504e-08   2.6686e-09   2.42681e-07   -5.30408e-09   -3.38452e-07   -3.28704e-09   8.20289e-08   4.97396e-09   -1.13229e-07   -1.70692e-08   -6.88563e-07   2.85992e-08   9.60848e-07   8.06477e-10   -6.11738e-08   -1.33199e-09   8.45836e-08   1.41828e-08   4.42476e-07   -2.29582e-08   -6.17639e-07
9.385   3.55635e-09   -3.46555e-09   -3.80342e-09   6.29674e-09   -4.33117e-08   -5.30408e-09   7.506e-08   2.04885e-08   -1.36493e-08   4.97396e-09   1.70865e-08   -1.03491e-08   1.23354e-07   2.85992e-08   -2.16856e-07   -8.01888e-08   1.02993e-08   -1.33199e-09   -1.37473e-08   3.60494e-09   -7.94292e-08   -2.29582e-08   1.40701e-07   5.8944e-08
9.385   -3.46556e-09   3.01504e-08   6.29675e-09   -4.0182e-08   -5.30408e-09   -3.38452e-07   2.04885e-08   4.89364e-07   4.97398e-09   -1.13229e-07   -1.03492e-08   1.54219e-07   2.85992e-08   9.60848e-07   -8.01889e-08   -1.39373e-06   -1.33201e-09   8.45836e-08   3.60495e-09   -1.16368e-07   -2.29582e-08   -6.17639e-07   5.8944e-08   8.97444e-07
9.385   -9.58608e-09   1.29731e-09   1.39129e-08   -1.22893e-09   1.00214e-08   -3.28704e-09   -1.36493e-08   4.97398e-09   7.77096e-08   1.67426e-09   -1.13378e-07   -7.7888e-09   -7.93768e-08   1.90064e-08   1.06524e-07   -3.13953e-08   -6.77796e-08   -2.74267e-09   9.89126e-08   8.56938e-09   6.87629e-08   -1.5434e-08   -9.21578e-08   2.59011e-08
9.385   1.29731e-09   -7.76086e-08   -1.22893e-09   1.0831e-07   -3.28703e-09   8.20289e-08   4.97396e-09   -1.13229e-07   1.67426e-09   6.28542e-07   -7.78879e-09   -8.78012e-07   1.90063e-08   -6.51314e-07   -3.13952e-08   8.9685e-07   -2.74268e-09   -5.48202e-07   8.56938e-09   7.65816e-07   -1.5434e-08   5.64345e-07   2.5901e-08   -7.76926e-07
9.385   1.39129e-08   -1.22893e-09   -2.4522e-08   -2.92486e-09   -1.36493e-08   4.97396e-09   1.70865e-08   -1.03492e-08   -1.13378e-07   -7.78879e-09   2.04443e-07   5.54454e-08   1.06524e-07   -3.13952e-08   -1.2017e-07   8.49945e-08   9.89126e-08   8.56937e-09   -1.78536e-07   -5.08263e-08   -9.21579e-08   2.5901e-08   1.02936e-07   -7.29027e-08
9.385   -1.22893e-09   1.0831e-07   -2.92486e-09   -1.57197e-07   4.97394e-09   -1.13229e-07   -1.03491e-08   1.54219e-07   -7.7888e-09   -8.78012e-07   5.54454e-08   1.28101e-06   -3.13951e-08   8.9685e-07   8.49944e-08   -1.20357e-06   8.56939e-09   7.65816e-07   -5.08263e-08   -1.11758e-06   2.59009e-08   -7.76926e-07   -7.29026e-08   1.04126e-06
9.385   1.04356e-08   -6.91811e-09   -1.3919e-08   1.03101e-08   -8.5041e-08   -1.70692e-08   1.23354e-07   2.85992e-08   -7.93768e-08   1.90063e-08   1.06524e-07   -3.13951e-08   3.13581e-07   8.8169e-08   -4.57625e-07   -1.43782e-07   6.91157e-08   -1.13974e-08   -9.30266e-08   1.9915e-08   -2.26577e-07   -6.99792e-08   3.31353e-07   1.13364e-07
9.385   -6.91814e-09   8.57134e-08   1.03101e-08   -1.17908e-07   -1.70691e-08   -6.88563e-07   2.85992e-08   9.60848e-07   1.90064e-08   -6.51314e-07   -3.13952e-08   8.9685e-07   8.8169e-08   2.53624e-06   -1.43782e-07   -3.54304e-06   -1.13975e-08   5.66845e-07   1.99151e-08   -7.80913e-07   -6.99792e-08   -1.83186e-06   1.13364e-07   2.56001e-06
9.385   -1.3919e-08   1.03101e-08   1.49817e-08   -2.02688e-08   1.23354e-07   2.85992e-08   -2.16856e-07   -8.01889e-08   1.06524e-07   -3.13952e-08   -1.2017e-07   8.49944e-08   -4.57625e-07   -1.43782e-07   8.26071e-07   3.76552e-07   -9.30265e-08   1.99151e-08   1.07244e-07   -6.13607e-08   3.31353e-07   1.13364e-07   -6.03534e-07   -2.91656e-07
9.385   1.03101e-08   -1.17908e-07   -2.02689e-08   1.57266e-07   2.85992e-08   9.60848e-07   -8.01888e-08   -1.39373e-06   -3.13953e-08   8.9685e-07   8.49945e-08   -1.20357e-06   -1.43782e-07   -3.54304e-06   3.76552e-07   5.17054e-06   1.99152e-08   -7.80913e-07   -6.13608e-08   1.05107e-06   1.13364e-07   2.56001e-06   -2.91656e-07   -3.74384e-06
9.385   7.20313e-09   -7.47219e-10   -1.04633e-08   6.00875e-10   -7.48616e-09   8.06477e-10   1.02993e-08   -1.33201e-09   -6.77796e-08   -2.74268e-09   9.89126e-08   8.56939e-09   6.91157e-08   -1.13975e-08   -9.30265e-08   1.99152e-08   6.0403e-08   3.29089e-09   -8.8168e-08   -8.77819e-09   -6.10973e-08   1.03589e-08   8.20838e-08   -1.81513e-08
9.385   -7.47221e-10   5.83074e-08   6.00879e-10   -8.13854e-08   8.06469e-10   -6.11738e-08   -1.33199e-09   8.45836e-08   -2.74267e-09   -5.48202e-07   8.56937e-09   7.65816e-07   -1.13974e-08   5.66845e-07   1.99151e-08   -7.80913e-07   3.29089e-09   4.8852e-07   -8.77819e-09   -6.82471e-07   1.03588e-08   -5.01233e-07   -1.81512e-08   6.90316e-07
9.385   -1.04633e-08   6.00876e-10   1.8511e-08   2.70577e-09   1.02993e-08   -1.33199e-09   -1.37473e-08   3.60495e-09   9.89126e-08   8.56938e-09   -1.78536e-07   -5.08263e-08   -9.30266e-08   1.99151e-08   1.07244e-07   -6.13608e-08   -8.8168e-08   -8.77819e-09   1.59299e-07   4.66258e-08   8.20839e-08   -1.81512e-08   -9.33666e-08   5.62554e-08
9.385   6.00878e-10   -8.13854e-08   2.70577e-09   1.18221e-07   -1.33198e-09   8.45836e-08   3.60494e-09   -1.16368e-07   8.56938e-09   7.65816e-07   -5.08263e-08   -1.11758e-06   1.9915e-08   -7.80913e-07   -6.13607e-08   1.05107e-06   -8.77819e-09   -6.82471e-07   4.66258e-08   9.96176e-07   -1.81512e-08   6.90316e-07   5.62553e-08   -9.27435e-07
9.385   -7.71415e-09   4.5049e-09   1.0298e-08   -6.77583e-09   5.46648e-08   1.41828e-08   -7.94292e-08   -2.29582e-08   6.87629e-08   -1.5434e-08   -9.21579e-08   2.59009e-08   -2.26577e-07   -6.99792e-08   3.31353e-07   1.13364e-07   -6.10973e-08   1.03588e-08   8.20839e-08   -1.81512e-08   1.70518e-07   5.4909e-08   -2.49852e-07   -8.89497e-08
9.385   4.50492e-09   -6.33517e-08   -6.77585e-09   8.71594e-08   1.41828e-08   4.42476e-07   -2.29582e-08   -6.17639e-07   -1.5434e-08   5.64345e-07   2.5901e-08   -7.76926e-07   -6.99792e-08   -1.83186e-06   1.13364e-07   2.56001e-06   1.03589e-08   -5.01233e-07   -1.81512e-08   6.90316e-07   5.4909e-08   1.37815e-06   -8.89496e-08   -1.92663e-06
9.385   1.0298e-08   -6.77583e-09   -1.11593e-08   1.3792e-08   -7.94292e-08   -2.29582e-08   1.40701e-07   5.8944e-08   -9.21578e-08   2.5901e-08   1.02936e-07   -7.29026e-08   3.31353e-07   1.13364e-07   -6.03534e-07   -2.91656e-07   8.20838e-08   -1.81512e-08   -9.33666e-08   5.62553e-08   -2.49852e-07   -8.89496e-08   4.588e-07   2.28838e-07
9.385   -6.77586e-09   8.71594e-08   1.3792e-08   -1.16353e-07   -2.29582e-08   -6.17639e-07   5.8944e-08   8.97444e-07   2.59011e-08   -7.76926e-07   -7.29027e-08   1.04126e-06   1.13364e-07   2.56001e-06   -2.91656e-07   -3.74384e-06   -1.81513e-08   6.90316e-07   5.62554e-08   -9.27435e-07   -8.89497e-08   -1.92663e-06   2.28838e-07   2.82299e-06
11.475   3.4055e-10   3.44182e-11   -4.54288e-10   -4.12599e-11   -1.58918e-10   2.99534e-11   1.44497e-10   -1.02912e-10   -3.24021e-10   -3.47089e-11   2.3262e-10   -1.00191e-10   2.71836e-11   -1.98682e-11   -6.60338e-12   -9.93846e-12   -1.54196e-11   1.49018e-11   1.94325e-10   8.52199e-11   1.17339e-10   -3.17977e-12   -8.70051e-11   1.34403e-10
11.475   3.44182e-11   1.23526e-09   9.88511e-12   -1.5861e-09   7.64597e-11   -2.60728e-10   -1.23952e-10   3.08248e-10   6.62203e-12   -7.90375e-10   -1.9727e-10   6.15982e-10   -1.94246e-11   -9.78216e-14   -7.52064e-11   -4.36795e-11   -6.26251e-12   -3.79475e-10   -5.99032e-11   6.49844e-10   -4.05219e-11   2.13598e-10   1.15303e-10   -2.61654e-10
11.475   -4.54288e-10   9.88511e-12   9.78369e-10   2.4898e-10   2.41095e-10   6.13587e-12   -9.78696e-11   2.65446e-10   3.03969e-10   -7.04453e-11   -9.83642e-10   -1.35601e-10   -3.30914e-11   -3.20188e-11   -5.23386e-11   -1.30464e-10   1.63192e-10   4.91511e-11   -9.57495e-11   -1.9434e-10   -1.76394e-10   2.328e-11   -1.36173e-11   -2.67066e-10
11.475   -4.12599e-11   -1.5861e-09   2.4898e-10   2.56045e-09   -8.34867e-11   4.12163e-10   3.17245e-10   -3.14959e-10   -7.8739e-11   6.97116e-10   -9.20581e-11   -1.6359e-09   -2.05389e-12   -5.6435e-13   -6.52269e-11   -5.34722e-12   8.79104e-11   8.06497e-10   2.95425e-11   -6.37182e-10   7.57942e-11   -3.3348e-10   -2.52237e-10   1.85415e-10
11.475   -1.58918e-10   7.64597e-11   2.41095e-10   -8.34867e-11   1.12879e-09   1.96954e-10   -1.1594e-09   -4.44672e-11   -1.71979e-10   -1.79129e-11   5.05389e-12   -1.75056e-10   -8.65636e-10   -3.0875e-11   2.47335e-10   -3.25244e-10   2.97481e-10   -1.37837e-11   -1.83733e-10   1.98818e-10   -2.05257e-10   -7.76088e-11   4.78855e-10   -1.68213e-10
11.475   2.99534e-11   -2.60728e-10   6.13587e-12   4.12163e-10   1.96954e-10   3.32257e-09   2.96347e-10   -3.34957e-09   2.77472e-11   -1.88576e-10   -1.39193e-10   7.23681e-11   1.02334e-11   -2.00509e-09   -5.6818e-10   5.73602e-10   -3.3653e-11   3.37474e-10   3.54945e-11   -3.89523e-10   -7.10969e-11   -1.04133e-09   -7.70196e-10   1.37048e-09
11.475   1.44497e-10   -1.23952e-10   -9.78696e-11   3.17245e-10   -1.1594e-09   2.96347e-10   3.73027e-09   1.12578e-09   2.16599e-10   2.93629e-11   1.94286e-10   4.71116e-10   5.22264e-10   -2.11856e-10   -3.18394e-09   -4.30719e-10   -3.6046e-10   -1.65802e-11   1.4582e-10   -3.2599e-10   6.62334e-10   -1.02028e-10   -8.94646e-10   -1.01376e-09
11.475   -1.02912e-10   3.08248e-10   2.65446e-10   -3.14959e-10   -4.44672e-11   -3.34957e-09   1.12578e-09   6.92605e-09   -7.76826e-11   2.82509e-10   4.25244e-10   1.53088e-10   -1.73591e-10   9.61217e-10   -3.14073e-10   -4.48374e-09   9.72734e-11   -4.93146e-10   -1.92131e-10   4.50159e-10   1.51903e-10   2.12375e-09   -4.38056e-10   -1.75696e-09
11.475   -3.24021e-10   6.62203e-12   3.03969e-10   -7.8739e-11   -1.71979e-10   2.77472e-11   2.16599e-10   -7.76826e-11   1.95875e-09   4.68685e-10   -1.22964e-09   3.36811e-10   -9.84833e-11   3.91456e-11   -1.07746e-10   2.6e-11   -1.50163e-09   -3.65564e-10   1.21457e-10   -1.08625e-09   2.42967e-10   -4.44802e-11   -1.25719e-11   8.3242e-11
11.475   -3.47089e-11   -7.90375e-10   -7.04453e-11   6.97116e-10   -1.79129e-11   -1.88576e-10   2.93629e-11   2.82509e-10   4.68685e-10   5.04312e-09   9.4008e-10   -3.21102e-09   4.45809e-11   -2.12234e-10   1.62335e-10   -1.63529e-10   -3.01389e-10   -3.76059e-09   -1.92273e-09   6.84011e-10   -3.55393e-11   3.20611e-10   -5.99069e-11   1.31244e-10
11.475   2.3262e-10   -1.9727e-10   -9.83642e-10   -9.20581e-11   5.05389e-12   -1.39193e-10   1.94286e-10   4.25244e-10   -1.22964e-09   9.4008e-10   7.25035e-09   2.33847e-09   -6.52284e-11   1.65815e-10   3.08173e-10   9.81831e-10   8.1462e-10   -8.91441e-10   -5.17685e-09   -9.55155e-10   -7.98865e-11   -2.08508e-10   7.52514e-10   1.161e-10
11.475   -1.00191e-10   6.15982e-10   -1.35601e-10   -1.6359e-09   -1.75056e-10   7.23681e-11   4.71116e-10   1.53088e-10   3.36811e-10   -3.21102e-09   2.33847e-09   1.09774e-08   1.1324e-11   -1.36579e-10   9.31985e-10   3.32772e-10   -4.19441e-10   1.94898e-09   -7.28942e-10   -7.12476e-09   -2.86437e-11   -4.50715e-11   1.1342e-10   1.10709e-09
11.475   2.71836e-11   -1.94246e-11   -3.30914e-11   -2.05389e-12   -8.65636e-10   1.02334e-11   5.22264e-10   -1.73591e-10   -9.84833e-11   4.45809e-11   -6.52284e-11   1.1324e-11   2.63866e-09   3.92199e-10   -9.44093e-10   3.64958e-10   6.79746e-11   -9.4701e-12   9.7513e-11   -3.63352e-11   -1.64549e-09   -3.16913e-10   -2.5316e-10   -8.60104e-10
11.475   -1.98682e-11   -9.78216e-14   -3.20188e-11   -5.6435e-13   -3.0875e-11   -2.00509e-09   -2.11856e-10   9.61217e-10   3.91456e-11   -2.12234e-10   1.65815e-10   -1.36579e-10   3.92199e-10   6.9496e-09   8.92456e-10   -2.44423e-09   -2.66851e-11   1.72427e-10   -2.86376e-11   2.96305e-10   -2.60033e-10   -4.45747e-09   -1.47265e-09   -4.02584e-11
11.475   -6.60338e-12   -7.52064e-11   -5.23386e-11   -6.52269e-11   2.47335e-10   -5.6818e-10   -3.18394e-09   -3.14073e-10   -1.07746e-10   1.62335e-10   3.08173e-10   9.31985e-10   -9.44093e-10   8.92456e-10   1.15381e-08   2.80074e-09   -2.48396e-11   -2.26793e-10   9.69423e-10   5.64908e-10   3.34571e-10   -6.31496e-10   -5.71817e-09   4.78349e-10
11.475   -9.93846e-12   -4.36795e-11   -1.30464e-10   -5.34722e-12   -3.25244e-10   5.73602e-10   -4.30719e-10   -4.48374e-09   2.6e-11   -1.63529e-10   9.81831e-10   3.32772e-10   3.64958e-10   -2.44423e-09   2.80074e-09   1.66934e-08   -1.86726e-10   8.67988e-11   5.99203e-10   1.24144e-09   -3.92114e-10   1.03277e-09   5.98508e-10   -8.16269e-09
11.475   -1.54196e-11   -6.26251e-12   1.63192e-10   8.79104e-11   2.97481e-10   -3.3653e-11   -3.6046e-10   9.72734e-11   -1.50163e-09   -3.01389e-10   8.1462e-10   -4.19441e-10   6.79746e-11   -2.66851e-11   -2.48396e-11   -1.86726e-10   1.59817e-09   2.76718e-10   -1.09019e-09   3.49086e-10   -3.01088e-10   7.46352e-11   -3.32701e-11   -3.10481e-10
11.475   1.49018e-11   -3.79475e-10   4.91511e-11   8.06497e-10   -1.37837e-11   3.37474e-10   -1.65802e-11   -4.93146e-10   -3.65564e-10   -3.76059e-09   -8.91441e-10   1.94898e-09   -9.4701e-12   1.72427e-10   -2.26793e-10   8.67988e-11   2.76718e-10   4.63329e-09   1.40276e-09   -2.80145e-09   5.81391e-11   -4.33898e-10   -1.09051e-10   -5.88833e-11
11.475   1.94325e-10   -5.99032e-11   -9.57495e-11   2.95425e-11   -1.83733e-10   3.54945e-11   1.4582e-10   -1.92131e-10   1.21457e-10   -1.92273e-09   -5.17685e-09   -7.28942e-10   9.7513e-11   -2.86376e-11   9.69423e-10   5.99203e-10   -1.09019e-09   1.40276e-09   1.11147e-08   6.81443e-09   -8.48708e-11   -1.47617e-10   2.97199e-10   1.16497e-09
11.475   8.52199e-11   6.49844e-10   -1.9434e-10   -6.37182e-10   1.98818e-10   -3.89523e-10   -3.2599e-10   4.50159e-10   -1.08625e-09   6.84011e-10   -9.55155e-10   -7.12476e-09   -3.63352e-11   2.96305e-10   5.64908e-10   1.24144e-09   3.49086e-10   -2.80145e-09   6.81443e-09   1.57736e-08   -3.1582e-10   -1.10785e-10   1.19612e-09   4.57087e-11
11.475   1.17339e-10   -4.05219e-11   -1.76394e-10   7.57942e-11   -2.05257e-10   -7.10969e-11   6.62334e-10   1.51903e-10   2.42967e-10   -3.55393e-11   -7.98865e-11   -2.86437e-11   -1.64549e-09   -2.60033e-10   3.34571e-10   -3.92114e-10   -3.01088e-10   5.81391e-11   -8.48708e-11   -3.1582e-10   1.91939e-09   2.93779e-10   -1.1458e-09   2.15662e-10
11.475   -3.17977e-12   2.13598e-10   2.328e-11   -3.3348e-10   -7.76088e-11   -1.04133e-09   -1.02028e-10   2.12375e-09   -4.44802e-11   3.20611e-10   -2.08508e-10   -4.50715e-11   -3.16913e-10   -4.45747e-09   -6.31496e-10   1.03277e-09   7.46352e-11   -4.33898e-10   -1.47617e-10   -1.10785e-10   2.93779e-10   5.85628e-09   1.46686e-09   -2.87833e-09
11.475   -8.70051e-11   1.15303e-10   -1.36173e-11   -2.52237e-10   4.78855e-10   -7.70196e-10   -8.94646e-10   -4.38056e-10   -1.25719e-11   -5.99069e-11   7.52514e-10   1.1342e-10   -2.5316e-10   -1.47265e-09   -5.71817e-09   5.98508e-10   -3.32701e-11   -1.09051e-10   2.97199e-10   1.19612e-09   -1.1458e-09   1.46686e-09   1.37052e-08   7.50472e-09
11.475   1.34403e-10   -2.61654e-10   -2.67066e-10   1.85415e-10   -1.68213e-10   1.37048e-09   -1.01376e-09   -1.75696e-09   8.3242e-11   1.31244e-10   1.161e-10   1.10709e-09   -8.60104e-10   -4.02584e-11   4.78349e-10   -8.16269e-09   -3.10481e-10   -5.88833e-11   1.16497e-09   4.57087e-11   2.15662e-10   -2.87833e-09   7.50472e-09   1.92609e-08
13.52   1.38414e-09   2.41812e-10   -1.84385e-09   -3.06009e-10   -6.38866e-10   1.80877e-11   5.30885e-10   -3.05922e-10   -1.23459e-09   -1.68936e-10   8.05955e-10   -4.05748e-10   1.43786e-10   -1.86091e-10   -1.13512e-10   5.27848e-11   -9.75774e-11   1.47838e-11   6.48913e-10   2.07195e-10   3.50617e-10   -1.91715e-10   -5.21373e-10   3.73637e-10
13.52   2.41812e-10   5.14099e-09   -4.67647e-11   -6.53356e-09   2.05456e-10   -1.20925e-09   -2.90455e-10   1.52525e-09   1.71255e-10   -2.45416e-09   -1.13135e-09   1.39631e-09   -2.83631e-10   -5.18735e-10   -8.29908e-11   4.31567e-10   2.57177e-10   -9.03561e-10   -7.26823e-10   1.51316e-09   -5.05034e-10   -3.04789e-10   2.08614e-10   -2.6791e-10
13.52   -1.84385e-09   -4.67647e-11   4.36157e-09   1.5075e-09   1.02529e-09   2.25114e-10   -2.64003e-10   9.44211e-10   9.92268e-10   -3.96182e-10   -3.40703e-09   -1.77973e-10   -1.98012e-10   3.19081e-11   -1.00672e-10   -4.1312e-10   6.20323e-10   -2.12323e-10   -6.56379e-10   -4.32756e-10   -6.62876e-10   2.45326e-11   1.19927e-10   -9.17258e-10
13.52   -3.06009e-10   -6.53356e-09   1.5075e-09   1.09684e-08   -1.40533e-10   1.96474e-09   1.01308e-09   -1.56608e-09   -5.72915e-10   1.63303e-09   3.6303e-10   -4.49495e-09   2.91117e-10   5.84952e-10   -3.69546e-10   -8.16621e-10   -2.43773e-10   1.7617e-09   4.71445e-10   -1.20163e-09   6.08389e-10   2.48358e-12   -8.88472e-10   -2.29326e-10
13.52   -6.38866e-10   2.05456e-10   1.02529e-09   -1.40533e-10   4.36746e-09   9.19316e-10   -4.1162e-09   -2.68629e-10   -4.90043e-10   -4.39334e-10   -1.32509e-10   1.57619e-10   -3.25304e-09   -1.14203e-10   6.88379e-10   -1.06516e-09   6.33162e-10   -1.08388e-09   -1.28121e-09   4.98701e-10   -8.0928e-10   -3.2159e-10   1.91255e-09   -5.88779e-10
13.52   1.80877e-11   -1.20925e-09   2.25114e-10   1.96474e-09   9.19316e-10   1.16844e-08   6.56034e-10   -1.13542e-08   -1.89429e-10   -1.36869e-09   2.64084e-10   1.40717e-09   4.34599e-10   -5.19145e-09   -2.00034e-09   -2.90088e-10   -9.34831e-10   -1.06948e-09   -3.70939e-10   1.57597e-11   3.87125e-10   -1.50518e-09   -2.38409e-09   3.09746e-09
13.52   5.30885e-10   -2.90455e-10   -2.64003e-10   1.01308e-09   -4.1162e-09   6.56034e-10   1.41e-08   5.11332e-09   7.77893e-10   8.95159e-10   7.26018e-10   1.12198e-09   1.0172e-09   -1.33026e-09   -8.74596e-09   8.4382e-10   -9.92242e-10   2.72624e-10   5.46885e-10   -1.56753e-09   2.03889e-09   -1.66734e-09   -2.29337e-09   -7.72876e-10
13.52   -3.05922e-10   1.52525e-09   9.44211e-10   -1.56608e-09   -2.68629e-10   -1.13542e-08   5.11332e-09   2.54986e-08   5.09913e-10   1.89555e-09   7.57347e-10   -9.11027e-10   -1.47345e-09   -3.36051e-10   1.18677e-09   -9.38356e-09   8.56004e-10   3.39655e-10   -1.35356e-09   -6.63192e-10   -1.41393e-09   2.77684e-09   -8.26604e-12   -1.58754e-09
13.52   -1.23459e-09   1.71255e-10   9.92268e-10   -5.72915e-10   -4.90043e-10   -1.89429e-10   7.77893e-10   5.09913e-10   7.1108e-09   2.0769e-09   -3.94199e-09   2.45512e-10   -4.6232e-10   -3.65283e-10   -3.62527e-10   7.42295e-10   -4.91069e-09   -1.82534e-10   7.64809e-10   -3.38814e-09   3.68264e-10   -1.12123e-09   -4.62573e-10   5.25527e-11
13.52   -1.68936e-10   -2.45416e-09   -3.96182e-10   1.63303e-09   -4.39334e-10   -1.36869e-09   8.95159e-10   1.89555e-09   2.0769e-09   1.67723e-08   1.50493e-09   -1.08524e-08   -1.88609e-10   -1.43675e-09   1.15939e-09   1.17035e-09   6.44159e-10   -6.30796e-09   -3.96331e-09   -1.28128e-09   -5.10903e-10   -3.31442e-10   -2.83309e-11   1.77288e-09
13.52   8.05955e-10   -1.13135e-09   -3.40703e-09   3.6303e-10   -1.32509e-10   2.64084e-10   7.26018e-10   7.57347e-10   -3.94199e-09   1.50493e-09   2.28784e-08   8.64272e-09   3.76973e-11   1.28123e-09   1.22835e-09   1.98404e-09   1.33654e-09   -3.57923e-09   -1.18576e-08   1.52957e-09   4.02758e-10   4.42928e-10   2.4746e-09   2.86692e-10
13.52   -4.05748e-10   1.39631e-09   -1.77973e-10   -4.49495e-09   1.57619e-10   1.40717e-09   1.12198e-09   -9.11027e-10   2.45512e-10   -1.08524e-08   8.64272e-09   3.68265e-08   7.22186e-10   9.96229e-10   1.59977e-09   -8.13023e-10   -3.94905e-09   -1.95028e-09   1.09998e-09   -1.21166e-08   9.63561e-11   1.3158e-09   -4.7291e-10   7.48927e-10
13.52   1.43786e-10   -2.83631e-10   -1.98012e-10   2.91117e-10   -3.25304e-09   4.34599e-10   1.0172e-09   -1.47345e-09   -4.6232e-10   -1.88609e-10   3.76973e-11   7.22186e-10   9.69122e-09   1.91824e-09   -2.35168e-09   -3.64119e-10   -1.89387e-11   -4.85425e-10   5.55198e-10   2.25406e-10   -5.1357e-09   8.09738e-10   -4.84792e-10   -2.51072e-09
13.52   -1.86091e-10   -5.18735e-10   3.19081e-11   5.84952e-10   -1.14203e-10   -5.19145e-09   -1.33026e-09   -3.36051e-10   -3.65283e-10   -1.43675e-09   1.28123e-09   9.96229e-10   1.91824e-09   2.20854e-08   7.13974e-10   -7.58341e-09   -2.31019e-10   9.90414e-11   1.15063e-09   2.60706e-09   1.34282e-09   -7.01588e-09   -2.22096e-09   -3.99144e-09
13.52   -1.13512e-10   -8.29908e-11   -1.00672e-10   -3.69546e-10   6.88379e-10   -2.00034e-09   -8.74596e-09   1.18677e-09   -3.62527e-10   1.15939e-09   1.22835e-09   1.59977e-09   -2.35168e-09   7.13974e-10   3.08867e-08   6.9532e-09   8.87133e-10   1.40524e-09   3.86933e-09   1.91864e-09   -2.28108e-10   -2.0897e-09   -1.36849e-08   3.24334e-09
13.52   5.27848e-11   4.31567e-10   -4.1312e-10   -8.16621e-10   -1.06516e-09   -2.90088e-10   8.4382e-10   -9.38356e-09   7.42295e-10   1.17035e-09   1.98404e-09   -8.13023e-10   -3.64119e-10   -7.58341e-09   6.9532e-09   4.73405e-08   2.53954e-10   2.45454e-09   1.62764e-09   1.4855e-09   -3.07439e-09   -4.43494e-09   3.24132e-09   -1.51219e-08
13.52   -9.75774e-11   2.57177e-10   6.20323e-10   -2.43773e-10   6.33162e-10   -9.34831e-10   -9.92242e-10   8.56004e-10   -4.91069e-09   6.44159e-10   1.33654e-09   -3.94905e-09   -1.89387e-11   -2.31019e-10   8.87133e-10   2.53954e-10   6.92312e-09   4.12794e-09   -3.3357e-09   -1.31828e-09   -7.23667e-10   9.78532e-10   1.54748e-09   6.8616e-10
13.52   1.47838e-11   -9.03561e-10   -2.12323e-10   1.7617e-09   -1.08388e-09   -1.06948e-09   2.72624e-10   3.39655e-10   -1.82534e-10   -6.30796e-09   -3.57923e-09   -1.95028e-09   -4.85425e-10   9.90414e-11   1.40524e-09   2.45454e-09   4.12794e-09   2.00527e-08   2.66318e-09   -1.22184e-08   1.03866e-09   6.52975e-10   3.52639e-09   2.92689e-09
13.52   6.48913e-10   -7.26823e-10   -6.56379e-10   4.71445e-10   -1.28121e-09   -3.70939e-10   5.46885e-10   -1.35356e-09   7.64809e-10   -3.96331e-09   -1.18576e-08   1.09998e-09   5.55198e-10   1.15063e-09   3.86933e-09   1.62764e-09   -3.3357e-09   2.66318e-09   2.55497e-08   1.28621e-08   1.38755e-09   3.60142e-09   4.7793e-09   5.55279e-09
13.52   2.07195e-10   1.51316e-09   -4.32756e-10   -1.20163e-09   4.98701e-10   1.57597e-11   -1.56753e-09   -6.63192e-10   -3.38814e-09   -1.28128e-09   1.52957e-09   -1.21166e-08   2.25406e-10   2.60706e-09   1.91864e-09   1.4855e-09   -1.31828e-09   -1.22184e-08   1.28621e-08   3.96668e-08   6.16409e-10   2.91381e-09   5.81257e-09   1.03229e-09
13.52   3.50617e-10   -5.05034e-10   -6.62876e-10   6.08389e-10   -8.0928e-10   3.87125e-10   2.03889e-09   -1.41393e-09   3.68264e-10   -5.10903e-10   4.02758e-10   9.63561e-11   -5.1357e-09   1.34282e-09   -2.28108e-10   -3.07439e-09   -7.23667e-10   1.03866e-09   1.38755e-09   6.16409e-10   7.92263e-09   3.6401e-09   -3.50903e-09   -1.717e-09
13.52   -1.91715e-10   -3.04789e-10   2.45326e-11   2.48358e-12   -3.2159e-10   -1.50518e-09   -1.66734e-09   2.77684e-09   -1.12123e-09   -3.31442e-10   4.42928e-10   1.3158e-09   8.09738e-10   -7.01588e-09   -2.0897e-09   -4.43494e-09   9.78532e-10   6.52975e-10   3.60142e-09   2.91381e-09   3.6401e-09   2.14899e-08   1.42954e-09   -1.21737e-08
13.52   -5.21373e-10   2.08614e-10   1.19927e-10   -8.88472e-10   1.91255e-09   -2.38409e-09   -2.29337e-09   -8.26604e-12   -4.62573e-10   -2.83309e-11   2.4746e-09   -4.7291e-10   -4.84792e-10   -2.22096e-09   -1.36849e-08   3.24132e-09   1.54748e-09   3.52639e-09   4.7793e-09   5.81257e-09   -3.50903e-09   1.42954e-09   2.6957e-08   1.02674e-08
13.52   3.73637e-10   -2.6791e-10   -9.17258e-10   -2.29326e-10   -5.88779e-10   3.09746e-09   -7.72876e-10   -1.58754e-09   5.25527e-11   1.77288e-09   2.86692e-10   7.48927e-10   -2.51072e-09   -3.99144e-09   3.24334e-09   -1.51219e-08   6.8616e-10   2.92689e-09   5.55279e-09   1.03229e-09   -1.717e-09   -1.21737e-08   1.02674e-08   4.23942e-08
15.09   4.40323e-10   8.9959e-11   -5.84911e-10   -1.1836e-10   -1.95206e-10   5.01501e-12   1.46428e-10   -1.028e-10   -4.00406e-10   -5.27156e-11   2.29251e-10   -1.03637e-10   4.50725e-11   -4.03698e-11   -1.43035e-11   2.77325e-11   -3.13901e-11   -4.24661e-11   1.6095e-10   1.42597e-11   1.14016e-10   -2.23166e-11   -9.35886e-11   1.37121e-10
15.09   8.9959e-11   1.70699e-09   -5.23969e-11   -2.16413e-09   7.13837e-11   -3.86037e-10   -8.58624e-11   4.79265e-10   6.46381e-11   -8.45921e-10   -3.38043e-10   4.33697e-10   -9.17671e-11   -1.616e-10   -2.55958e-11   1.17503e-10   6.47414e-11   -2.77919e-10   -2.64566e-10   5.03959e-10   -1.56613e-10   -8.73845e-11   5.46331e-11   -6.92944e-11
15.09   -5.84911e-10   -5.23969e-11   1.44409e-09   4.75458e-10   3.10146e-10   8.20144e-11   -4.28901e-11   3.3444e-10   3.06596e-10   -8.19301e-11   -1.14522e-09   -3.81502e-12   -6.4655e-11   -1.09249e-11   -2.33517e-11   -1.35177e-10   2.06595e-10   -7.44733e-11   -1.84949e-10   -1.60107e-10   -1.97462e-10   3.11073e-12   3.97828e-11   -2.50545e-10
15.09   -1.1836e-10   -2.16413e-09   4.75458e-10   3.68647e-09   -5.98107e-11   6.30057e-10   3.54938e-10   -4.88747e-10   -1.53793e-10   5.30452e-10   1.67767e-10   -1.53831e-09   8.45127e-11   1.94014e-10   -8.13212e-11   -2.12418e-10   -1.09437e-10   5.44827e-10   7.29658e-11   -4.2249e-10   2.14827e-10   5.05388e-11   -1.65354e-10   5.00521e-12
15.09   -1.95206e-10   7.13837e-11   3.10146e-10   -5.98107e-11   1.40516e-09   3.09937e-10   -1.25517e-09   -7.72967e-11   -1.79321e-10   -1.01197e-10   -4.77332e-11   5.13526e-11   -1.05017e-09   -7.45785e-11   8.96761e-11   -3.37572e-10   2.41896e-10   -2.18899e-10   -1.77126e-10   2.31561e-10   -2.99167e-10   -2.72435e-10   3.55276e-10   -3.87286e-10
15.09   5.01501e-12   -3.86037e-10   8.20144e-11   6.30057e-10   3.09937e-10   3.7524e-09   1.46559e-10   -3.52598e-09   -5.84451e-11   -4.43598e-10   1.06496e-10   3.43729e-10   1.58168e-10   -1.68724e-09   -6.41328e-10   -1.33617e-10   -2.61239e-10   -2.04958e-10   -2.31009e-11   1.35338e-10   6.36835e-11   -5.75848e-10   -9.09943e-10   7.91363e-10
15.09   1.46428e-10   -8.58624e-11   -4.28901e-11   3.54938e-10   -1.25517e-09   1.46559e-10   4.62097e-09   1.58485e-09   1.92544e-10   2.55753e-10   1.96051e-10   3.28707e-10   3.20347e-10   -3.71317e-10   -2.74403e-09   3.42327e-10   -2.31165e-10   1.22121e-10   3.09749e-10   -3.45134e-10   5.78338e-10   -5.79978e-10   -9.40731e-10   -2.90838e-10
15.09   -1.028e-10   4.79265e-10   3.3444e-10   -4.88747e-10   -7.72967e-11   -3.52598e-09   1.58485e-09   8.33597e-09   1.20688e-10   5.45138e-10   2.77107e-10   -3.02328e-10   -4.29906e-10   -1.70789e-10   3.2352e-10   -2.98898e-09   3.12561e-10   2.76978e-10   -1.41793e-10   6.26232e-11   -5.51799e-10   5.79815e-10   -2.93419e-10   -8.63645e-10
15.09   -4.00406e-10   6.46381e-11   3.06596e-10   -1.53793e-10   -1.79321e-10   -5.84451e-11   1.92544e-10   1.20688e-10   2.29774e-09   5.54206e-10   -1.08761e-09   -4.78542e-11   -1.41639e-10   -6.91422e-11   -5.62135e-11   2.27383e-10   -1.61106e-09   -6.40936e-11   3.30676e-11   -9.72908e-10   1.67091e-10   -2.30588e-10   3.39762e-11   1.10943e-10
15.09   -5.27156e-11   -8.45921e-10   -8.19301e-11   5.30452e-10   -1.01197e-10   -4.43598e-10   2.55753e-10   5.45138e-10   5.54206e-10   5.40545e-09   2.80786e-10   -2.97494e-09   -5.47826e-11   -4.23666e-10   2.75924e-10   2.99847e-10   2.86038e-10   -1.99719e-09   -8.68083e-10   -6.07763e-10   -1.7575e-10   -8.38148e-11   -5.32905e-11   4.64593e-10
15.09   2.29251e-10   -3.38043e-10   -1.14522e-09   1.67767e-10   -4.77332e-11   1.06496e-10   1.96051e-10   2.77107e-10   -1.08761e-09   2.80786e-10   7.62777e-09   2.33595e-09   -4.02052e-12   2.79641e-10   2.28337e-10   4.78002e-10   3.14372e-10   -6.4985e-10   -3.50655e-09   1.04306e-09   1.05868e-10   -2.13544e-11   4.90773e-10   -5.61906e-11
15.09   -1.03637e-10   4.33697e-10   -3.81502e-12   -1.53831e-09   5.13526e-11   3.43729e-10   3.28707e-10   -3.02328e-10   -4.78542e-11   -2.97494e-09   2.33595e-09   1.19351e-08   1.91775e-10   2.78988e-10   4.57127e-10   -1.88964e-10   -1.07292e-09   -9.04009e-10   7.06057e-10   -4.00355e-09   2.3918e-11   4.42098e-10   -1.95963e-11   3.12059e-10
15.09   4.50725e-11   -9.17671e-11   -6.4655e-11   8.45127e-11   -1.05017e-09   1.58168e-10   3.20347e-10   -4.29906e-10   -1.41639e-10   -5.47826e-11   -4.02052e-12   1.91775e-10   3.0748e-09   5.07139e-10   -5.73575e-10   -2.1253e-10   -5.02479e-12   -1.42582e-10   1.31048e-10   4.2931e-11   -1.61344e-09   3.18804e-10   -1.94095e-10   -5.88913e-10
15.09   -4.03698e-11   -1.616e-10   -1.09249e-11   1.94014e-10   -7.45785e-11   -1.68724e-09   -3.71317e-10   -1.70789e-10   -6.91422e-11   -4.23666e-10   2.79641e-10   2.78988e-10   5.07139e-10   6.89916e-09   2.42572e-10   -1.89272e-09   -1.39158e-10   -1.21391e-10   6.3796e-11   4.71754e-10   5.58082e-10   -1.90565e-09   -5.22147e-11   -1.07601e-09
15.09   -1.43035e-11   -2.55958e-11   -2.33517e-11   -8.13212e-11   8.96761e-11   -6.41328e-10   -2.74403e-09   3.2352e-10   -5.62135e-11   2.75924e-10   2.28337e-10   4.57127e-10   -5.73575e-10   2.42572e-10   9.91782e-09   1.98577e-09   1.17928e-10   5.76546e-11   5.01934e-10   1.32177e-10   1.07729e-11   8.72409e-11   -3.3007e-09   1.82414e-09
15.09   2.77325e-11   1.17503e-10   -1.35177e-10   -2.12418e-10   -3.37572e-10   -1.33617e-10   3.42327e-10   -2.98898e-09   2.27383e-10   2.99847e-10   4.78002e-10   -1.88964e-10   -2.1253e-10   -1.89272e-09   1.98577e-09   1.45689e-08   -6.10451e-12   4.90331e-10   2.17257e-10   1.85827e-10   -6.97732e-10   -1.27502e-09   1.61839e-09   -4.3048e-09
15.09   -3.13901e-11   6.47414e-11   2.06595e-10   -1.09437e-10   2.41896e-10   -2.61239e-10   -2.31165e-10   3.12561e-10   -1.61106e-09   2.86038e-10   3.14372e-10   -1.07292e-09   -5.02479e-12   -1.39158e-10   1.17928e-10   -6.10451e-12   2.28921e-09   1.31464e-09   -6.53488e-10   -2.13146e-10   -3.09496e-10   8.09797e-11   6.64214e-11   -4.89621e-11
15.09   -4.24661e-11   -2.77919e-10   -7.44733e-11   5.44827e-10   -2.18899e-10   -2.04958e-10   1.22121e-10   2.76978e-10   -6.40936e-11   -1.99719e-09   -6.4985e-10   -9.04009e-10   -1.42582e-10   -1.21391e-10   5.76546e-11   4.90331e-10   1.31464e-09   6.47282e-09   1.26917e-09   -2.82667e-09   1.25992e-10   -2.80998e-10   2.16801e-10   1.80457e-10
15.09   1.6095e-10   -2.64566e-10   -1.84949e-10   7.29658e-11   -1.77126e-10   -2.31009e-11   3.09749e-10   -1.41793e-10   3.30676e-11   -8.68083e-10   -3.50655e-09   7.06057e-10   1.31048e-10   6.3796e-11   5.01934e-10   2.17257e-10   -6.53488e-10   1.26917e-09   8.78313e-09   4.20411e-09   6.32197e-11   2.49035e-10   7.64355e-11   5.61541e-10
15.09   1.42597e-11   5.03959e-10   -1.60107e-10   -4.2249e-10   2.31561e-10   1.35338e-10   -3.45134e-10   6.26232e-11   -9.72908e-10   -6.07763e-10   1.04306e-09   -4.00355e-09   4.2931e-11   4.71754e-10   1.32177e-10   1.85827e-10   -2.13146e-10   -2.82667e-09   4.20411e-09   1.264e-08   -4.05722e-11   1.4783e-10   5.72924e-10   -4.41241e-10
15.09   1.14016e-10   -1.56613e-10   -1.97462e-10   2.14827e-10   -2.99167e-10   6.36835e-11   5.78338e-10   -5.51799e-10   1.67091e-10   -1.7575e-10   1.05868e-10   2.3918e-11   -1.61344e-09   5.58082e-10   1.07729e-11   -6.97732e-10   -3.09496e-10   1.25992e-10   6.32197e-11   -4.05722e-11   2.59575e-09   1.27502e-09   -5.46915e-10   -1.89906e-10
15.09   -2.23166e-11   -8.73845e-11   3.11073e-12   5.05388e-11   -2.72435e-10   -5.75848e-10   -5.79978e-10   5.79815e-10   -2.30588e-10   -8.38148e-11   -2.13544e-11   4.42098e-10   3.18804e-10   -1.90565e-09   8.72409e-11   -1.27502e-09   8.09797e-11   -2.80998e-10   2.49035e-10   1.4783e-10   1.27502e-09   7.06586e-09   1.38026e-09   -2.4609e-09
15.09   -9.35886e-11   5.46331e-11   3.97828e-11   -1.65354e-10   3.55276e-10   -9.09943e-10   -9.40731e-10   -2.93419e-10   3.39762e-11   -5.32905e-11   4.90773e-10   -1.95963e-11   -1.94095e-10   -5.22147e-11   -3.3007e-09   1.61839e-09   6.64214e-11   2.16801e-10   7.64355e-11   5.72924e-10   -5.46915e-10   1.38026e-09   9.78916e-09   3.96593e-09
15.09   1.37121e-10   -6.92944e-11   -2.50545e-10   5.00521e-12   -3.87286e-10   7.91363e-10   -2.90838e-10   -8.63645e-10   1.10943e-10   4.64593e-10   -5.61906e-11   3.12059e-10   -5.88913e-10   -1.07601e-09   1.82414e-09   -4.3048e-09   -4.89621e-11   1.80457e-10   5.61541e-10   -4.41241e-10   -1.89906e-10   -2.4609e-09   3.96593e-09   1.35751e-08
17.5   3.34189e-10   7.93049e-11   -3.75803e-10   -1.1803e-10   -1.19396e-10   3.03956e-12   8.12619e-11   -3.42018e-11   -3.49744e-10   -6.86365e-11   1.44671e-10   -7.3656e-11   2.54155e-11   -1.00246e-11   -3.86281e-12   1.92985e-11   9.14494e-12   -4.72809e-11   8.3017e-11   6.63933e-11   7.70602e-11   -9.35893e-12   -3.81506e-11   5.30437e-11
17.5   7.93049e-11   9.17026e-10   -8.25972e-11   -9.23983e-10   3.33277e-11   -1.09028e-10   -8.17619e-12   1.28963e-10   -1.53874e-11   -6.01551e-10   -1.96131e-10   2.89568e-10   -2.23231e-11   -5.53384e-11   -1.09663e-11   5.5348e-12   -1.0353e-11   -2.58156e-10   -6.28265e-11   2.79794e-10   -6.22567e-11   -5.20582e-12   -1.02259e-11   -3.83134e-11
17.5   -3.75803e-10   -8.25972e-11   8.61987e-10   4.8998e-10   1.63831e-10   5.6126e-11   -2.00114e-11   8.56182e-11   2.30841e-10   -7.23279e-11   -6.13495e-10   -1.18505e-10   -3.26195e-11   -3.22046e-12   -1.63776e-11   -4.37653e-11   9.61792e-11   2.32708e-11   -1.54096e-10   -1.83883e-10   -1.03414e-10   -6.28618e-12   1.25572e-11   -8.4408e-11
17.5   -1.1803e-10   -9.23983e-10   4.8998e-10   1.40554e-09   -2.06613e-12   1.7889e-10   8.18252e-11   -9.08963e-11   -4.47021e-11   3.27709e-10   -7.64924e-11   -6.95695e-10   1.15022e-11   4.87912e-11   -1.23314e-11   -2.9123e-11   4.6227e-11   3.49043e-10   -1.20432e-10   -2.69052e-10   5.44839e-11   -1.57816e-11   -1.90938e-11   1.40803e-11
17.5   -1.19396e-10   3.33277e-11   1.63831e-10   -2.06613e-12   1.16311e-09   2.30053e-10   -8.51415e-10   -4.38541e-11   -1.40268e-10   -3.60966e-11   2.20095e-11   -1.06789e-12   -9.76133e-10   -1.66005e-10   7.56311e-11   -2.28261e-10   1.83611e-10   -1.04818e-10   -9.89421e-11   1.19185e-10   -2.14274e-10   -2.86856e-10   1.93047e-10   -1.25471e-10
17.5   3.03956e-12   -1.09028e-10   5.6126e-11   1.7889e-10   2.30053e-10   2.45014e-09   2.20661e-10   -1.73272e-09   3.44568e-12   -1.63546e-10   1.73179e-11   1.04445e-10   -2.07325e-11   -1.45976e-09   -4.48328e-10   2.01625e-10   -1.17509e-10   -6.03478e-11   -4.05228e-11   -1.26617e-11   -5.82132e-11   -7.11163e-10   -5.06916e-10   6.26591e-10
17.5   8.12619e-11   -8.17619e-12   -2.00114e-11   8.18252e-11   -8.51415e-10   2.20661e-10   2.78495e-09   1.22853e-09   1.47342e-10   6.52678e-11   4.4782e-11   6.20966e-11   2.84704e-10   -2.76307e-10   -1.57543e-09   -2.21995e-11   -1.65647e-10   7.33898e-11   6.21816e-11   -1.19296e-10   3.72416e-10   -3.00649e-10   -6.16246e-10   -4.1307e-10
17.5   -3.42018e-11   1.28963e-10   8.56182e-11   -9.08963e-11   -4.38541e-11   -1.73272e-09   1.22853e-09   3.48373e-09   -1.36874e-11   1.95674e-10   5.64164e-11   -4.96849e-11   -2.00344e-10   1.90877e-10   -3.79239e-11   -1.59689e-09   1.42544e-10   2.43794e-11   4.20224e-13   1.55352e-11   -1.36805e-10   6.46897e-10   -4.71403e-10   -6.08178e-10
17.5   -3.49744e-10   -1.53874e-11   2.30841e-10   -4.47021e-11   -1.40268e-10   3.44568e-12   1.47342e-10   -1.36874e-11   2.09402e-09   4.64213e-10   -9.11423e-10   2.58712e-10   -8.83794e-11   -4.06579e-11   -3.83098e-12   4.68416e-11   -1.60762e-09   -3.21877e-10   1.87353e-10   -6.83348e-10   1.51016e-10   -9.38055e-11   -5.85324e-11   1.06828e-10
17.5   -6.86365e-11   -6.01551e-10   -7.23279e-11   3.27709e-10   -3.60966e-11   -1.63546e-10   6.52678e-11   1.95674e-10   4.64213e-10   3.79816e-09   6.22081e-10   -1.6995e-09   -4.38002e-11   -1.62639e-10   4.35143e-11   9.30543e-11   2.42233e-11   -1.87499e-09   -6.85833e-10   2.26558e-10   -6.066e-11   -4.91322e-11   -1.92054e-11   5.19932e-11
17.5   1.44671e-10   -1.96131e-10   -6.13495e-10   -7.64924e-11   2.20095e-11   1.73179e-11   4.4782e-11   5.64164e-11   -9.11423e-10   6.22081e-10   4.57045e-09   1.71169e-09   2.60559e-11   4.74011e-11   6.98059e-11   5.24371e-11   4.78683e-10   -5.35962e-10   -2.01524e-09   2.04883e-10   -2.00438e-11   4.51412e-11   7.38969e-11   1.54983e-12
17.5   -7.3656e-11   2.89568e-10   -1.18505e-10   -6.95695e-10   -1.06789e-12   1.04445e-10   6.20966e-11   -4.96849e-11   2.58712e-10   -1.6995e-09   1.71169e-09   5.04773e-09   1.35793e-11   1.09457e-10   5.33147e-11   1.3676e-12   -7.20194e-10   2.28837e-10   -6.96061e-11   -2.12212e-09   6.05115e-11   4.36595e-11   4.82793e-11   2.14368e-11
17.5   2.54155e-11   -2.23231e-11   -3.26195e-11   1.15022e-11   -9.76133e-10   -2.07325e-11   2.84704e-10   -2.00344e-10   -8.83794e-11   -4.38002e-11   2.60559e-11   1.35793e-11   2.93759e-09   4.77335e-10   -5.69488e-10   2.05956e-10   1.13307e-11   -5.1847e-11   1.14365e-11   4.85091e-11   -1.70738e-09   2.52621e-11   6.49684e-11   -4.50103e-10
17.5   -1.00246e-11   -5.53384e-11   -3.22046e-12   4.87912e-11   -1.66005e-10   -1.45976e-09   -2.76307e-10   1.90877e-10   -4.06579e-11   -1.62639e-10   4.74011e-11   1.09457e-10   4.77335e-10   5.21473e-09   6.5265e-10   -1.14816e-09   -5.75394e-11   -6.51557e-11   2.31047e-11   9.5577e-11   2.61081e-10   -1.87981e-09   -3.99699e-11   -1.04217e-10
17.5   -3.86281e-12   -1.09663e-11   -1.63776e-11   -1.23314e-11   7.56311e-11   -4.48328e-10   -1.57543e-09   -3.79239e-11   -3.83098e-12   4.35143e-11   6.98059e-11   5.33147e-11   -5.69488e-10   6.5265e-10   6.24282e-09   1.48459e-09   2.34226e-11   4.36432e-11   9.38096e-11   4.86442e-11   2.73226e-10   5.25997e-11   -2.10128e-09   6.99102e-10
17.5   1.92985e-11   5.5348e-12   -4.37653e-11   -2.9123e-11   -2.28261e-10   2.01625e-10   -2.21995e-11   -1.59689e-09   4.68416e-11   9.30543e-11   5.24371e-11   1.3676e-12   2.05956e-10   -1.14816e-09   1.48459e-09   6.67729e-09   -1.2911e-12   9.11406e-11   8.84469e-11   -2.72525e-12   -4.88488e-10   -6.72974e-11   4.9818e-10   -2.52047e-09
17.5   9.14494e-12   -1.0353e-11   9.61792e-11   4.6227e-11   1.83611e-10   -1.17509e-10   -1.65647e-10   1.42544e-10   -1.60762e-09   2.42233e-11   4.78683e-10   -7.20194e-10   1.13307e-11   -5.75394e-11   2.34226e-11   -1.2911e-12   2.11797e-09   1.18606e-09   -4.76989e-10   5.17908e-11   -2.21439e-10   4.37196e-11   6.94649e-11   -1.01638e-10
17.5   -4.72809e-11   -2.58156e-10   2.32708e-11   3.49043e-10   -1.04818e-10   -6.03478e-11   7.33898e-11   2.43794e-11   -3.21877e-10   -1.87499e-09   -5.35962e-10   2.28837e-10   -5.1847e-11   -6.51557e-11   4.36432e-11   9.11406e-11   1.18606e-09   4.88084e-09   1.45894e-09   -1.60633e-09   6.78022e-11   -5.72276e-11   -1.07831e-12   1.0165e-10
17.5   8.3017e-11   -6.28265e-11   -1.54096e-10   -1.20432e-10   -9.89421e-11   -4.05228e-11   6.21816e-11   4.20224e-13   1.87353e-10   -6.85833e-10   -2.01524e-09   -6.96061e-11   1.14365e-11   2.31047e-11   9.38096e-11   8.84469e-11   -4.76989e-10   1.45894e-09   5.6823e-09   2.74863e-09   7.25664e-11   2.829e-11   5.0028e-11   9.60098e-11
17.5   6.63933e-11   2.79794e-10   -1.83883e-10   -2.69052e-10   1.19185e-10   -1.26617e-11   -1.19296e-10   1.55352e-11   -6.83348e-10   2.26558e-10   2.04883e-10   -2.12212e-09   4.85091e-11   9.5577e-11   4.86442e-11   -2.72525e-12   5.17908e-11   -1.60633e-09   2.74863e-09   5.93248e-09   -9.60538e-11   9.44859e-11   1.1325e-10   -7.66265e-11
17.5   7.70602e-11   -6.22567e-11   -1.03414e-10   5.44839e-11   -2.14274e-10   -5.82132e-11   3.72416e-10   -1.36805e-10   1.51016e-10   -6.066e-11   -2.00438e-11   6.05115e-11   -1.70738e-09   2.61081e-10   2.73226e-10   -4.88488e-10   -2.21439e-10   6.78022e-11   7.25664e-11   -9.60538e-11   2.4607e-09   1.15796e-09   -3.65925e-10   4.60057e-11
17.5   -9.35893e-12   -5.20582e-12   -6.28618e-12   -1.57816e-11   -2.86856e-10   -7.11163e-10   -3.00649e-10   6.46897e-10   -9.38055e-11   -4.91322e-11   4.51412e-11   4.36595e-11   2.52621e-11   -1.87981e-09   5.25997e-11   -6.72974e-11   4.37196e-11   -5.72276e-11   2.829e-11   9.44859e-11   1.15796e-09   5.63692e-09   1.59681e-09   -1.43369e-09
17.5   -3.81506e-11   -1.02259e-11   1.25572e-11   -1.90938e-11   1.93047e-10   -5.06916e-10   -6.16246e-10   -4.71403e-10   -5.85324e-11   -1.92054e-11   7.38969e-11   4.82793e-11   6.49684e-11   -3.99699e-11   -2.10128e-09   4.9818e-10   6.94649e-11   -1.07831e-12   5.0028e-11   1.1325e-10   -3.65925e-10   1.59681e-09   6.5792e-09   2.65505e-09
17.5   5.30437e-11   -3.83134e-11   -8.4408e-11   1.40803e-11   -1.25471e-10   6.26591e-10   -4.1307e-10   -6.08178e-10   1.06828e-10   5.19932e-11   1.54983e-12   2.14368e-11   -4.50103e-10   -1.04217e-10   6.99102e-10   -2.52047e-09   -1.01638e-10   1.0165e-10   9.60098e-11   -7.66265e-11   4.60057e-11   -1.43369e-09   2.65505e-09   6.66937e-09
