1.5   0   0   0   0   0   0   0   0
1.5   0   0   0   0   0   0   0   0
1.5   0   0   0   0   0   0   0   0
1.5   0   0   0   0   0   0   0   0
1.5   0   0   0   0   0   0   0   0
1.5   0   0   0   0   0   0   0   0
3.15   0   0   0   0   0   0   0   0
3.15   0   0   0   0   0   0   0   0
3.15   0   0   0   0   0   0   0   0
3.15   0   0   0   0   0   0   0   0
3.15   0   0   0   0   0   0   0   0
3.15   0   0   0   0   0   0   0   0
5.15   0   0   0   0   0   0   0   0
5.15   0   0   0   0   0   0   0   0
5.15   0   0   0   0   0   0   0   0
5.15   0   0   0   0   0   0   0   0
5.15   0   0   0   0   0   0   0   0
5.15   0   0   0   0   0   0   0   0
7.34   0   0   0   0   0   0   0   0
7.34   0   0   0   0   0   0   0   0
7.34   0   0   0   0   0   0   0   0
7.34   0   0   0   0   0   0   0   0
7.34   0   0   0   0   0   0   0   0
7.34   0   0   0   0   0   0   0   0
9.385   0.00424869   0.000149296   -0.000952072   0.000354837   -0.00142424   0.000265276   -0.00149733   0.00050759
9.385   0.00015798   0.000988131   0.000322518   0.00234686   -9.12331e-05   0.00175471   -0.000393676   0.00335672
9.385   0.00256854   0.0011729   0.000807382   0.0028589   -0.00190442   0.00212889   -0.00233125   0.00410818
9.385   -0.000702311   0.00558449   -0.0025714   0.0133218   -0.000397054   0.00995239   0.00380929   0.0190684
9.385   -0.00442199   0.00147244   0.000436477   0.00365152   0.00293647   0.00273139   0.00204286   0.00528288
9.385   0.000583287   0.00594777   0.00270837   0.0142429   0.000682007   0.0106402   -0.00406298   0.0204076
11.475   0   0   0   0   0   0   0   0
11.475   0   0   0   0   0   0   0   0
11.475   0   0   0   0   0   0   0   0
11.475   0   0   0   0   0   0   0   0
11.475   0   0   0   0   0   0   0   0
11.475   0   0   0   0   0   0   0   0
13.52   0   0   0   0   0   0   0   0
13.52   0   0   0   0   0   0   0   0
13.52   0   0   0   0   0   0   0   0
13.52   0   0   0   0   0   0   0   0
13.52   0   0   0   0   0   0   0   0
13.52   0   0   0   0   0   0   0   0
15.09   0   0   0   0   0   0   0   0
15.09   0   0   0   0   0   0   0   0
15.09   0   0   0   0   0   0   0   0
15.09   0   0   0   0   0   0   0   0
15.09   0   0   0   0   0   0   0   0
15.09   0   0   0   0   0   0   0   0
17.5   0   0   0   0   0   0   0   0
17.5   0   0   0   0   0   0   0   0
17.5   0   0   0   0   0   0   0   0
17.5   0   0   0   0   0   0   0   0
17.5   0   0   0   0   0   0   0   0
17.5   0   0   0   0   0   0   0   0
