1.5   0   0   0   0   0   0   0   0
1.5   0   0   0   0   0   0   0   0
1.5   0   0   0   0   0   0   0   0
1.5   0   0   0   0   0   0   0   0
1.5   0   0   0   0   0   0   0   0
1.5   0   0   0   0   0   0   0   0
3.15   0   0   0   0   0   0   0   0
3.15   0   0   0   0   0   0   0   0
3.15   0   0   0   0   0   0   0   0
3.15   0   0   0   0   0   0   0   0
3.15   0   0   0   0   0   0   0   0
3.15   0   0   0   0   0   0   0   0
5.15   0   0   0   0   0   0   0   0
5.15   0   0   0   0   0   0   0   0
5.15   0   0   0   0   0   0   0   0
5.15   0   0   0   0   0   0   0   0
5.15   0   0   0   0   0   0   0   0
5.15   0   0   0   0   0   0   0   0
7.34   0   0   0   0   0   0   0   0
7.34   0   0   0   0   0   0   0   0
7.34   0   0   0   0   0   0   0   0
7.34   0   0   0   0   0   0   0   0
7.34   0   0   0   0   0   0   0   0
7.34   0   0   0   0   0   0   0   0
9.385   0.00424694   2.48818e-05   -0.000953214   5.91287e-05   -0.00142231   4.41854e-05   -0.00149737   8.45426e-05
9.385   0.000163171   0.000164293   0.000356783   0.000389103   -0.000114303   0.00028756   -0.000463203   0.00054998
9.385   0.00263904   0.000195654   0.000863544   0.000476376   -0.00199788   0.000354403   -0.00237061   0.000683359
9.385   -0.000749596   0.000928258   -0.00282244   0.00220605   -0.000224054   0.00162439   0.00429134   0.00311076
9.385   -0.00442027   0.000246009   0.000541262   0.000608957   0.00288208   0.000454958   0.00189776   0.000878141
9.385   0.000632764   0.000988769   0.00296721   0.00235757   0.000492367   0.0017337   -0.00457668   0.0033224
11.475   0   0   0   0   0   0   0   0
11.475   0   0   0   0   0   0   0   0
11.475   0   0   0   0   0   0   0   0
11.475   0   0   0   0   0   0   0   0
11.475   0   0   0   0   0   0   0   0
11.475   0   0   0   0   0   0   0   0
13.52   0   0   0   0   0   0   0   0
13.52   0   0   0   0   0   0   0   0
13.52   0   0   0   0   0   0   0   0
13.52   0   0   0   0   0   0   0   0
13.52   0   0   0   0   0   0   0   0
13.52   0   0   0   0   0   0   0   0
15.09   0   0   0   0   0   0   0   0
15.09   0   0   0   0   0   0   0   0
15.09   0   0   0   0   0   0   0   0
15.09   0   0   0   0   0   0   0   0
15.09   0   0   0   0   0   0   0   0
15.09   0   0   0   0   0   0   0   0
17.5   0   0   0   0   0   0   0   0
17.5   0   0   0   0   0   0   0   0
17.5   0   0   0   0   0   0   0   0
17.5   0   0   0   0   0   0   0   0
17.5   0   0   0   0   0   0   0   0
17.5   0   0   0   0   0   0   0   0
