1.5   0   0   0   0   0   0   0   0
1.5   0   0   0   0   0   0   0   0
1.5   0   0   0   0   0   0   0   0
1.5   0   0   0   0   0   0   0   0
1.5   0   0   0   0   0   0   0   0
1.5   0   0   0   0   0   0   0   0
3.15   0   0   0   0   0   0   0   0
3.15   0   0   0   0   0   0   0   0
3.15   0   0   0   0   0   0   0   0
3.15   0   0   0   0   0   0   0   0
3.15   0   0   0   0   0   0   0   0
3.15   0   0   0   0   0   0   0   0
5.15   0   0   0   0   0   0   0   0
5.15   0   0   0   0   0   0   0   0
5.15   0   0   0   0   0   0   0   0
5.15   0   0   0   0   0   0   0   0
5.15   0   0   0   0   0   0   0   0
5.15   0   0   0   0   0   0   0   0
7.34   0   0   0   0   0   0   0   0
7.34   0   0   0   0   0   0   0   0
7.34   0   0   0   0   0   0   0   0
7.34   0   0   0   0   0   0   0   0
7.34   0   0   0   0   0   0   0   0
7.34   0   0   0   0   0   0   0   0
9.385   0   0   0   0   0   0   0   0
9.385   0   0   0   0   0   0   0   0
9.385   0   0   0   0   0   0   0   0
9.385   0   0   0   0   0   0   0   0
9.385   0   0   0   0   0   0   0   0
9.385   0   0   0   0   0   0   0   0
11.475   0   0   0   0   0   0   0   0
11.475   0   0   0   0   0   0   0   0
11.475   0   0   0   0   0   0   0   0
11.475   0   0   0   0   0   0   0   0
11.475   0   0   0   0   0   0   0   0
11.475   0   0   0   0   0   0   0   0
13.52   0.00393166   5.32619e-05   -0.000951532   8.96116e-05   -0.00146255   9.20952e-05   -0.000874815   0.00012521
13.52   -0.000259408   6.94483e-05   8.20908e-05   0.000110196   0.000190202   0.000119221   3.22943e-05   0.000148774
13.52   0.00261819   7.48911e-05   0.00157424   0.000120592   -0.00178871   0.000130431   -0.0033676   0.000156815
13.52   0.000241967   7.80777e-05   -0.000762073   0.000123802   0.00101151   0.000133691   -0.000387118   0.00016
13.52   -0.00121873   7.07064e-05   -0.00276354   0.00011869   0.000897686   0.00012672   0.00391513   0.000151362
13.52   -5.91158e-05   7.39711e-05   0.00108147   0.00011996   -0.00124722   0.000128588   -0.000307884   0.000153287
15.09   0   0   0   0   0   0   0   0
15.09   0   0   0   0   0   0   0   0
15.09   0   0   0   0   0   0   0   0
15.09   0   0   0   0   0   0   0   0
15.09   0   0   0   0   0   0   0   0
15.09   0   0   0   0   0   0   0   0
17.5   0   0   0   0   0   0   0   0
17.5   0   0   0   0   0   0   0   0
17.5   0   0   0   0   0   0   0   0
17.5   0   0   0   0   0   0   0   0
17.5   0   0   0   0   0   0   0   0
17.5   0   0   0   0   0   0   0   0
