1.5   0   0   0   0   0   0   0   0   0   0   0   0
1.5   0   0   0   0   0   0   0   0   0   0   0   0
1.5   0   0   0   0   0   0   0   0   0   0   0   0
1.5   0   0   0   0   0   0   0   0   0   0   0   0
1.5   0   0   0   0   0   0   0   0   0   0   0   0
3.15   0   0   0   0   0   0   0   0   0   0   0   0
3.15   0   0   0   0   0   0   0   0   0   0   0   0
3.15   0   0   0   0   0   0   0   0   0   0   0   0
3.15   0   0   0   0   0   0   0   0   0   0   0   0
3.15   0   0   0   0   0   0   0   0   0   0   0   0
5.15   0   0   0   0   0   0   0   0   0   0   0   0
5.15   0   0   0   0   0   0   0   0   0   0   0   0
5.15   0   0   0   0   0   0   0   0   0   0   0   0
5.15   0   0   0   0   0   0   0   0   0   0   0   0
5.15   0   0   0   0   0   0   0   0   0   0   0   0
7.34   0   0   0   0   0   0   0   0   0   0   0   0
7.34   0   0   0   0   0   0   0   0   0   0   0   0
7.34   0   0   0   0   0   0   0   0   0   0   0   0
7.34   0   0   0   0   0   0   0   0   0   0   0   0
7.34   0   0   0   0   0   0   0   0   0   0   0   0
9.385   0   0   0   0   0   0   0   0   0   0   0   0
9.385   0   0   0   0   0   0   0   0   0   0   0   0
9.385   0   0   0   0   0   0   0   0   0   0   0   0
9.385   0   0   0   0   0   0   0   0   0   0   0   0
9.385   0   0   0   0   0   0   0   0   0   0   0   0
11.475   0   0   0   0   0   0   0   0   0   0   0   0
11.475   0   0   0   0   0   0   0   0   0   0   0   0
11.475   0   0   0   0   0   0   0   0   0   0   0   0
11.475   0   0   0   0   0   0   0   0   0   0   0   0
11.475   0   0   0   0   0   0   0   0   0   0   0   0
13.52   0.00417555   8.64833e-05   -0.000114065   0.000393217   0.00212215   0.0006937   0.00122441   0.00184001   -0.000803279   0.000900595   -0.0010025   0.00173406
13.52   0.00409636   9.56128e-05   5.08867e-05   0.000632949   0.00176587   0.000745737   -0.000832377   0.00357199   0.000284828   0.000944776   0.000957339   0.00380435
13.52   0.00378367   0.000117628   -0.000277637   0.000779571   0.00218129   0.000878063   0.000316539   0.00436812   -0.0010069   0.0010806   -0.00016153   0.00462394
13.52   0.00269024   7.62666e-05   -0.000343047   0.000316471   0.0013568   0.000597359   0.000946091   0.00142193   -0.000311417   0.000758674   -0.000739879   0.00133836
13.52   0.00123975   5.13456e-05   -2.23681e-05   0.00021022   0.000187243   0.000318206   0.000299685   0.000825208   -0.000273405   0.000279974   -0.000616257   0.000635432
15.09   0   0   0   0   0   0   0   0   0   0   0   0
15.09   0   0   0   0   0   0   0   0   0   0   0   0
15.09   0   0   0   0   0   0   0   0   0   0   0   0
15.09   0   0   0   0   0   0   0   0   0   0   0   0
15.09   0   0   0   0   0   0   0   0   0   0   0   0
17.5   0   0   0   0   0   0   0   0   0   0   0   0
17.5   0   0   0   0   0   0   0   0   0   0   0   0
17.5   0   0   0   0   0   0   0   0   0   0   0   0
17.5   0   0   0   0   0   0   0   0   0   0   0   0
17.5   0   0   0   0   0   0   0   0   0   0   0   0
