1.5   0   0   0   0   0   0   0   0
1.5   0   0   0   0   0   0   0   0
1.5   0   0   0   0   0   0   0   0
1.5   0   0   0   0   0   0   0   0
1.5   0   0   0   0   0   0   0   0
1.5   0   0   0   0   0   0   0   0
3.15   0   0   0   0   0   0   0   0
3.15   0   0   0   0   0   0   0   0
3.15   0   0   0   0   0   0   0   0
3.15   0   0   0   0   0   0   0   0
3.15   0   0   0   0   0   0   0   0
3.15   0   0   0   0   0   0   0   0
5.15   0   0   0   0   0   0   0   0
5.15   0   0   0   0   0   0   0   0
5.15   0   0   0   0   0   0   0   0
5.15   0   0   0   0   0   0   0   0
5.15   0   0   0   0   0   0   0   0
5.15   0   0   0   0   0   0   0   0
7.34   0   0   0   0   0   0   0   0
7.34   0   0   0   0   0   0   0   0
7.34   0   0   0   0   0   0   0   0
7.34   0   0   0   0   0   0   0   0
7.34   0   0   0   0   0   0   0   0
7.34   0   0   0   0   0   0   0   0
9.385   0   0   0   0   0   0   0   0
9.385   0   0   0   0   0   0   0   0
9.385   0   0   0   0   0   0   0   0
9.385   0   0   0   0   0   0   0   0
9.385   0   0   0   0   0   0   0   0
9.385   0   0   0   0   0   0   0   0
11.475   0   0   0   0   0   0   0   0
11.475   0   0   0   0   0   0   0   0
11.475   0   0   0   0   0   0   0   0
11.475   0   0   0   0   0   0   0   0
11.475   0   0   0   0   0   0   0   0
11.475   0   0   0   0   0   0   0   0
13.52   0.00396725   7.71337e-05   -0.000814278   0.000183843   -0.00151095   0.000134565   -0.00104955   0.000262427
13.52   -0.000209403   0.000480164   -0.000771482   0.000979967   0.0001156   0.000768254   0.0010546   0.00137365
13.52   0.00199664   0.000591229   -2.50991e-05   0.00143104   -0.000923239   0.00103173   -0.00135527   0.00202804
13.52   -0.000149726   0.00265064   0.0032209   0.00507352   0.00159466   0.0040949   -0.00499325   0.00704067
13.52   -0.000226555   0.000739876   -0.00054292   0.00180833   -0.000504382   0.00129058   0.00110427   0.00254586
13.52   0.000396265   0.00279429   -0.00272895   0.00519001   -0.00192194   0.00423368   0.00400414   0.00715421
15.09   0   0   0   0   0   0   0   0
15.09   0   0   0   0   0   0   0   0
15.09   0   0   0   0   0   0   0   0
15.09   0   0   0   0   0   0   0   0
15.09   0   0   0   0   0   0   0   0
15.09   0   0   0   0   0   0   0   0
17.5   0   0   0   0   0   0   0   0
17.5   0   0   0   0   0   0   0   0
17.5   0   0   0   0   0   0   0   0
17.5   0   0   0   0   0   0   0   0
17.5   0   0   0   0   0   0   0   0
17.5   0   0   0   0   0   0   0   0
