1.5   1.85264e-08   -2.59596e-09   -1.57831e-08   -1.28829e-09   8.9908e-10   -6.66241e-10   -5.50825e-10   -1.46282e-11   -1.32155e-08   6.6177e-10   4.73513e-09   1.0154e-09   -1.20456e-10   2.29e-11   1.20981e-11   4.43513e-11   -5.12872e-09   1.61898e-09   1.07095e-08   6.67799e-10   -7.08283e-10   5.19062e-10   4.30547e-10   1.30274e-10
1.5   -2.59596e-09   4.94931e-08   -6.67604e-09   -4.01325e-08   -6.82969e-10   1.80769e-10   4.5656e-11   -3.91266e-10   8.61381e-10   -3.02511e-08   2.83212e-09   1.18765e-08   5.68891e-11   -5.38697e-11   -1.41671e-11   -6.5933e-11   1.61531e-09   -1.70986e-08   3.9201e-09   2.5206e-08   5.76725e-10   -5.83496e-11   2.87891e-11   3.44323e-10
1.5   -1.57831e-08   -6.67604e-09   6.57357e-08   -2.00683e-08   -9.48684e-10   6.01518e-10   -7.96553e-10   1.11093e-09   6.22194e-09   3.96898e-09   -4.22241e-08   8.00272e-09   1.03226e-10   2.87736e-12   6.31702e-11   -4.30591e-12   9.15707e-09   3.20679e-09   -2.24113e-08   1.08437e-08   8.01542e-10   -6.02527e-10   7.38779e-10   -1.04124e-09
1.5   -1.28829e-09   -4.01325e-08   -2.00683e-08   1.0153e-07   4.5641e-10   -5.15765e-10   1.14821e-09   -1.18772e-09   1.96117e-09   1.36748e-08   8.5374e-09   -5.98296e-08   1.91652e-12   8.67335e-11   1.59266e-12   1.16418e-10   -3.87614e-10   2.33981e-08   1.0632e-08   -3.68537e-08   -4.51651e-10   4.6174e-10   -1.0898e-09   9.64607e-10
1.5   8.9908e-10   -6.82969e-10   -9.48684e-10   4.5641e-10   2.32089e-08   -3.41904e-09   -1.22954e-08   -3.07024e-09   -8.35162e-11   -9.33848e-11   1.82715e-11   -1.1781e-10   -1.5547e-08   4.51745e-10   1.98834e-09   7.94689e-10   -7.29682e-10   5.94925e-10   7.80578e-10   -8.82231e-11   -7.35954e-09   2.64268e-09   9.89792e-09   2.58817e-09
1.5   -6.66241e-10   1.80769e-10   6.01518e-10   -5.15765e-10   -3.41904e-09   6.05194e-08   -8.87275e-09   -3.00337e-08   -6.42758e-11   -2.25395e-10   -2.90736e-10   -3.6037e-10   5.98934e-10   -3.66606e-08   1.82691e-09   4.38269e-09   6.65337e-10   1.28611e-10   -2.15457e-10   7.17435e-10   2.69388e-09   -2.13453e-08   6.98509e-09   2.23505e-08
1.5   -5.50825e-10   4.5656e-11   -7.96553e-10   1.14821e-09   -1.22954e-08   -8.87275e-09   9.11244e-08   -1.85812e-08   -1.25587e-10   4.6515e-11   -3.46474e-10   7.14582e-11   2.30197e-09   2.21182e-09   -5.66928e-08   3.72032e-09   6.56132e-10   -1.95563e-10   1.09539e-09   -1.01135e-09   9.43577e-09   6.92514e-09   -3.27357e-08   1.37208e-08
1.5   -1.46282e-11   -3.91266e-10   1.11093e-09   -1.18772e-09   -3.07024e-09   -3.00337e-08   -1.85812e-08   1.31129e-07   7.46873e-11   -1.98882e-10   6.8134e-11   -3.37682e-10   1.10786e-09   4.7657e-09   3.88897e-09   -7.80588e-08   -8.52093e-11   6.4343e-10   -1.07519e-09   1.36379e-09   2.19471e-09   2.17242e-08   1.36338e-08   -4.70966e-08
1.5   -1.32155e-08   8.61381e-10   6.22194e-09   1.96117e-09   -8.35162e-11   -6.42758e-11   -1.25587e-10   7.46873e-11   3.21906e-08   -1.6248e-09   -4.85516e-09   -2.58862e-09   3.4222e-11   -1.92864e-11   2.8575e-12   -1.23635e-11   -1.85882e-08   6.47825e-10   -1.86067e-09   7.71243e-10   5.14435e-11   6.05892e-11   1.1119e-10   -3.00192e-11
1.5   6.6177e-10   -3.02511e-08   3.96898e-09   1.36748e-08   -9.33848e-11   -2.25395e-10   4.6515e-11   -1.98882e-10   -1.6248e-09   7.6418e-08   -4.81423e-09   -1.21727e-08   -1.40622e-11   8.82441e-12   -3.15178e-11   -3.57579e-12   8.71314e-10   -4.35192e-08   9.86859e-10   -4.957e-09   9.86119e-11   2.01857e-10   -4.54936e-12   2.06426e-10
1.5   4.73513e-09   2.83212e-09   -4.22241e-08   8.5374e-09   1.82715e-11   -2.90736e-10   -3.46474e-10   6.8134e-11   -4.85516e-09   -4.81423e-09   1.15656e-07   -9.16331e-09   -1.66054e-11   -2.11334e-11   1.98214e-12   -9.04577e-12   -4.56997e-10   2.00793e-09   -7.1811e-08   3.66625e-10   7.44407e-12   2.47814e-10   3.13295e-10   2.3628e-11
1.5   1.0154e-09   1.18765e-08   8.00272e-09   -5.98296e-08   -1.1781e-10   -3.6037e-10   7.14582e-11   -3.37682e-10   -2.58862e-09   -1.21727e-08   -9.16331e-09   1.62981e-07   -6.64178e-12   -7.3429e-13   -2.70807e-11   -7.09708e-13   1.67972e-09   -3.49182e-09   6.73639e-10   -9.68232e-08   1.14061e-10   3.32753e-10   -3.10044e-11   3.50218e-10
1.5   -1.20456e-10   5.68891e-11   1.03226e-10   1.91652e-12   -1.5547e-08   5.98934e-10   2.30197e-09   1.10786e-09   3.4222e-11   -1.40622e-11   -1.66054e-11   -6.64178e-12   3.41837e-08   -4.20005e-10   -1.18349e-09   -6.18409e-10   8.03141e-11   -3.56617e-11   -7.75814e-11   -5.49254e-12   -1.82563e-08   -2.4847e-10   -1.6267e-09   -3.51434e-10
1.5   2.29e-11   -5.38697e-11   2.87736e-12   8.67335e-11   4.51745e-10   -3.66606e-08   2.21182e-09   4.7657e-09   -1.92864e-11   8.82441e-12   -2.11334e-11   -7.3429e-13   -4.20005e-10   8.22718e-08   -1.14887e-09   -3.65826e-09   -2.82424e-12   3.15039e-11   1.41683e-11   -6.67164e-11   -1.1236e-10   -4.29702e-08   -8.41487e-10   -4.60902e-09
1.5   1.20981e-11   -1.41671e-11   6.31702e-11   1.59266e-12   1.98834e-09   1.82691e-09   -5.66928e-08   3.88897e-09   2.8575e-12   -3.15178e-11   1.98214e-12   -2.70807e-11   -1.18349e-09   -1.14887e-09   1.26945e-07   -2.29183e-09   -1.47168e-11   3.85939e-11   -6.43161e-11   2.97494e-11   -1.32133e-09   -5.24869e-10   -6.87948e-08   -1.89038e-09
1.5   4.43513e-11   -6.5933e-11   -4.30591e-12   1.16418e-10   7.94689e-10   4.38269e-09   3.72032e-09   -7.80588e-08   -1.23635e-11   -3.57579e-12   -9.04577e-12   -7.09708e-13   -6.18409e-10   -3.65826e-09   -2.29183e-09   1.78307e-07   -2.85803e-11   4.67589e-11   5.07917e-12   -8.45706e-11   -5.43919e-11   -4.30112e-09   -1.78415e-09   -9.4311e-08
1.5   -5.12872e-09   1.61531e-09   9.15707e-09   -3.87614e-10   -7.29682e-10   6.65337e-10   6.56132e-10   -8.52093e-11   -1.85882e-08   8.71314e-10   -4.56997e-10   1.67972e-09   8.03141e-11   -2.82424e-12   -1.47168e-11   -2.85803e-11   2.41201e-08   -2.30287e-09   -9.40088e-09   -1.40721e-09   5.83658e-10   -5.25363e-10   -5.30542e-10   -6.69747e-11
1.5   1.61898e-09   -1.70986e-08   3.20679e-09   2.33981e-08   5.94925e-10   1.28611e-10   -1.95563e-10   6.4343e-10   6.47825e-10   -4.35192e-08   2.00793e-09   -3.49182e-09   -3.56617e-11   3.15039e-11   3.85939e-11   4.67589e-11   -2.30287e-09   6.33675e-08   -4.83418e-09   -2.39653e-08   -5.11948e-10   -2.03641e-10   9.25523e-11   -5.92274e-10
1.5   1.07095e-08   3.9201e-09   -2.24113e-08   1.0632e-08   7.80578e-10   -2.15457e-10   1.09539e-09   -1.07519e-09   -1.86067e-09   9.86859e-10   -7.1811e-08   6.73639e-10   -7.75814e-11   1.41683e-11   -6.43161e-11   5.07917e-12   -9.40088e-09   -4.83418e-09   9.52556e-08   -1.10984e-08   -6.77932e-10   2.71244e-10   -9.97062e-10   9.17798e-10
1.5   6.67799e-10   2.5206e-08   1.08437e-08   -3.68537e-08   -8.82231e-11   7.17435e-10   -1.01135e-09   1.36379e-09   7.71243e-10   -4.957e-09   3.66625e-10   -9.68232e-08   -5.49254e-12   -6.67164e-11   2.97494e-11   -8.45706e-11   -1.40721e-09   -2.39653e-08   -1.10984e-08   1.39163e-07   1.10934e-10   -6.67667e-10   9.04721e-10   -1.17685e-09
1.5   -7.08283e-10   5.76725e-10   8.01542e-10   -4.51651e-10   -7.35954e-09   2.69388e-09   9.43577e-09   2.19471e-09   5.14435e-11   9.86119e-11   7.44407e-12   1.14061e-10   -1.82563e-08   -1.1236e-10   -1.32133e-09   -5.43919e-11   5.83658e-10   -5.11948e-10   -6.77932e-10   1.10934e-10   2.59059e-08   -2.4298e-09   -8.73073e-09   -2.17508e-09
1.5   5.19062e-10   -5.83496e-11   -6.02527e-10   4.6174e-10   2.64268e-09   -2.13453e-08   6.92514e-09   2.17242e-08   6.05892e-11   2.01857e-10   2.47814e-10   3.32753e-10   -2.4847e-10   -4.29702e-08   -5.24869e-10   -4.30112e-09   -5.25363e-10   -2.03641e-10   2.71244e-10   -6.67667e-10   -2.4298e-09   6.67146e-08   -5.97167e-09   -2.12012e-08
1.5   4.30547e-10   2.87891e-11   7.38779e-10   -1.0898e-09   9.89792e-09   6.98509e-09   -3.27357e-08   1.36338e-08   1.1119e-10   -4.54936e-12   3.13295e-10   -3.10044e-11   -1.6267e-09   -8.41487e-10   -6.87948e-08   -1.78415e-09   -5.30542e-10   9.25523e-11   -9.97062e-10   9.04721e-10   -8.73073e-09   -5.97167e-09   1.02133e-07   -1.16784e-08
1.5   1.30274e-10   3.44323e-10   -1.04124e-09   9.64607e-10   2.58817e-09   2.23505e-08   1.37208e-08   -4.70966e-08   -3.00192e-11   2.06426e-10   2.3628e-11   3.50218e-10   -3.51434e-10   -4.60902e-09   -1.89038e-09   -9.4311e-08   -6.69747e-11   -5.92274e-10   9.17798e-10   -1.17685e-09   -2.17508e-09   -2.12012e-08   -1.16784e-08   1.4618e-07
3.15   2.08417e-09   -2.28579e-10   -2.09613e-09   -7.74625e-11   6.85578e-11   -4.70151e-11   -4.61217e-11   3.68992e-11   -1.21726e-09   8.36598e-11   6.72156e-10   2.08027e-10   1.08393e-14   -1.21495e-11   -8.75374e-11   1.081e-10   -7.88931e-10   8.65356e-11   1.10434e-09   1.84777e-10   -3.42309e-11   1.29251e-11   -1.15489e-10   1.52493e-10
3.15   -2.28579e-10   5.3562e-09   -5.3271e-10   -5.1391e-09   -4.89564e-11   1.13506e-10   5.50294e-11   -9.773e-11   8.86192e-11   -2.93703e-09   4.91319e-10   1.60285e-09   -1.62397e-11   1.74574e-11   1.6516e-10   -1.92606e-10   7.25912e-11   -2.04463e-09   5.07696e-10   2.578e-09   6.32193e-12   -4.20947e-11   2.33077e-10   -2.62464e-10
3.15   -2.09613e-09   -5.3271e-10   6.38179e-09   -2.01302e-09   -5.3879e-11   2.68557e-11   8.58841e-11   -6.31951e-11   8.16384e-10   3.67895e-10   -3.91327e-09   7.88063e-10   -1.69032e-12   1.59658e-11   9.18466e-11   -1.07864e-10   1.18059e-09   2.44497e-10   -2.06768e-09   8.21447e-10   2.01069e-11   4.13531e-12   8.35076e-11   -1.38831e-10
3.15   -7.74625e-11   -5.1391e-09   -2.01302e-09   1.04821e-08   3.09489e-11   -9.22589e-11   -8.81029e-11   1.42911e-10   1.36545e-10   1.83319e-09   7.09545e-10   -5.74366e-09   2.17795e-11   -1.77351e-11   -1.71048e-10   2.11721e-10   2.19593e-11   2.82911e-09   7.39546e-10   -3.55925e-09   9.74497e-12   1.5545e-11   -2.28182e-10   2.40371e-10
3.15   6.85578e-11   -4.89564e-11   -5.3879e-11   3.09489e-11   2.85568e-09   -3.38925e-10   -1.58188e-09   -4.56493e-10   1.15342e-11   -1.57029e-11   -7.354e-11   1.16388e-10   -1.60051e-09   8.27827e-11   2.71529e-10   2.79242e-10   -4.30472e-11   1.52262e-11   -1.38947e-10   1.70675e-10   -1.15691e-09   1.97896e-10   9.67982e-10   4.94107e-10
3.15   -4.70151e-11   1.13506e-10   2.68557e-11   -9.22589e-11   -3.38925e-10   7.12749e-09   -1.04908e-09   -3.91699e-09   -1.88026e-11   4.39034e-11   1.76682e-10   -1.57025e-10   8.36849e-11   -3.93733e-09   5.18309e-10   6.38381e-10   6.51166e-12   -6.73529e-11   2.52926e-10   -3.06723e-10   1.8704e-10   -2.75401e-09   9.79978e-10   2.27618e-09
3.15   -4.61217e-11   5.50294e-11   8.58841e-11   -8.81029e-11   -1.58188e-09   -1.04908e-09   1.02868e-08   -2.43103e-09   -7.02917e-12   3.60897e-11   1.93818e-10   -1.69851e-10   3.73095e-10   3.98187e-10   -5.99466e-09   4.92465e-10   -4.86789e-12   -1.13606e-11   1.65759e-10   -2.71859e-10   1.07803e-09   7.5346e-10   -3.63199e-09   1.2934e-09
3.15   3.68992e-11   -9.773e-11   -6.31951e-11   1.42911e-10   -4.56493e-10   -3.91699e-09   -2.43103e-09   1.48412e-08   3.21472e-11   -1.33025e-11   -2.16478e-10   3.08027e-10   2.0538e-10   8.30934e-10   4.55876e-10   -8.23693e-09   1.00229e-11   -6.44644e-12   -3.41041e-10   3.07059e-10   3.44388e-10   2.54349e-09   1.25348e-09   -5.13227e-09
3.15   -1.21726e-09   8.86192e-11   8.16384e-10   1.36545e-10   1.15342e-11   -1.88026e-11   -7.02917e-12   3.21472e-11   3.3208e-09   -1.74244e-10   -6.70532e-10   -2.03065e-10   7.26994e-12   -5.28566e-12   -4.11832e-11   5.15481e-11   -2.04007e-09   5.87727e-11   -3.21074e-10   2.16023e-10   -3.26222e-12   1.59278e-12   -7.06734e-11   6.11441e-11
3.15   8.36598e-11   -2.93703e-09   3.67895e-10   1.83319e-09   -1.57029e-11   4.39034e-11   3.60897e-11   -1.33025e-11   -1.74244e-10   8.45678e-09   -4.58812e-10   -1.71931e-09   -5.86512e-12   1.33127e-11   6.76373e-11   -7.3581e-11   5.99389e-11   -5.16091e-09   2.86993e-10   -7.44578e-10   -2.00265e-12   -2.27736e-11   7.90027e-11   -1.3214e-10
3.15   6.72156e-10   4.91319e-10   -3.91327e-09   7.09545e-10   -7.354e-11   1.76682e-10   1.93818e-10   -2.16478e-10   -6.70532e-10   -4.58812e-10   1.32929e-08   -1.53037e-09   -3.82334e-11   5.34855e-11   3.72474e-10   -4.32241e-10   -1.90206e-10   1.81077e-10   -8.15932e-09   -4.75197e-10   -1.98395e-11   -3.90804e-11   4.60208e-10   -5.89457e-10
3.15   2.08027e-10   1.60285e-09   7.88063e-10   -5.74366e-09   1.16388e-10   -1.57025e-10   -1.69851e-10   3.08027e-10   -2.03065e-10   -1.71931e-09   -1.53037e-09   1.87764e-08   4.14096e-11   -5.84951e-11   -4.16527e-10   4.98872e-10   1.60458e-10   -5.05625e-10   -4.78211e-10   -1.09134e-08   -7.55863e-12   -6.38622e-13   -5.75804e-10   6.009e-10
3.15   1.08393e-14   -1.62397e-11   -1.69032e-12   2.17795e-11   -1.60051e-09   8.36849e-11   3.73095e-10   2.0538e-10   7.26994e-12   -5.86512e-12   -3.82334e-11   4.14096e-11   3.5631e-09   -6.86677e-11   -2.27769e-10   -5.74333e-11   5.15995e-12   3.62595e-12   -5.86972e-11   5.69447e-11   -1.90853e-09   -4.05682e-11   -2.97397e-10   -1.23543e-11
3.15   -1.21495e-11   1.74574e-11   1.59658e-11   -1.77351e-11   8.27827e-11   -3.93733e-09   3.98187e-10   8.30934e-10   -5.28566e-12   1.33127e-11   5.34855e-11   -5.84951e-11   -6.86677e-11   9.22962e-09   -1.45318e-10   -6.33625e-10   -7.88819e-13   -4.95591e-12   7.25546e-11   -9.39781e-11   -3.98747e-11   -4.9658e-09   -8.60329e-11   -7.58257e-10
3.15   -8.75374e-11   1.6516e-10   9.18466e-11   -1.71048e-10   2.71529e-10   5.18309e-10   -5.99466e-09   4.55876e-10   -4.11832e-11   6.76373e-11   3.72474e-10   -4.16527e-10   -2.27769e-10   -1.45318e-10   1.48832e-08   -8.15576e-10   2.84185e-13   -4.76581e-11   5.34064e-10   -6.17578e-10   -2.26684e-10   -1.62635e-10   -7.72412e-09   -8.8205e-10
3.15   1.081e-10   -1.92606e-10   -1.07864e-10   2.11721e-10   2.79242e-10   6.38381e-10   4.92465e-10   -8.23693e-09   5.15481e-11   -7.3581e-11   -4.32241e-10   4.98872e-10   -5.74333e-11   -6.33625e-10   -8.15576e-10   2.09147e-08   -7.75343e-12   4.76292e-11   -6.37137e-10   7.12535e-10   -5.38741e-11   -6.16632e-10   -8.90767e-10   -1.05878e-08
3.15   -7.88931e-10   7.25912e-11   1.18059e-09   2.19593e-11   -4.30472e-11   6.51166e-12   -4.86789e-12   1.00229e-11   -2.04007e-09   5.99389e-11   -1.90206e-10   1.60458e-10   5.15995e-12   -7.88819e-13   2.84185e-13   -7.75343e-12   2.84457e-09   -1.3906e-10   -1.0275e-09   -1.7102e-10   3.43764e-11   -3.67692e-12   1.51535e-11   -1.291e-11
3.15   8.65356e-11   -2.04463e-09   2.44497e-10   2.82911e-09   1.52262e-11   -6.73529e-11   -1.13606e-11   -6.44644e-12   5.87727e-11   -5.16091e-09   1.81077e-10   -5.05625e-10   3.62595e-12   -4.95591e-12   -4.76581e-11   4.76292e-11   -1.3906e-10   7.42587e-09   -5.08289e-10   -2.55713e-09   -2.8566e-12   4.59255e-11   -6.29282e-11   1.08028e-10
3.15   1.10434e-09   5.07696e-10   -2.06768e-09   7.39546e-10   -1.38947e-10   2.52926e-10   1.65759e-10   -3.41041e-10   -3.21074e-10   2.86993e-10   -8.15932e-09   -4.78211e-10   -5.86972e-11   7.25546e-11   5.34064e-10   -6.37137e-10   -1.0275e-09   -5.08289e-10   1.18054e-08   -2.05299e-09   6.34175e-12   -4.62588e-11   7.85031e-10   -8.23994e-10
3.15   1.84777e-10   2.578e-09   8.21447e-10   -3.55925e-09   1.70675e-10   -3.06723e-10   -2.71859e-10   3.07059e-10   2.16023e-10   -7.44578e-10   -4.75197e-10   -1.09134e-08   5.69447e-11   -9.39781e-11   -6.17578e-10   7.12535e-10   -1.7102e-10   -2.55713e-09   -2.05299e-09   1.71118e-08   -7.84199e-12   8.52523e-11   -8.08915e-10   1.02596e-09
3.15   -3.42309e-11   6.32193e-12   2.01069e-11   9.74497e-12   -1.15691e-09   1.8704e-10   1.07803e-09   3.44388e-10   -3.26222e-12   -2.00265e-12   -1.98395e-11   -7.55863e-12   -1.90853e-09   -3.98747e-11   -2.26684e-10   -5.38741e-11   3.43764e-11   -2.8566e-12   6.34175e-12   -7.84199e-12   3.06994e-09   -1.5531e-10   -8.88072e-10   -2.67036e-10
3.15   1.29251e-11   -4.20947e-11   4.13531e-12   1.5545e-11   1.97896e-10   -2.75401e-09   7.5346e-10   2.54349e-09   1.59278e-12   -2.27736e-11   -3.90804e-11   -6.38622e-13   -4.05682e-11   -4.9658e-09   -1.62635e-10   -6.16632e-10   -3.67692e-12   4.59255e-11   -4.62588e-11   8.52523e-11   -1.5531e-10   7.9097e-09   -6.26118e-10   -2.18538e-09
3.15   -1.15489e-10   2.33077e-10   8.35076e-11   -2.28182e-10   9.67982e-10   9.79978e-10   -3.63199e-09   1.25348e-09   -7.06734e-11   7.90027e-11   4.60208e-10   -5.75804e-10   -2.97397e-10   -8.60329e-11   -7.72412e-09   -8.90767e-10   1.51535e-11   -6.29282e-11   7.85031e-10   -8.08915e-10   -8.88072e-10   -6.26118e-10   1.27225e-08   -1.95943e-09
3.15   1.52493e-10   -2.62464e-10   -1.38831e-10   2.40371e-10   4.94107e-10   2.27618e-09   1.2934e-09   -5.13227e-09   6.11441e-11   -1.3214e-10   -5.89457e-10   6.009e-10   -1.23543e-11   -7.58257e-10   -8.8205e-10   -1.05878e-08   -1.291e-11   1.08028e-10   -8.23994e-10   1.02596e-09   -2.67036e-10   -2.18538e-09   -1.95943e-09   1.80861e-08
5.15   2.51526e-09   -2.37256e-10   -2.48771e-09   -1.86741e-10   -4.86616e-11   5.83455e-11   -1.92545e-12   1.17856e-11   -1.43783e-09   1.3108e-10   9.49652e-10   7.70528e-11   8.66822e-12   -4.52109e-12   -2.29794e-11   -3.91003e-11   -1.01108e-09   1.28143e-10   1.40378e-09   2.77919e-11   4.4251e-11   -2.65865e-11   -2.19489e-11   -5.85484e-11
5.15   -2.37256e-10   6.69452e-09   -7.98641e-10   -6.32215e-09   6.35161e-11   -8.9608e-12   4.15311e-11   -2.32502e-11   1.45102e-10   -3.53875e-09   3.20755e-10   2.17789e-09   -9.87541e-12   -4.78036e-12   -8.07223e-11   -6.8494e-11   1.31285e-10   -2.5983e-09   2.96518e-10   3.21293e-09   -4.05997e-11   5.15453e-12   -1.38946e-10   -9.12077e-11
5.15   -2.48771e-09   -7.98641e-10   8.05435e-09   -2.54721e-09   3.20214e-11   2.90497e-11   -1.99978e-11   8.56033e-11   1.01511e-09   3.91526e-10   -4.84732e-09   1.11881e-09   -4.87107e-12   -9.65534e-12   2.18481e-11   8.98088e-12   1.38749e-09   4.05785e-10   -2.98614e-09   1.39739e-09   -2.97685e-11   -3.47503e-11   3.14279e-11   -3.33018e-11
5.15   -1.86741e-10   -6.32215e-09   -2.54721e-09   1.32316e-08   -9.07939e-12   -3.36144e-12   7.16536e-11   5.84054e-12   9.28567e-11   2.29182e-09   1.16243e-09   -7.15418e-09   2.30567e-12   2.51381e-11   5.72177e-11   5.05378e-11   5.39312e-11   3.3257e-09   1.48768e-09   -4.86456e-09   2.56085e-12   2.96328e-11   5.10924e-11   7.4161e-11
5.15   -4.86616e-11   6.35161e-11   3.20214e-11   -9.07939e-12   3.57303e-09   -3.93697e-10   -1.64712e-09   -7.44336e-10   5.51241e-12   1.95707e-11   -3.25508e-11   -1.02699e-11   -1.93933e-09   1.54808e-10   4.18034e-10   1.85318e-10   4.87636e-11   -4.83071e-11   -6.55275e-11   -9.84165e-11   -1.53956e-09   2.8306e-10   1.07267e-09   4.0937e-10
5.15   5.83455e-11   -8.9608e-12   2.90497e-11   -3.36144e-12   -3.93697e-10   9.16253e-09   -1.54542e-09   -4.35873e-09   1.87127e-11   2.51109e-11   -2.39561e-11   -3.86551e-11   1.59003e-10   -4.81569e-09   4.11157e-10   8.61295e-10   -5.98385e-11   -2.01136e-11   -2.22202e-10   -1.87784e-10   2.81438e-10   -3.67791e-09   8.91471e-10   2.44884e-09
5.15   -1.92545e-12   4.15311e-11   -1.99978e-11   7.16536e-11   -1.64712e-09   -1.54542e-09   1.33239e-08   -2.98015e-09   1.0666e-11   3.88186e-11   7.25842e-11   1.10934e-10   4.56265e-10   4.95579e-10   -7.56603e-09   9.77559e-10   -1.48281e-11   -9.38678e-11   5.40012e-12   -9.72311e-11   1.09797e-09   1.0038e-09   -5.41034e-09   2.01267e-09
5.15   1.17856e-11   -2.32502e-11   8.56033e-11   5.84054e-12   -7.44336e-10   -4.35873e-09   -2.98015e-09   1.91558e-08   2.16291e-11   6.39352e-11   1.33773e-10   1.08113e-10   2.2857e-10   9.80203e-10   1.00988e-09   -1.03394e-08   -3.46457e-11   2.67747e-11   -1.72185e-11   2.15383e-11   4.57623e-10   2.60439e-09   2.07395e-09   -7.36573e-09
5.15   -1.43783e-09   1.45102e-10   1.01511e-09   9.28567e-11   5.51241e-12   1.87127e-11   1.0666e-11   2.16291e-11   3.9969e-09   -1.38548e-10   -6.95713e-10   -2.73824e-10   -2.87691e-14   4.14373e-12   -1.76873e-11   -1.97804e-11   -2.49453e-09   4.76181e-11   -4.24121e-10   5.93322e-11   -1.57872e-12   -1.78886e-11   -4.32662e-11   -6.20301e-11
5.15   1.3108e-10   -3.53875e-09   3.91526e-10   2.29182e-09   1.95707e-11   2.51109e-11   3.88186e-11   6.39352e-11   -1.38548e-10   1.05541e-08   -5.68563e-10   -1.9786e-09   3.14028e-12   -1.83478e-11   -5.34606e-11   -3.67614e-11   5.34733e-11   -6.42187e-09   2.169e-11   -1.21172e-09   -2.06117e-11   -6.15555e-11   -1.42319e-10   -1.30688e-10
5.15   9.49652e-10   3.20755e-10   -4.84732e-09   1.16243e-09   -3.25508e-11   -2.39561e-11   7.25842e-11   1.33773e-10   -6.95713e-10   -5.68563e-10   1.60241e-08   -9.75983e-10   -5.84885e-12   -3.06034e-11   7.94606e-11   1.37403e-10   -3.44368e-10   1.24771e-10   -1.07503e-08   1.74462e-10   4.69489e-12   -5.7189e-11   6.06809e-11   9.3364e-11
5.15   7.70528e-11   2.17789e-09   1.11881e-09   -7.15418e-09   -1.02699e-11   -3.86551e-11   1.10934e-10   1.08113e-10   -2.73824e-10   -1.9786e-09   -9.75983e-10   2.31348e-08   -6.09661e-12   2.96844e-12   1.41907e-10   1.67608e-10   1.13197e-10   -1.04316e-09   2.03925e-10   -1.42744e-08   -1.24532e-11   9.63367e-12   1.21234e-10   1.60135e-10
5.15   8.66822e-12   -9.87541e-12   -4.87107e-12   2.30567e-12   -1.93933e-09   1.59003e-10   4.56265e-10   2.2857e-10   -2.87691e-14   3.14028e-12   -5.84885e-12   -6.09661e-12   4.27264e-09   -5.50862e-11   -2.20458e-10   -1.42133e-10   -7.28923e-12   -5.72236e-13   -2.0884e-11   -2.13257e-11   -2.28184e-09   -6.40873e-11   -3.20946e-10   -1.60686e-10
5.15   -4.52109e-12   -4.78036e-12   -9.65534e-12   2.51381e-11   1.54808e-10   -4.81569e-09   4.95579e-10   9.80203e-10   4.14373e-12   -1.83478e-11   -3.06034e-11   2.96844e-12   -5.50862e-11   1.13893e-08   -2.69514e-10   -7.71484e-10   -4.62466e-12   -5.39437e-11   -7.5896e-11   -6.09365e-11   -6.07908e-11   -6.04102e-09   -3.27673e-10   -1.0129e-09
5.15   -2.29794e-11   -8.07223e-11   2.18481e-11   5.72177e-11   4.18034e-10   4.11157e-10   -7.56603e-09   1.00988e-09   -1.76873e-11   -5.34606e-11   7.94606e-11   1.41907e-10   -2.20458e-10   -2.69514e-10   1.78162e-08   -2.81582e-10   1.64745e-12   -5.30763e-12   1.38556e-10   2.27156e-10   -2.91259e-10   -2.68797e-10   -9.83878e-09   -3.13738e-10
5.15   -3.91003e-11   -6.8494e-11   8.98088e-12   5.05378e-11   1.85318e-10   8.61295e-10   9.77559e-10   -1.03394e-08   -1.97804e-11   -3.67614e-11   1.37403e-10   1.67608e-10   -1.42133e-10   -7.71484e-10   -2.81582e-10   2.54703e-08   1.99875e-11   3.95862e-11   2.66223e-10   3.07308e-10   -1.2785e-10   -9.31177e-10   -2.96919e-10   -1.34418e-08
5.15   -1.01108e-09   1.31285e-10   1.38749e-09   5.39312e-11   4.87636e-11   -5.98385e-11   -1.48281e-11   -3.46457e-11   -2.49453e-09   5.34733e-11   -3.44368e-10   1.13197e-10   -7.28923e-12   -4.62466e-12   1.64745e-12   1.99875e-11   3.51721e-09   -1.45898e-10   -1.09248e-09   -2.09942e-10   -4.40572e-11   2.46053e-11   5.60196e-12   5.6456e-11
5.15   1.28143e-10   -2.5983e-09   4.05785e-10   3.3257e-09   -4.83071e-11   -2.01136e-11   -9.38678e-11   2.67747e-11   4.76181e-11   -6.42187e-09   1.24771e-10   -1.04316e-09   -5.72236e-13   -5.39437e-11   -5.30763e-12   3.95862e-11   -1.45898e-10   9.43542e-09   -5.48568e-10   -2.96402e-09   2.60409e-11   -7.00963e-11   5.78016e-11   6.33508e-11
5.15   1.40378e-09   2.96518e-10   -2.98614e-09   1.48768e-09   -6.55275e-11   -2.22202e-10   5.40012e-12   -1.72185e-11   -4.24121e-10   2.169e-11   -1.07503e-08   2.03925e-10   -2.0884e-11   -7.5896e-11   1.38556e-10   2.66223e-10   -1.09248e-09   -5.48568e-10   1.41723e-08   -9.46868e-10   1.74866e-11   4.58956e-11   2.61561e-10   4.86757e-10
5.15   2.77919e-11   3.21293e-09   1.39739e-09   -4.86456e-09   -9.84165e-11   -1.87784e-10   -9.72311e-11   2.15383e-11   5.93322e-11   -1.21172e-09   1.74462e-10   -1.42744e-08   -2.13257e-11   -6.09365e-11   2.27156e-10   3.07308e-10   -2.09942e-10   -2.96402e-09   -9.46868e-10   2.10082e-08   4.78145e-11   6.3228e-11   4.74833e-10   5.49623e-10
5.15   4.4251e-11   -4.05997e-11   -2.97685e-11   2.56085e-12   -1.53956e-09   2.81438e-10   1.09797e-09   4.57623e-10   -1.57872e-12   -2.06117e-11   4.69489e-12   -1.24532e-11   -2.28184e-09   -6.07908e-11   -2.91259e-10   -1.2785e-10   -4.40572e-11   2.60409e-11   1.74866e-11   4.78145e-11   3.81798e-09   -1.88968e-10   -8.52686e-10   -3.53601e-10
5.15   -2.65865e-11   5.15453e-12   -3.47503e-11   2.96328e-11   2.8306e-10   -3.67791e-09   1.0038e-09   2.60439e-09   -1.78886e-11   -6.15555e-11   -5.7189e-11   9.63367e-12   -6.40873e-11   -6.04102e-09   -2.68797e-10   -9.31177e-10   2.46053e-11   -7.00963e-11   4.58956e-11   6.3228e-11   -1.88968e-10   1.00814e-08   -7.47912e-10   -2.32883e-09
5.15   -2.19489e-11   -1.38946e-10   3.14279e-11   5.10924e-11   1.07267e-09   8.91471e-10   -5.41034e-09   2.07395e-09   -4.32662e-11   -1.42319e-10   6.06809e-11   1.21234e-10   -3.20946e-10   -3.27673e-10   -9.83878e-09   -2.96919e-10   5.60196e-12   5.78016e-11   2.61561e-10   4.74833e-10   -8.52686e-10   -7.47912e-10   1.55703e-08   -1.12672e-09
5.15   -5.85484e-11   -9.12077e-11   -3.33018e-11   7.4161e-11   4.0937e-10   2.44884e-09   2.01267e-09   -7.36573e-09   -6.20301e-11   -1.30688e-10   9.3364e-11   1.60135e-10   -1.60686e-10   -1.0129e-09   -3.13738e-10   -1.34418e-08   5.6456e-11   6.33508e-11   4.86757e-10   5.49623e-10   -3.53601e-10   -2.32883e-09   -1.12672e-09   2.24501e-08
7.34   7.314e-09   -7.90901e-10   -7.93614e-09   5.38799e-11   -6.36545e-10   2.22059e-10   1.00615e-10   2.324e-10   -4.49461e-09   3.92652e-10   3.19234e-09   1.42961e-10   1.361e-10   -6.60637e-11   -3.78469e-11   -6.6157e-11   -2.6542e-09   3.49185e-10   4.48089e-09   -1.2351e-10   4.68032e-10   -1.56502e-10   -3.13664e-11   -1.57857e-10
7.34   -7.90901e-10   1.96092e-08   -1.6884e-09   -1.98287e-08   2.40237e-10   -6.49298e-10   3.16287e-10   8.39455e-11   4.42662e-10   -1.07329e-08   9.20857e-10   7.2861e-09   -9.10807e-11   -6.44258e-11   -7.83969e-11   2.02285e-10   3.80455e-10   -7.33207e-09   8.02066e-10   1.04269e-08   -2.11424e-10   2.32653e-10   -2.17007e-10   3.07205e-10
7.34   -7.93614e-09   -1.6884e-09   2.27721e-08   -7.37728e-09   4.77414e-10   2.41747e-10   -4.77458e-10   2.85407e-10   3.34361e-09   9.3825e-10   -1.40666e-08   3.08799e-09   -1.01576e-10   -4.79199e-11   1.05216e-10   -6.72852e-11   4.3442e-09   8.85795e-10   -8.15914e-09   3.90619e-09   -3.46035e-10   -1.79914e-10   3.26927e-10   -2.19949e-10
7.34   5.38799e-11   -1.98287e-08   -7.37728e-09   3.83175e-08   1.22654e-10   3.99914e-10   2.79175e-10   -4.43062e-10   7.41904e-11   7.39481e-09   3.13357e-09   -2.09585e-08   1.43571e-11   1.78489e-10   -7.75605e-11   -2.3609e-10   -1.46881e-10   1.03248e-08   3.9612e-09   -1.42988e-08   -3.70568e-11   6.28329e-11   -2.19385e-10   -1.32994e-10
7.34   -6.36545e-10   2.40237e-10   4.77414e-10   1.22654e-10   1.23487e-08   -1.62386e-09   -6.58428e-09   -2.52079e-09   -2.17474e-11   -6.2242e-12   -2.74989e-10   9.56179e-11   -6.99368e-09   5.53172e-10   1.86494e-09   8.05034e-10   6.05172e-10   -2.61782e-10   -1.47363e-10   -1.75377e-10   -5.06892e-09   1.07476e-09   4.39498e-09   1.64166e-09
7.34   2.22059e-10   -6.49298e-10   2.41747e-10   3.99914e-10   -1.62386e-09   2.8847e-08   -5.23042e-09   -1.5381e-08   1.52498e-11   -2.23514e-10   1.41677e-10   1.0618e-10   5.83659e-10   -1.56378e-08   1.68679e-09   3.66393e-09   -3.12695e-10   2.59591e-10   -3.58868e-10   2.55671e-10   1.08246e-09   -1.12317e-08   3.47506e-09   9.23277e-09
7.34   1.00615e-10   3.16287e-10   -4.77458e-10   2.79175e-10   -6.58428e-09   -5.23042e-09   4.0344e-08   -9.76947e-09   -1.03888e-11   1.79657e-10   8.80444e-11   1.95999e-10   1.92623e-09   1.72337e-09   -2.33042e-08   2.99073e-09   -6.5553e-11   -4.03818e-10   3.49841e-10   -5.6256e-10   4.33813e-09   3.49993e-09   -1.60909e-08   6.39996e-09
7.34   2.324e-10   8.39455e-11   2.85407e-10   -4.43062e-10   -2.52079e-09   -1.5381e-08   -9.76947e-09   5.68061e-08   1.50455e-10   3.20207e-10   1.93196e-10   -2.97716e-10   8.29702e-10   3.70824e-09   2.99183e-09   -3.10841e-08   -2.45371e-10   3.60926e-10   -5.06894e-10   -2.34141e-10   1.6101e-09   9.18035e-09   6.39505e-09   -2.17945e-08
7.34   -4.49461e-09   4.42662e-10   3.34361e-09   7.41904e-11   -2.17474e-11   1.52498e-11   -1.03888e-11   1.50455e-10   1.45139e-08   -7.25331e-10   -2.68827e-09   -1.01392e-09   -5.21417e-11   -4.8438e-11   -3.04222e-11   1.99853e-11   -9.78007e-09   3.78647e-10   -8.93893e-10   8.07309e-10   4.97186e-11   -7.72229e-11   5.0671e-11   -2.79812e-11
7.34   3.92652e-10   -1.07329e-08   9.3825e-10   7.39481e-09   -6.2242e-12   -2.23514e-10   1.79657e-10   3.20207e-10   -7.25331e-10   3.44243e-08   -1.99708e-09   -6.95298e-09   -3.73046e-11   -2.66831e-10   -3.18561e-11   1.9922e-10   4.06561e-10   -2.17135e-08   1.07693e-09   -2.89013e-09   -6.00093e-11   -1.46341e-10   -1.12314e-10   2.77404e-10
7.34   3.19234e-09   9.20857e-10   -1.40666e-08   3.13357e-09   -2.74989e-10   1.41677e-10   8.80444e-11   1.93196e-10   -2.68827e-09   -1.99708e-09   4.94129e-08   -3.9659e-09   3.1934e-11   -1.26587e-11   -8.86207e-11   -9.76931e-11   -7.49309e-10   1.08365e-09   -3.45127e-08   7.14272e-10   2.40758e-10   -5.3814e-11   9.10305e-12   -1.81803e-10
7.34   1.42961e-10   7.2861e-09   3.08799e-09   -2.09585e-08   9.56179e-11   1.0618e-10   1.95999e-10   -2.97716e-10   -1.01392e-09   -6.95298e-09   -3.9659e-09   6.9134e-08   2.90753e-11   2.52397e-10   -8.33583e-11   -4.34815e-10   7.87523e-10   -2.81471e-09   7.00248e-10   -4.41926e-08   1.55724e-11   4.54663e-10   -1.48378e-10   -2.93586e-10
7.34   1.361e-10   -9.10807e-11   -1.01576e-10   1.43571e-11   -6.99368e-09   5.83659e-10   1.92623e-09   8.29702e-10   -5.21417e-11   -3.73046e-11   3.1934e-11   2.90753e-11   1.60682e-08   -2.79024e-10   -9.3067e-10   -4.90234e-10   -9.70942e-11   1.88689e-11   6.89667e-11   9.22311e-11   -8.88375e-09   -2.24794e-10   -1.2077e-09   -4.05558e-10
7.34   -6.60637e-11   -6.44258e-11   -4.79199e-11   1.78489e-10   5.53172e-10   -1.56378e-08   1.72337e-09   3.70824e-09   -4.8438e-11   -2.66831e-10   -1.26587e-11   2.52397e-10   -2.79024e-10   3.80698e-08   -8.5671e-10   -2.72074e-09   1.2315e-11   -2.62372e-10   9.03474e-11   3.13595e-10   -2.02698e-10   -2.06215e-08   -7.88079e-10   -3.28749e-09
7.34   -3.78469e-11   -7.83969e-11   1.05216e-10   -7.75605e-11   1.86494e-09   1.68679e-09   -2.33042e-08   2.99183e-09   -3.04222e-11   -3.18561e-11   -8.86207e-11   -8.33583e-11   -9.3067e-10   -8.5671e-10   5.59711e-08   -1.54845e-09   6.81508e-11   1.33969e-10   -1.07157e-11   1.25661e-10   -1.15052e-09   -7.58987e-10   -3.19857e-08   -1.53991e-09
7.34   -6.6157e-11   2.02285e-10   -6.72852e-11   -2.3609e-10   8.05034e-10   3.66393e-09   2.99073e-09   -3.10841e-08   1.99853e-11   1.9922e-10   -9.76931e-11   -4.34815e-10   -4.90234e-10   -2.72074e-09   -1.54845e-09   7.70781e-08   1.6715e-10   3.44767e-10   1.28868e-10   -2.66417e-10   -3.73736e-10   -3.25652e-09   -1.54549e-09   -4.23629e-08
7.34   -2.6542e-09   3.80455e-10   4.3442e-09   -1.46881e-10   6.05172e-10   -3.12695e-10   -6.5553e-11   -2.45371e-10   -9.78007e-09   4.06561e-10   -7.49309e-10   7.87523e-10   -9.70942e-11   1.2315e-11   6.81508e-11   1.6715e-10   1.25237e-08   -6.42815e-10   -3.80675e-09   -7.71746e-10   -5.03347e-10   1.18451e-10   -2.59216e-11   2.95293e-10
7.34   3.49185e-10   -7.33207e-09   8.85795e-10   1.03248e-08   -2.61782e-10   2.59591e-10   -4.03818e-10   3.60926e-10   3.78647e-10   -2.17135e-08   1.08365e-09   -2.81471e-09   1.88689e-11   -2.62372e-10   1.33969e-10   3.44767e-10   -6.42815e-10   3.07245e-08   -1.84805e-09   -9.96822e-09   1.16541e-10   -6.5584e-10   2.99748e-10   1.33548e-10
7.34   4.48089e-09   8.02066e-10   -8.15914e-09   3.9612e-09   -1.47363e-10   -3.58868e-10   3.49841e-10   -5.06894e-10   -8.93893e-10   1.07693e-09   -3.45127e-08   7.00248e-10   6.89667e-11   9.03474e-11   -1.07157e-11   1.28868e-10   -3.80675e-09   -1.84805e-09   4.29965e-08   -4.60821e-09   6.91269e-11   2.64669e-10   -3.12076e-10   3.59959e-10
7.34   -1.2351e-10   1.04269e-08   3.90619e-09   -1.42988e-08   -1.75377e-10   2.55671e-10   -5.6256e-10   -2.34141e-10   8.07309e-10   -2.89013e-09   7.14272e-10   -4.41926e-08   9.22311e-11   3.13595e-10   1.25661e-10   -2.66417e-10   -7.71746e-10   -9.96822e-09   -4.60821e-09   6.17916e-08   2.09455e-10   2.05312e-10   3.83384e-10   -4.59931e-10
7.34   4.68032e-10   -2.11424e-10   -3.46035e-10   -3.70568e-11   -5.06892e-09   1.08246e-09   4.33813e-09   1.6101e-09   4.97186e-11   -6.00093e-11   2.40758e-10   1.55724e-11   -8.88375e-09   -2.02698e-10   -1.15052e-09   -3.73736e-10   -5.03347e-10   1.16541e-10   6.91269e-11   2.09455e-10   1.39692e-08   -7.71143e-10   -3.36234e-09   -1.28968e-09
7.34   -1.56502e-10   2.32653e-10   -1.79914e-10   6.28329e-11   1.07476e-09   -1.12317e-08   3.49993e-09   9.18035e-09   -7.72229e-11   -1.46341e-10   -5.3814e-11   4.54663e-10   -2.24794e-10   -2.06215e-08   -7.58987e-10   -3.25652e-09   1.18451e-10   -6.5584e-10   2.64669e-10   2.05312e-10   -7.71143e-10   3.32651e-08   -2.58153e-09   -8.15835e-09
7.34   -3.13664e-11   -2.17007e-10   3.26927e-10   -2.19385e-10   4.39498e-09   3.47506e-09   -1.60909e-08   6.39505e-09   5.0671e-11   -1.12314e-10   9.10305e-12   -1.48378e-10   -1.2077e-09   -7.88079e-10   -3.19857e-08   -1.54549e-09   -2.59216e-11   2.99748e-10   -3.12076e-10   3.83384e-10   -3.36234e-09   -2.58153e-09   4.8149e-08   -4.81767e-09
7.34   -1.57857e-10   3.07205e-10   -2.19949e-10   -1.32994e-10   1.64166e-09   9.23277e-09   6.39996e-09   -2.17945e-08   -2.79812e-11   2.77404e-10   -1.81803e-10   -2.93586e-10   -4.05558e-10   -3.28749e-09   -1.53991e-09   -4.23629e-08   2.95293e-10   1.33548e-10   3.59959e-10   -4.59931e-10   -1.28968e-09   -8.15835e-09   -4.81767e-09   6.694e-08
9.385   0   0   0   0   0   0   0   0   0   0   0   0   0   0   0   0   0   0   0   0   0   0   0   0
9.385   0   0   0   0   0   0   0   0   0   0   0   0   0   0   0   0   0   0   0   0   0   0   0   0
9.385   0   0   0   0   0   0   0   0   0   0   0   0   0   0   0   0   0   0   0   0   0   0   0   0
9.385   0   0   0   0   0   0   0   0   0   0   0   0   0   0   0   0   0   0   0   0   0   0   0   0
9.385   0   0   0   0   0   0   0   0   0   0   0   0   0   0   0   0   0   0   0   0   0   0   0   0
9.385   0   0   0   0   0   0   0   0   0   0   0   0   0   0   0   0   0   0   0   0   0   0   0   0
9.385   0   0   0   0   0   0   0   0   0   0   0   0   0   0   0   0   0   0   0   0   0   0   0   0
9.385   0   0   0   0   0   0   0   0   0   0   0   0   0   0   0   0   0   0   0   0   0   0   0   0
9.385   0   0   0   0   0   0   0   0   0   0   0   0   0   0   0   0   0   0   0   0   0   0   0   0
9.385   0   0   0   0   0   0   0   0   0   0   0   0   0   0   0   0   0   0   0   0   0   0   0   0
9.385   0   0   0   0   0   0   0   0   0   0   0   0   0   0   0   0   0   0   0   0   0   0   0   0
9.385   0   0   0   0   0   0   0   0   0   0   0   0   0   0   0   0   0   0   0   0   0   0   0   0
9.385   0   0   0   0   0   0   0   0   0   0   0   0   0   0   0   0   0   0   0   0   0   0   0   0
9.385   0   0   0   0   0   0   0   0   0   0   0   0   0   0   0   0   0   0   0   0   0   0   0   0
9.385   0   0   0   0   0   0   0   0   0   0   0   0   0   0   0   0   0   0   0   0   0   0   0   0
9.385   0   0   0   0   0   0   0   0   0   0   0   0   0   0   0   0   0   0   0   0   0   0   0   0
9.385   0   0   0   0   0   0   0   0   0   0   0   0   0   0   0   0   0   0   0   0   0   0   0   0
9.385   0   0   0   0   0   0   0   0   0   0   0   0   0   0   0   0   0   0   0   0   0   0   0   0
9.385   0   0   0   0   0   0   0   0   0   0   0   0   0   0   0   0   0   0   0   0   0   0   0   0
9.385   0   0   0   0   0   0   0   0   0   0   0   0   0   0   0   0   0   0   0   0   0   0   0   0
9.385   0   0   0   0   0   0   0   0   0   0   0   0   0   0   0   0   0   0   0   0   0   0   0   0
9.385   0   0   0   0   0   0   0   0   0   0   0   0   0   0   0   0   0   0   0   0   0   0   0   0
9.385   0   0   0   0   0   0   0   0   0   0   0   0   0   0   0   0   0   0   0   0   0   0   0   0
9.385   0   0   0   0   0   0   0   0   0   0   0   0   0   0   0   0   0   0   0   0   0   0   0   0
11.475   1.65688e-08   -9.66737e-09   -2.57814e-08   1.64289e-08   -1.68827e-08   1.96493e-08   2.47146e-08   -2.83128e-08   -1.02388e-07   6.06433e-08   1.59286e-07   -1.02758e-07   1.03558e-07   -1.16642e-07   -1.51509e-07   1.68643e-07   1.11277e-07   -6.63088e-08   -1.73126e-07   1.12257e-07   -1.12184e-07   1.24688e-07   1.6415e-07   -1.80593e-07
11.475   -9.66737e-09   1.02534e-07   1.94932e-08   -1.4046e-07   1.96493e-08   -4.80702e-08   -2.67123e-08   6.24783e-08   6.06433e-08   -6.29832e-07   -1.21664e-07   8.6287e-07   -1.16642e-07   3.07751e-07   1.60354e-07   -4.00778e-07   -6.63088e-08   6.82748e-07   1.32763e-07   -9.35421e-07   1.24688e-07   -3.39662e-07   -1.72308e-07   4.42753e-07
11.475   -2.57814e-08   1.94932e-08   5.76266e-08   -4.54633e-08   2.47147e-08   -2.67123e-08   -3.76341e-08   4.20815e-08   1.59286e-07   -1.21664e-07   -3.55718e-07   2.82723e-07   -1.5151e-07   1.60353e-07   2.32145e-07   -2.54311e-07   -1.73126e-07   1.32763e-07   3.86627e-07   -3.08246e-07   1.6415e-07   -1.72307e-07   -2.52607e-07   2.74489e-07
11.475   1.64289e-08   -1.4046e-07   -4.54633e-08   2.15803e-07   -2.83128e-08   6.24782e-08   4.20816e-08   -8.31891e-08   -1.02758e-07   8.62871e-07   2.82723e-07   -1.32627e-06   1.68643e-07   -4.00778e-07   -2.54311e-07   5.3593e-07   1.12257e-07   -9.35421e-07   -3.08246e-07   1.43826e-06   -1.80593e-07   4.42752e-07   2.7449e-07   -5.93606e-07
11.475   -1.68827e-08   1.96493e-08   2.47147e-08   -2.83128e-08   7.23212e-07   -4.21069e-07   -1.12536e-06   7.15871e-07   1.03559e-07   -1.16643e-07   -1.5151e-07   1.68644e-07   -3.94525e-06   2.30055e-06   6.13891e-06   -3.91002e-06   -1.12185e-07   1.24689e-07   1.6415e-07   -1.80594e-07   4.07691e-06   -2.37875e-06   -6.34376e-06   4.04249e-06
11.475   1.96493e-08   -4.80702e-08   -2.67123e-08   6.24782e-08   -4.21069e-07   4.47931e-06   8.49653e-07   -6.13607e-06   -1.16642e-07   3.07751e-07   1.60352e-07   -4.00777e-07   2.30055e-06   -2.44206e-05   -4.63973e-06   3.34534e-05   1.24687e-07   -3.39662e-07   -1.72306e-07   4.42751e-07   -2.37875e-06   2.52295e-05   4.79648e-06   -3.45616e-05
11.475   2.47146e-08   -2.67123e-08   -3.76341e-08   4.20816e-08   -1.12536e-06   8.49653e-07   2.51573e-06   -1.98264e-06   -1.5151e-07   1.60355e-07   2.32145e-07   -2.54313e-07   6.13891e-06   -4.63973e-06   -1.3722e-05   1.08225e-05   1.6415e-07   -1.72309e-07   -2.52608e-07   2.74492e-07   -6.34376e-06   4.79648e-06   1.41796e-05   -1.11867e-05
11.475   -2.83128e-08   6.24783e-08   4.20815e-08   -8.31891e-08   7.15871e-07   -6.13607e-06   -1.98264e-06   9.42688e-06   1.68642e-07   -4.00778e-07   -2.54309e-07   5.35929e-07   -3.91002e-06   3.34534e-05   1.08225e-05   -5.13966e-05   -1.80592e-07   4.42753e-07   2.74488e-07   -5.93605e-07   4.04249e-06   -3.45616e-05   -1.11867e-05   5.31003e-05
11.475   -1.02388e-07   6.06433e-08   1.59286e-07   -1.02758e-07   1.03559e-07   -1.16642e-07   -1.5151e-07   1.68642e-07   1.1566e-06   -7.21224e-07   -1.79807e-06   1.21029e-06   -1.13898e-06   1.12609e-06   1.66278e-06   -1.65202e-06   -1.46788e-06   9.25323e-07   2.28289e-06   -1.5511e-06   1.43583e-06   -1.37811e-06   -2.09807e-06   2.03207e-06
11.475   6.06433e-08   -6.29832e-07   -1.21664e-07   8.62871e-07   -1.16643e-07   3.07751e-07   1.60355e-07   -4.00778e-07   -7.21224e-07   6.96299e-06   1.42261e-06   -9.5422e-06   1.12609e-06   -3.90549e-06   -1.62255e-06   5.11644e-06   9.25323e-07   -8.79081e-06   -1.81889e-06   1.20491e-05   -1.37812e-06   5.09676e-06   2.01302e-06   -6.68836e-06
11.475   1.59286e-07   -1.21664e-07   -3.55718e-07   2.82723e-07   -1.5151e-07   1.60352e-07   2.32145e-07   -2.54309e-07   -1.79807e-06   1.42261e-06   4.00286e-06   -3.26522e-06   1.66278e-06   -1.62254e-06   -2.60614e-06   2.64365e-06   2.28289e-06   -1.81889e-06   -5.08552e-06   4.1728e-06   -2.09808e-06   2.013e-06   3.32683e-06   -3.32286e-06
11.475   -1.02758e-07   8.6287e-07   2.82723e-07   -1.32627e-06   1.68644e-07   -4.00777e-07   -2.54313e-07   5.35929e-07   1.21029e-06   -9.5422e-06   -3.26522e-06   1.46896e-05   -1.65203e-06   5.11643e-06   2.64367e-06   -6.93112e-06   -1.5511e-06   1.20491e-05   4.1728e-06   -1.85662e-05   2.03207e-06   -6.68835e-06   -3.32288e-06   9.10906e-06
11.475   1.03558e-07   -1.16642e-07   -1.5151e-07   1.68643e-07   -3.94525e-06   2.30055e-06   6.13891e-06   -3.91002e-06   -1.13898e-06   1.12609e-06   1.66278e-06   -1.65203e-06   2.35997e-05   -1.3922e-05   -3.67149e-05   2.36072e-05   1.43583e-06   -1.37812e-06   -2.09808e-06   2.03208e-06   -2.51936e-05   1.49219e-05   3.91938e-05   -2.52847e-05
11.475   -1.16642e-07   3.07751e-07   1.60353e-07   -4.00778e-07   2.30055e-06   -2.44206e-05   -4.63973e-06   3.34534e-05   1.12609e-06   -3.90549e-06   -1.62254e-06   5.11643e-06   -1.3922e-05   0.00014541   2.7968e-05   -0.000199207   -1.37811e-06   5.09676e-06   2.013e-06   -6.68835e-06   1.49219e-05   -0.000154976   -2.99366e-05   0.000212317
11.475   -1.51509e-07   1.60354e-07   2.32145e-07   -2.54311e-07   6.13891e-06   -4.63973e-06   -1.3722e-05   1.08225e-05   1.66278e-06   -1.62255e-06   -2.60614e-06   2.64367e-06   -3.67149e-05   2.7968e-05   8.20045e-05   -6.50461e-05   -2.09807e-06   2.01302e-06   3.32683e-06   -3.32289e-06   3.91938e-05   -2.99366e-05   -8.75277e-05   6.95668e-05
11.475   1.68643e-07   -4.00778e-07   -2.54311e-07   5.3593e-07   -3.91002e-06   3.34534e-05   1.08225e-05   -5.13966e-05   -1.65202e-06   5.11644e-06   2.64365e-06   -6.93112e-06   2.36072e-05   -0.000199207   -6.50461e-05   0.000306143   2.03206e-06   -6.68836e-06   -3.32286e-06   9.10906e-06   -2.52847e-05   0.000212317   6.95668e-05   -0.000326341
11.475   1.11277e-07   -6.63088e-08   -1.73126e-07   1.12257e-07   -1.12185e-07   1.24687e-07   1.6415e-07   -1.80592e-07   -1.46788e-06   9.25323e-07   2.28289e-06   -1.5511e-06   1.43583e-06   -1.37811e-06   -2.09807e-06   2.03206e-06   2.05041e-06   -1.31246e-06   -3.19263e-06   2.19898e-06   -1.98445e-06   1.82623e-06   2.9083e-06   -2.71831e-06
11.475   -6.63088e-08   6.82748e-07   1.32763e-07   -9.35421e-07   1.24689e-07   -3.39662e-07   -1.72309e-07   4.42753e-07   9.25323e-07   -8.79081e-06   -1.81889e-06   1.20491e-05   -1.37812e-06   5.09676e-06   2.01302e-06   -6.68836e-06   -1.31246e-06   1.21805e-05   2.56756e-06   -1.67009e-05   1.82624e-06   -7.43405e-06   -2.72936e-06   9.78353e-06
11.475   -1.73126e-07   1.32763e-07   3.86627e-07   -3.08246e-07   1.6415e-07   -1.72306e-07   -2.52608e-07   2.74488e-07   2.28289e-06   -1.81889e-06   -5.08552e-06   4.1728e-06   -2.09808e-06   2.013e-06   3.32683e-06   -3.32286e-06   -3.19263e-06   2.56756e-06   7.12996e-06   -5.90086e-06   2.90831e-06   -2.72934e-06   -4.7241e-06   4.62742e-06
11.475   1.12257e-07   -9.35421e-07   -3.08246e-07   1.43826e-06   -1.80594e-07   4.42751e-07   2.74492e-07   -5.93605e-07   -1.5511e-06   1.20491e-05   4.1728e-06   -1.85662e-05   2.03208e-06   -6.68835e-06   -3.32289e-06   9.10906e-06   2.19898e-06   -1.67009e-05   -5.90086e-06   2.57871e-05   -2.71832e-06   9.78352e-06   4.62745e-06   -1.34613e-05
11.475   -1.12184e-07   1.24688e-07   1.6415e-07   -1.80593e-07   4.07691e-06   -2.37875e-06   -6.34376e-06   4.04249e-06   1.43583e-06   -1.37812e-06   -2.09808e-06   2.03207e-06   -2.51936e-05   1.49219e-05   3.91938e-05   -2.52847e-05   -1.98445e-06   1.82624e-06   2.90831e-06   -2.71832e-06   2.73809e-05   -1.63159e-05   -4.25994e-05   2.76218e-05
11.475   1.24688e-07   -3.39662e-07   -1.72307e-07   4.42752e-07   -2.37875e-06   2.52295e-05   4.79648e-06   -3.45616e-05   -1.37811e-06   5.09676e-06   2.013e-06   -6.68835e-06   1.49219e-05   -0.000154976   -2.99366e-05   0.000212317   1.82623e-06   -7.43405e-06   -2.72934e-06   9.78352e-06   -1.63159e-05   0.000167997   3.26675e-05   -0.000230169
11.475   1.6415e-07   -1.72308e-07   -2.52607e-07   2.7449e-07   -6.34376e-06   4.79648e-06   1.41796e-05   -1.11867e-05   -2.09807e-06   2.01302e-06   3.32683e-06   -3.32288e-06   3.91938e-05   -2.99366e-05   -8.75277e-05   6.95668e-05   2.9083e-06   -2.72936e-06   -4.7241e-06   4.62745e-06   -4.25994e-05   3.26675e-05   9.51333e-05   -7.58469e-05
11.475   -1.80593e-07   4.42753e-07   2.74489e-07   -5.93606e-07   4.04249e-06   -3.45616e-05   -1.11867e-05   5.31003e-05   2.03207e-06   -6.68836e-06   -3.32286e-06   9.10906e-06   -2.52847e-05   0.000212317   6.95668e-05   -0.000326341   -2.71831e-06   9.78353e-06   4.62742e-06   -1.34613e-05   2.76218e-05   -0.000230169   -7.58469e-05   0.000353898
13.52   0   0   0   0   0   0   0   0   0   0   0   0   0   0   0   0   0   0   0   0   0   0   0   0
13.52   0   0   0   0   0   0   0   0   0   0   0   0   0   0   0   0   0   0   0   0   0   0   0   0
13.52   0   0   0   0   0   0   0   0   0   0   0   0   0   0   0   0   0   0   0   0   0   0   0   0
13.52   0   0   0   0   0   0   0   0   0   0   0   0   0   0   0   0   0   0   0   0   0   0   0   0
13.52   0   0   0   0   0   0   0   0   0   0   0   0   0   0   0   0   0   0   0   0   0   0   0   0
13.52   0   0   0   0   0   0   0   0   0   0   0   0   0   0   0   0   0   0   0   0   0   0   0   0
13.52   0   0   0   0   0   0   0   0   0   0   0   0   0   0   0   0   0   0   0   0   0   0   0   0
13.52   0   0   0   0   0   0   0   0   0   0   0   0   0   0   0   0   0   0   0   0   0   0   0   0
13.52   0   0   0   0   0   0   0   0   0   0   0   0   0   0   0   0   0   0   0   0   0   0   0   0
13.52   0   0   0   0   0   0   0   0   0   0   0   0   0   0   0   0   0   0   0   0   0   0   0   0
13.52   0   0   0   0   0   0   0   0   0   0   0   0   0   0   0   0   0   0   0   0   0   0   0   0
13.52   0   0   0   0   0   0   0   0   0   0   0   0   0   0   0   0   0   0   0   0   0   0   0   0
13.52   0   0   0   0   0   0   0   0   0   0   0   0   0   0   0   0   0   0   0   0   0   0   0   0
13.52   0   0   0   0   0   0   0   0   0   0   0   0   0   0   0   0   0   0   0   0   0   0   0   0
13.52   0   0   0   0   0   0   0   0   0   0   0   0   0   0   0   0   0   0   0   0   0   0   0   0
13.52   0   0   0   0   0   0   0   0   0   0   0   0   0   0   0   0   0   0   0   0   0   0   0   0
13.52   0   0   0   0   0   0   0   0   0   0   0   0   0   0   0   0   0   0   0   0   0   0   0   0
13.52   0   0   0   0   0   0   0   0   0   0   0   0   0   0   0   0   0   0   0   0   0   0   0   0
13.52   0   0   0   0   0   0   0   0   0   0   0   0   0   0   0   0   0   0   0   0   0   0   0   0
13.52   0   0   0   0   0   0   0   0   0   0   0   0   0   0   0   0   0   0   0   0   0   0   0   0
13.52   0   0   0   0   0   0   0   0   0   0   0   0   0   0   0   0   0   0   0   0   0   0   0   0
13.52   0   0   0   0   0   0   0   0   0   0   0   0   0   0   0   0   0   0   0   0   0   0   0   0
13.52   0   0   0   0   0   0   0   0   0   0   0   0   0   0   0   0   0   0   0   0   0   0   0   0
13.52   0   0   0   0   0   0   0   0   0   0   0   0   0   0   0   0   0   0   0   0   0   0   0   0
15.09   1.15251e-08   -5.20935e-09   -1.7971e-08   8.91285e-09   -1.23162e-08   8.81565e-09   1.81059e-08   -1.25985e-08   -7.15664e-08   3.35882e-08   1.11591e-07   -5.70656e-08   7.60947e-08   -5.48957e-08   -1.1157e-07   7.86895e-08   7.7937e-08   -3.72818e-08   -1.21552e-07   6.31397e-08   -8.26048e-08   5.98488e-08   1.21054e-07   -8.59196e-08
15.09   -5.20935e-09   8.03775e-08   1.12727e-08   -1.11156e-07   8.81314e-09   -5.5514e-08   -1.21784e-08   7.50302e-08   3.35881e-08   -4.93348e-07   -7.14165e-08   6.82338e-07   -5.48824e-08   3.46531e-07   7.72464e-08   -4.67165e-07   -3.72818e-08   5.35317e-07   7.86313e-08   -7.40446e-07   5.98352e-08   -3.78687e-07   -8.48584e-08   5.10141e-07
15.09   -1.7971e-08   1.12727e-08   4.12376e-08   -2.59191e-08   1.81051e-08   -1.21847e-08   -2.97933e-08   1.78049e-08   1.11591e-07   -7.14163e-08   -2.55547e-07   1.63272e-07   -1.11565e-07   7.72814e-08   1.82667e-07   -1.14152e-07   -1.21552e-07   7.86311e-08   2.7838e-07   -1.79411e-07   1.21049e-07   -8.48946e-08   -1.98326e-07   1.26255e-07
15.09   8.91285e-09   -1.11156e-07   -2.59191e-08   1.71639e-07   -1.25943e-08   7.50306e-08   1.77946e-08   -1.05936e-07   -5.70653e-08   6.82338e-07   1.63272e-07   -1.05437e-06   7.86664e-08   -4.67168e-07   -1.14095e-07   6.56495e-07   6.31394e-08   -7.40445e-07   -1.79411e-07   1.14473e-06   -8.58957e-08   5.10143e-07   1.26196e-07   -7.1626e-07
15.09   -1.23162e-08   8.81314e-09   1.81051e-08   -1.25943e-08   5.02749e-07   -2.26187e-07   -7.83974e-07   3.87364e-07   7.61021e-08   -5.48984e-08   -1.1158e-07   7.86929e-08   -2.74396e-06   1.23927e-06   4.27885e-06   -2.1208e-06   -8.26156e-08   5.98575e-08   1.21071e-07   -8.59335e-08   2.8361e-06   -1.28302e-06   -4.42255e-06   2.195e-06
15.09   8.81565e-09   -5.5514e-08   -1.21847e-08   7.50306e-08   -2.26187e-07   3.51199e-06   4.90779e-07   -4.85687e-06   -5.49484e-08   3.46629e-07   7.74029e-08   -4.67348e-07   1.23936e-06   -1.91447e-05   -2.68425e-06   2.64763e-05   5.9924e-08   -3.78804e-07   -8.50719e-08   5.10376e-07   -1.28315e-06   1.97789e-05   2.77697e-06   -2.73535e-05
15.09   1.81059e-08   -1.21784e-08   -2.97933e-08   1.77946e-08   -7.83974e-07   4.90779e-07   1.79953e-06   -1.12902e-06   -1.11591e-07   7.72908e-08   1.82711e-07   -1.1417e-07   4.27886e-06   -2.68407e-06   -9.81936e-06   6.17079e-06   1.21084e-07   -8.49191e-08   -1.98391e-07   1.263e-07   -4.42256e-06   2.77671e-06   1.01486e-05   -6.38232e-06
15.09   -1.25985e-08   7.50302e-08   1.78049e-08   -1.05936e-07   3.87364e-07   -4.85687e-06   -1.12902e-06   7.49902e-06   7.87708e-08   -4.67317e-07   -1.14339e-07   6.56775e-07   -2.12093e-06   2.64762e-05   6.17104e-06   -4.08822e-05   -8.60358e-08   5.10324e-07   1.26528e-07   -7.16622e-07   2.19519e-06   -2.73535e-05   -6.38269e-06   4.22382e-05
15.09   -7.15664e-08   3.35881e-08   1.11591e-07   -5.70653e-08   7.61021e-08   -5.49484e-08   -1.11591e-07   7.87708e-08   8.22294e-07   -4.35515e-07   -1.28212e-06   7.24477e-07   -8.5894e-07   6.37152e-07   1.24763e-06   -9.22803e-07   -1.04761e-06   5.75867e-07   1.6348e-06   -9.53025e-07   1.08556e-06   -8.13258e-07   -1.57684e-06   1.18164e-06
15.09   3.35882e-08   -4.93348e-07   -7.14163e-08   6.82338e-07   -5.48984e-08   3.46629e-07   7.72908e-08   -4.67317e-07   -4.35515e-07   5.43935e-06   8.77278e-07   -7.52613e-06   6.36875e-07   -4.05498e-06   -9.52465e-07   5.41963e-06   5.75867e-07   -6.89641e-06   -1.14427e-06   9.54433e-06   -8.12971e-07   5.21032e-06   1.23189e-06   -6.95865e-06
15.09   1.11591e-07   -7.14165e-08   -2.55547e-07   1.63272e-07   -1.1158e-07   7.74029e-08   1.82711e-07   -1.14339e-07   -1.28212e-06   8.77278e-07   2.91571e-06   -1.96921e-06   1.24756e-06   -9.53093e-07   -2.00624e-06   1.45599e-06   1.6348e-06   -1.14427e-06   -3.72432e-06   2.56209e-06   -1.57677e-06   1.23254e-06   2.55146e-06   -1.91085e-06
15.09   -5.70656e-08   6.82338e-07   1.63272e-07   -1.05437e-06   7.86929e-08   -4.67348e-07   -1.1417e-07   6.56775e-07   7.24477e-07   -7.52613e-06   -1.96921e-06   1.16602e-05   -9.22369e-07   5.41981e-06   1.45504e-06   -7.49398e-06   -9.53024e-07   9.54433e-06   2.56209e-06   -1.48065e-05   1.18119e-06   -6.95884e-06   -1.90986e-06   9.62547e-06
15.09   7.60947e-08   -5.48824e-08   -1.11565e-07   7.86664e-08   -2.74396e-06   1.23936e-06   4.27886e-06   -2.12093e-06   -8.5894e-07   6.36875e-07   1.24756e-06   -9.22369e-07   1.64752e-05   -7.65451e-06   -2.56893e-05   1.30293e-05   1.08558e-06   -8.13003e-07   -1.57681e-06   1.18124e-06   -1.76109e-05   8.27207e-06   2.74616e-05   -1.40531e-05
15.09   -5.48957e-08   3.46531e-07   7.72814e-08   -4.67168e-07   1.23927e-06   -1.91447e-05   -2.68407e-06   2.64762e-05   6.37152e-07   -4.05498e-06   -9.53093e-07   5.41981e-06   -7.65451e-06   0.000113896   1.63574e-05   -0.000157525   -8.13371e-07   5.2104e-06   1.23282e-06   -6.95908e-06   8.27226e-06   -0.000121399   -1.75908e-05   0.000167909
15.09   -1.1157e-07   7.72464e-08   1.82667e-07   -1.14095e-07   4.27885e-06   -2.68425e-06   -9.81936e-06   6.17104e-06   1.24763e-06   -9.52465e-07   -2.00624e-06   1.45504e-06   -2.56893e-05   1.63574e-05   5.88502e-05   -3.74383e-05   -1.57689e-06   1.23197e-06   2.55157e-06   -1.91001e-06   2.74616e-05   -1.75904e-05   -6.28896e-05   4.02027e-05
15.09   7.86895e-08   -4.67165e-07   -1.14152e-07   6.56495e-07   -2.1208e-06   2.64763e-05   6.17079e-06   -4.08822e-05   -9.22803e-07   5.41963e-06   1.45599e-06   -7.49398e-06   1.30293e-05   -0.000157525   -3.74383e-05   0.000243359   1.18181e-06   -6.95878e-06   -1.91129e-06   9.62585e-06   -1.40534e-05   0.000167909   4.02032e-05   -0.000259464
15.09   7.7937e-08   -3.72818e-08   -1.21552e-07   6.31394e-08   -8.26156e-08   5.9924e-08   1.21084e-07   -8.60358e-08   -1.04761e-06   5.75867e-07   1.6348e-06   -9.53024e-07   1.08558e-06   -8.13371e-07   -1.57689e-06   1.18181e-06   1.47165e-06   -8.62955e-07   -2.30145e-06   1.41685e-06   -1.50024e-06   1.14547e-06   2.18469e-06   -1.67385e-06
15.09   -3.72818e-08   5.35317e-07   7.86311e-08   -7.40445e-07   5.98575e-08   -3.78804e-07   -8.49191e-08   5.10324e-07   5.75867e-07   -6.89641e-06   -1.14427e-06   9.54433e-06   -8.13003e-07   5.2104e-06   1.23197e-06   -6.95878e-06   -8.62955e-07   9.66832e-06   1.67845e-06   -1.33868e-05   1.14509e-06   -7.44713e-06   -1.76873e-06   9.94807e-06
15.09   -1.21552e-07   7.86313e-08   2.7838e-07   -1.79411e-07   1.21071e-07   -8.50719e-08   -1.98391e-07   1.26528e-07   1.6348e-06   -1.14427e-06   -3.72432e-06   2.56209e-06   -1.57681e-06   1.23282e-06   2.55157e-06   -1.91129e-06   -2.30145e-06   1.67845e-06   5.27573e-06   -3.75038e-06   2.18461e-06   -1.76963e-06   -3.60902e-06   2.82381e-06
15.09   6.31397e-08   -7.40446e-07   -1.79411e-07   1.14473e-06   -8.59335e-08   5.10376e-07   1.263e-07   -7.16622e-07   -9.53025e-07   9.54433e-06   2.56209e-06   -1.48065e-05   1.18124e-06   -6.95908e-06   -1.91001e-06   9.62585e-06   1.41685e-06   -1.33868e-05   -3.75038e-06   2.08239e-05   -1.67325e-06   9.94838e-06   2.82247e-06   -1.38267e-05
15.09   -8.26048e-08   5.98352e-08   1.21049e-07   -8.58957e-08   2.8361e-06   -1.28315e-06   -4.42256e-06   2.19519e-06   1.08556e-06   -8.12971e-07   -1.57677e-06   1.18119e-06   -1.76109e-05   8.27226e-06   2.74616e-05   -1.40534e-05   -1.50024e-06   1.14509e-06   2.18461e-06   -1.67325e-06   1.91786e-05   -9.18147e-06   -2.99129e-05   1.55485e-05
15.09   5.98488e-08   -3.78687e-07   -8.48946e-08   5.10143e-07   -1.28302e-06   1.97789e-05   2.77671e-06   -2.73535e-05   -8.13258e-07   5.21032e-06   1.23254e-06   -6.95884e-06   8.27207e-06   -0.000121399   -1.75904e-05   0.000167909   1.14547e-06   -7.44713e-06   -1.76963e-06   9.94838e-06   -9.18147e-06   0.000131726   1.93669e-05   -0.000182207
15.09   1.21054e-07   -8.48584e-08   -1.98326e-07   1.26196e-07   -4.42255e-06   2.77697e-06   1.01486e-05   -6.38269e-06   -1.57684e-06   1.23189e-06   2.55146e-06   -1.90986e-06   2.74616e-05   -1.75908e-05   -6.28896e-05   4.02032e-05   2.18469e-06   -1.76873e-06   -3.60902e-06   2.82247e-06   -2.99129e-05   1.93669e-05   6.85085e-05   -4.41758e-05
15.09   -8.59196e-08   5.10141e-07   1.26255e-07   -7.1626e-07   2.195e-06   -2.73535e-05   -6.38232e-06   4.22382e-05   1.18164e-06   -6.95865e-06   -1.91085e-06   9.62547e-06   -1.40531e-05   0.000167909   4.02027e-05   -0.000259464   -1.67385e-06   9.94807e-06   2.82381e-06   -1.38267e-05   1.55485e-05   -0.000182207   -4.41758e-05   0.000281696
17.5   1.1231e-08   -1.55932e-09   -1.74885e-08   2.80447e-09   -9.88791e-09   2.08112e-09   1.50032e-08   -2.9357e-09   -6.83521e-08   1.08658e-08   1.0656e-07   -1.90772e-08   6.03198e-08   -1.41617e-08   -9.10335e-08   2.01576e-08   7.36389e-08   -1.2265e-08   -1.14886e-07   2.13825e-08   -6.49787e-08   1.57841e-08   9.79071e-08   -2.25453e-08
17.5   -1.55932e-09   8.24892e-08   4.56859e-09   -1.15481e-07   2.10771e-09   -4.78401e-08   -2.55618e-09   6.66202e-08   1.08647e-08   -5.00711e-07   -2.95965e-08   7.0138e-07   -1.43087e-08   2.98754e-07   1.89757e-08   -4.14094e-07   -1.2263e-08   5.39312e-07   3.2617e-08   -7.55724e-07   1.5936e-08   -3.24967e-07   -2.17293e-08   4.49741e-07
17.5   -1.74885e-08   4.56859e-09   3.99884e-08   -8.96018e-09   1.50045e-08   -2.51252e-09   -2.76512e-08   3.29226e-09   1.0656e-07   -2.95987e-08   -2.4426e-07   5.82484e-08   -9.10412e-08   1.87343e-08   1.65938e-07   -2.55538e-08   -1.14886e-07   3.26209e-08   2.63864e-07   -6.4393e-08   9.7915e-08   -2.14797e-08   -1.78002e-07   2.97302e-08
17.5   2.80447e-09   -1.15481e-07   -8.96018e-09   1.79427e-07   -2.9753e-09   6.66258e-08   3.35772e-09   -9.96891e-08   -1.90754e-08   7.01378e-07   5.82447e-08   -1.09138e-06   2.03769e-08   -4.1413e-07   -2.59168e-08   6.13913e-07   2.13795e-08   -7.55721e-07   -6.43869e-08   1.17703e-06   -2.27724e-08   4.49781e-07   3.01061e-08   -6.64851e-07
17.5   -9.88791e-09   2.10771e-09   1.50045e-08   -2.9753e-09   4.91334e-07   -6.62904e-08   -7.64948e-07   1.19854e-07   6.03291e-08   -1.43386e-08   -9.1056e-08   2.04253e-08   -2.6764e-06   3.66408e-07   4.16729e-06   -6.60594e-07   -6.4992e-08   1.59834e-08   9.79357e-08   -2.28483e-08   2.76388e-06   -3.80443e-07   -4.30373e-06   6.852e-07
17.5   2.08112e-09   -4.78401e-08   -2.51252e-09   6.66258e-08   -6.62904e-08   3.61072e-06   1.97001e-07   -5.05438e-06   -1.40734e-08   2.98197e-07   1.85722e-08   -4.13335e-07   3.66178e-07   -1.96615e-05   -1.07948e-06   2.7524e-05   1.56556e-08   -3.24095e-07   -2.12475e-08   4.48539e-07   -3.80105e-07   2.0302e-05   1.11722e-06   -2.84213e-05
17.5   1.50032e-08   -2.55618e-09   -2.76512e-08   3.35772e-09   -7.64948e-07   1.97001e-07   1.74836e-06   -3.86639e-07   -9.10443e-08   1.89736e-08   1.65952e-07   -2.59261e-08   4.16727e-06   -1.07978e-06   -9.5268e-06   2.12003e-06   9.79222e-08   -2.17274e-08   -1.78021e-07   3.01217e-08   -4.3037e-06   1.11767e-06   9.83987e-06   -2.1949e-06
17.5   -2.9357e-09   6.66202e-08   3.29226e-09   -9.96891e-08   1.19854e-07   -5.05438e-06   -3.86639e-07   7.8512e-06   2.00254e-08   -4.13241e-07   -2.53099e-08   6.12698e-07   -6.60254e-07   2.75239e-05   2.11958e-06   -4.27603e-05   -2.23528e-08   4.48407e-07   2.93805e-08   -6.62953e-07   6.84699e-07   -2.84212e-05   -2.19423e-06   4.41571e-05
17.5   -6.83521e-08   1.08647e-08   1.0656e-07   -1.90754e-08   6.03291e-08   -1.40734e-08   -9.10443e-08   2.00254e-08   7.29844e-07   -1.7184e-07   -1.14288e-06   2.85225e-07   -6.49759e-07   2.11572e-07   9.60709e-07   -3.07711e-07   -9.05812e-07   2.27331e-07   1.42132e-06   -3.75193e-07   8.04735e-07   -2.74091e-07   -1.1868e-06   4.00572e-07
17.5   1.08658e-08   -5.00711e-07   -2.95987e-08   7.01378e-07   -1.43386e-08   2.98197e-07   1.89736e-08   -4.13241e-07   -1.7184e-07   5.29358e-06   3.88827e-07   -7.43169e-06   2.13049e-07   -3.49865e-06   -3.41632e-07   4.77271e-06   2.27325e-07   -6.57634e-06   -5.01096e-07   9.242e-06   -2.75623e-07   4.4221e-06   4.54069e-07   -6.01902e-06
17.5   1.0656e-07   -2.95965e-08   -2.4426e-07   5.82447e-08   -9.1056e-08   1.85722e-08   1.65952e-07   -2.53099e-08   -1.14288e-06   3.88827e-07   2.64459e-06   -7.72904e-07   9.60774e-07   -3.39401e-07   -1.67653e-06   4.96357e-07   1.42132e-06   -5.01106e-07   -3.30834e-06   1.00355e-06   -1.18686e-06   4.51756e-07   2.06557e-06   -6.70886e-07
17.5   -1.90772e-08   7.0138e-07   5.82484e-08   -1.09138e-06   2.04253e-08   -4.13335e-07   -2.59261e-08   6.12698e-07   2.85225e-07   -7.43169e-06   -7.72904e-07   1.16303e-05   -3.09947e-07   4.77331e-06   4.99804e-07   -6.84853e-06   -3.75185e-07   9.242e-06   1.00354e-06   -1.45009e-05   4.02896e-07   -6.01968e-06   -6.74467e-07   8.60184e-06
17.5   6.03198e-08   -1.43087e-08   -9.10412e-08   2.03769e-08   -2.6764e-06   3.66178e-07   4.16727e-06   -6.60254e-07   -6.49759e-07   2.13049e-07   9.60774e-07   -3.09947e-07   1.58309e-05   -2.41347e-06   -2.46702e-05   4.26621e-06   8.04755e-07   -2.75714e-07   -1.18689e-06   4.03039e-07   -1.68209e-05   2.65322e-06   2.62228e-05   -4.66342e-06
17.5   -1.41617e-08   2.98754e-07   1.87343e-08   -4.1413e-07   3.66408e-07   -1.96615e-05   -1.07978e-06   2.75239e-05   2.11572e-07   -3.49865e-06   -3.39401e-07   4.77331e-06   -2.41347e-06   0.000116035   6.70724e-06   -0.000162504   -2.73885e-07   4.42044e-06   4.51399e-07   -6.01734e-06   2.65267e-06   -0.000123225   -7.24178e-06   0.000172605
17.5   -9.10335e-08   1.89757e-08   1.65938e-07   -2.59168e-08   4.16729e-06   -1.07948e-06   -9.5268e-06   2.11958e-06   9.60709e-07   -3.41632e-07   -1.67653e-06   4.99804e-07   -2.46702e-05   6.70724e-06   5.64951e-05   -1.31991e-05   -1.18682e-06   4.54069e-07   2.06559e-06   -6.74499e-07   2.62227e-05   -7.24253e-06   -6.0104e-05   1.42709e-05
17.5   2.01576e-08   -4.14094e-07   -2.55538e-08   6.13913e-07   -6.60594e-07   2.7524e-05   2.12003e-06   -4.27603e-05   -3.07711e-07   4.77271e-06   4.96357e-07   -6.84853e-06   4.26621e-06   -0.000162504   -1.31991e-05   0.000252732   4.00263e-07   -6.01649e-06   -6.70348e-07   8.59825e-06   -4.6626e-06   0.000172605   1.42698e-05   -0.000268569
17.5   7.36389e-08   -1.2263e-08   -1.14886e-07   2.13795e-08   -6.4992e-08   1.56556e-08   9.79222e-08   -2.23528e-08   -9.05812e-07   2.27325e-07   1.42132e-06   -3.75185e-07   8.04755e-07   -2.73885e-07   -1.18682e-06   4.00263e-07   1.21023e-06   -3.28948e-07   -1.90722e-06   5.40564e-07   -1.06636e-06   3.79241e-07   1.57069e-06   -5.59013e-07
17.5   -1.2265e-08   5.39312e-07   3.26209e-08   -7.55721e-07   1.59834e-08   -3.24095e-07   -2.17274e-08   4.48407e-07   2.27331e-07   -6.57634e-06   -5.01106e-07   9.242e-06   -2.75714e-07   4.42044e-06   4.54069e-07   -6.01649e-06   -3.28948e-07   8.8353e-06   7.0312e-07   -1.24432e-05   3.8114e-07   -6.05132e-06   -6.51334e-07   8.22015e-06
17.5   -1.14886e-07   3.2617e-08   2.63864e-07   -6.43869e-08   9.79357e-08   -2.12475e-08   -1.78021e-07   2.93805e-08   1.42132e-06   -5.01096e-07   -3.30834e-06   1.00354e-06   -1.18689e-06   4.51399e-07   2.06559e-06   -6.70348e-07   -1.90722e-06   7.0312e-07   4.499e-06   -1.43212e-06   1.57076e-06   -6.48565e-07   -2.7492e-06   9.90328e-07
17.5   2.13825e-08   -7.55724e-07   -6.4393e-08   1.17703e-06   -2.28483e-08   4.48539e-07   3.01217e-08   -6.62953e-07   -3.75193e-07   9.242e-06   1.00355e-06   -1.45009e-05   4.03039e-07   -6.01734e-06   -6.74499e-07   8.59825e-06   5.40564e-07   -1.24432e-05   -1.43212e-06   1.96297e-05   -5.619e-07   8.22108e-06   9.94645e-07   -1.17195e-05
17.5   -6.49787e-08   1.5936e-08   9.7915e-08   -2.27724e-08   2.76388e-06   -3.80105e-07   -4.3037e-06   6.84699e-07   8.04735e-07   -2.75623e-07   -1.18686e-06   4.02896e-07   -1.68209e-05   2.65267e-06   2.62227e-05   -4.6626e-06   -1.06636e-06   3.8114e-07   1.57076e-06   -5.619e-07   1.81219e-05   -2.99567e-06   -2.82715e-05   5.22788e-06
17.5   1.57841e-08   -3.24967e-07   -2.14797e-08   4.49781e-07   -3.80443e-07   2.0302e-05   1.11767e-06   -2.84212e-05   -2.74091e-07   4.4221e-06   4.51756e-07   -6.01968e-06   2.65322e-06   -0.000123225   -7.24253e-06   0.000172605   3.79241e-07   -6.05132e-06   -6.48565e-07   8.22108e-06   -2.99567e-06   0.000132721   7.98261e-06   -0.000185973
17.5   9.79071e-08   -2.17293e-08   -1.78002e-07   3.01061e-08   -4.30373e-06   1.11722e-06   9.83987e-06   -2.19423e-06   -1.1868e-06   4.54069e-07   2.06557e-06   -6.74467e-07   2.62228e-05   -7.24178e-06   -6.0104e-05   1.42698e-05   1.57069e-06   -6.51334e-07   -2.7492e-06   9.94645e-07   -2.82715e-05   7.98261e-06   6.49276e-05   -1.57774e-05
17.5   -2.25453e-08   4.49741e-07   2.97302e-08   -6.64851e-07   6.852e-07   -2.84213e-05   -2.1949e-06   4.41571e-05   4.00572e-07   -6.01902e-06   -6.70886e-07   8.60184e-06   -4.66342e-06   0.000172605   1.42709e-05   -0.000268569   -5.59013e-07   8.22015e-06   9.90328e-07   -1.17195e-05   5.22788e-06   -0.000185973   -1.57774e-05   0.00028964
