7   20   1026   543   7   20   1026   543   0   0   0   0
9   29   1107   611   9   29   1107   611   0   0   0   0
8   25   1023   563   8   25   1023   563   0   0   0   0
15   30   1021   586   15   30   1021   586   0   0   0   0
267   473   2787   13249   267   473   2787   13249   0   0   0   0
250   516   2721   12795   250   516   2721   12795   0   0   0   0
234   531   2589   12791   234   531   2589   12791   0   0   0   0
272   497   2686   13085   272   497   2686   13085   0   0   0   0
640   927   2666   29500   640   927   2666   29500   0   0   0   0
528   910   2422   28501   528   910   2422   28501   0   0   0   0
568   904   2362   28316   568   904   2362   28316   0   0   0   0
583   931   2495   29710   583   931   2495   29710   0   0   0   0
597   940   2501   29674   597   940   2501   29674   0   0   0   0
526   826   2294   27657   526   826   2294   27657   0   0   0   0
570   860   2404   27724   570   860   2404   27724   0   0   0   0
594   967   2490   29726   594   967   2490   29726   0   0   0   0
249   534   2591   13284   249   534   2591   13284   0   0   0   0
194   470   2324   12091   194   470   2324   12091   0   0   0   0
202   435   2320   11780   202   435   2320   11780   0   0   0   0
243   507   2609   13235   243   507   2609   13235   0   0   0   0
5   21   869   672   5   21   869   672   0   0   0   0
5   19   695   572   5   19   695   572   0   0   0   0
7   16   736   556   7   16   736   556   0   0   0   0
9   28   935   651   9   28   935   651   0   0   0   0
12   29   1907   899   12   29   1907   899   0   0   0   0
12   38   1858   958   12   38   1858   958   0   0   0   0
12   31   1913   889   12   31   1913   889   0   0   0   0
13   31   1886   845   13   31   1886   845   0   0   0   0
243   480   2711   12486   243   480   2711   12486   0   0   0   0
225   436   2365   11043   225   436   2365   11043   0   0   0   0
198   415   2413   10953   198   415   2413   10953   0   0   0   0
238   448   2735   12296   238   448   2735   12296   0   0   0   0
466   667   1986   23609   466   667   1986   23609   0   0   0   0
405   578   1703   19163   405   578   1703   19163   0   0   0   0
368   557   1626   19069   368   557   1626   19069   0   0   0   0
460   675   2055   23795   460   675   2055   23795   0   0   0   0
415   662   1805   21854   415   662   1805   21854   0   0   0   0
338   449   1370   16150   338   449   1370   16150   0   0   0   0
358   464   1413   15984   358   464   1413   15984   0   0   0   0
424   649   1870   21869   424   649   1870   21869   0   0   0   0
183   356   1981   9565   183   356   1981   9565   0   0   0   0
119   209   1285   6274   119   209   1285   6274   0   0   0   0
126   207   1219   6481   126   207   1219   6481   0   0   0   0
183   331   2000   9348   183   331   2000   9348   0   0   0   0
6   15   766   658   6   15   766   658   0   0   0   0
3   13   425   362   3   13   425   362   0   0   0   0
4   16   470   351   4   16   470   351   0   0   0   0
5   13   790   587   5   13   790   587   0   0   0   0
13   21   1778   803   13   21   1778   803   0   0   0   0
9   26   1978   936   9   26   1978   936   0   0   0   0
7   34   1926   898   7   34   1926   898   0   0   0   0
6   32   1756   781   6   32   1756   781   0   0   0   0
132   250   1727   7056   132   250   1727   7056   0   0   0   0
150   329   1972   8663   150   329   1972   8663   0   0   0   0
146   303   1987   8535   146   303   1987   8535   0   0   0   0
133   233   1643   6972   133   233   1643   6972   0   0   0   0
209   227   841   9856   209   227   841   9856   0   0   0   0
297   333   1158   12962   297   333   1158   12962   0   0   0   0
256   359   1097   13160   256   359   1097   13160   0   0   0   0
221   265   849   9760   221   265   849   9760   0   0   0   0
130   175   581   6782   130   175   581   6782   0   0   0   0
192   232   830   10036   192   232   830   10036   0   0   0   0
234   237   894   9921   234   237   894   9921   0   0   0   0
135   182   546   6790   135   182   546   6790   0   0   0   0
53   78   456   2373   53   78   456   2373   0   0   0   0
84   103   814   4021   84   103   814   4021   0   0   0   0
86   103   813   4096   86   103   813   4096   0   0   0   0
43   69   517   2288   43   69   517   2288   0   0   0   0
1   1   243   293   1   1   243   293   0   0   0   0
5   6   461   304   5   6   461   304   0   0   0   0
7   4   429   309   7   4   429   309   0   0   0   0
1   2   280   343   1   2   280   343   0   0   0   0
7   16   1282   567   7   16   1282   567   0   0   0   0
13   18   1530   762   13   18   1530   762   0   0   0   0
7   36   1460   758   7   36   1460   758   0   0   0   0
2   15   1227   623   2   15   1227   623   0   0   0   0
192   217   2057   9609   192   217   2057   9609   0   0   0   0
229   477   2775   12859   229   477   2775   12859   0   0   0   0
253   450   2731   12859   253   450   2731   12859   0   0   0   0
163   217   2076   9691   163   217   2076   9691   0   0   0   0
401   343   1652   18891   401   343   1652   18891   0   0   0   0
558   577   2263   26997   558   577   2263   26997   0   0   0   0
565   580   2259   26981   565   580   2259   26981   0   0   0   0
388   312   1650   18818   388   312   1650   18818   0   0   0   0
358   341   1478   17321   358   341   1478   17321   0   0   0   0
541   439   2310   26103   541   439   2310   26103   0   0   0   0
551   458   2228   25776   551   458   2228   25776   0   0   0   0
337   343   1394   17094   337   343   1394   17094   0   0   0   0
111   193   1339   7041   111   193   1339   7041   0   0   0   0
219   223   2310   11732   219   223   2310   11732   0   0   0   0
207   240   2265   11414   207   240   2265   11414   0   0   0   0
132   216   1384   6920   132   216   1384   6920   0   0   0   0
2   12   434   460   2   12   434   460   0   0   0   0
2   13   849   663   2   13   849   663   0   0   0   0
3   14   849   683   3   14   849   683   0   0   0   0
4   6   440   465   4   6   440   465   0   0   0   0
3   6   621   341   3   6   621   341   0   0   0   0
5   9   791   442   5   9   791   442   0   0   0   0
9   4   803   452   9   4   803   452   0   0   0   0
6   6   600   359   6   6   600   359   0   0   0   0
156   65   1738   8628   156   65   1738   8628   0   0   0   0
185   158   2090   10301   185   158   2090   10301   0   0   0   0
190   143   1998   10338   190   143   1998   10338   0   0   0   0
160   72   1760   8403   160   72   1760   8403   0   0   0   0
384   112   1711   19090   384   112   1711   19090   0   0   0   0
467   175   1982   23312   467   175   1982   23312   0   0   0   0
477   156   2032   23039   477   156   2032   23039   0   0   0   0
405   109   1630   19089   405   109   1630   19089   0   0   0   0
407   131   1613   18774   407   131   1613   18774   0   0   0   0
497   143   2035   23327   497   143   2035   23327   0   0   0   0
490   144   1948   23488   490   144   1948   23488   0   0   0   0
384   132   1561   18713   384   132   1561   18713   0   0   0   0
165   87   1659   8201   165   87   1659   8201   0   0   0   0
186   106   2056   10471   186   106   2056   10471   0   0   0   0
185   75   2035   10542   185   75   2035   10542   0   0   0   0
168   107   1612   8179   168   107   1612   8179   0   0   0   0
5   6   537   488   5   6   537   488   0   0   0   0
3   9   677   568   3   9   677   568   0   0   0   0
5   11   686   526   5   11   686   526   0   0   0   0
5   7   475   462   5   7   475   462   0   0   0   0
42   99   1947   2211   42   99   1947   2211   0   0   0   0
39   94   2043   2412   39   94   2043   2412   0   0   0   0
29   110   1970   2469   29   110   1970   2469   0   0   0   0
35   122   1928   2258   35   122   1928   2258   0   0   0   0
601   1241   5297   32426   601   1241   5297   32426   0   0   0   0
656   1358   6013   36566   656   1358   6013   36566   0   0   0   0
742   1451   6322   36624   742   1451   6322   36624   0   0   0   0
630   1193   5540   31958   630   1193   5540   31958   0   0   0   0
1060   1684   4827   54214   1060   1684   4827   54214   0   0   0   0
1293   1902   5960   64500   1293   1902   5960   64500   0   0   0   0
1321   1968   6079   64863   1321   1968   6079   64863   0   0   0   0
1133   1674   4955   53991   1133   1674   4955   53991   0   0   0   0
1101   1624   4906   52265   1101   1624   4906   52265   0   0   0   0
1349   2022   6099   65312   1349   2022   6099   65312   0   0   0   0
1304   1945   5867   65961   1304   1945   5867   65961   0   0   0   0
1076   1576   4773   52376   1076   1576   4773   52376   0   0   0   0
588   1082   4792   28625   588   1082   4792   28625   0   0   0   0
754   1458   6514   39040   754   1458   6514   39040   0   0   0   0
736   1394   6630   39055   736   1394   6630   39055   0   0   0   0
543   1070   4777   28578   543   1070   4777   28578   0   0   0   0
28   70   1365   1786   28   70   1365   1786   0   0   0   0
50   148   2287   3167   50   148   2287   3167   0   0   0   0
53   123   2283   3127   53   123   2283   3127   0   0   0   0
35   77   1368   1757   35   77   1368   1757   0   0   0   0
33   96   2462   2397   33   96   2462   2397   0   0   0   0
37   131   2600   2597   37   131   2600   2597   0   0   0   0
51   121   2584   2623   51   121   2584   2623   0   0   0   0
36   103   2474   2510   36   103   2474   2510   0   0   0   0
425   897   4075   22702   425   897   4075   22702   0   0   0   0
511   1063   4648   27211   511   1063   4648   27211   0   0   0   0
526   1017   4727   27090   526   1017   4727   27090   0   0   0   0
445   825   4034   22732   445   825   4034   22732   0   0   0   0
644   924   2965   32420   644   924   2965   32420   0   0   0   0
895   1257   4158   44176   895   1257   4158   44176   0   0   0   0
919   1271   4129   43819   919   1271   4129   43819   0   0   0   0
615   903   2929   31968   615   903   2929   31968   0   0   0   0
567   852   2520   27995   567   852   2520   27995   0   0   0   0
937   1247   4123   44211   937   1247   4123   44211   0   0   0   0
852   1274   4032   44552   852   1274   4032   44552   0   0   0   0
579   784   2578   27865   579   784   2578   27865   0   0   0   0
245   512   2318   13956   245   512   2318   13956   0   0   0   0
553   956   4733   28515   553   956   4733   28515   0   0   0   0
598   1013   4743   28638   598   1013   4743   28638   0   0   0   0
254   520   2319   13629   254   520   2319   13629   0   0   0   0
25   30   838   1048   25   30   838   1048   0   0   0   0
48   103   2214   3063   48   103   2214   3063   0   0   0   0
38   110   2260   3119   38   110   2260   3119   0   0   0   0
10   45   881   1119   10   45   881   1119   0   0   0   0
23   79   2109   1844   23   79   2109   1844   0   0   0   0
35   106   2395   2100   35   106   2395   2100   0   0   0   0
25   111   2361   2126   25   111   2361   2126   0   0   0   0
36   92   2078   1866   36   92   2078   1866   0   0   0   0
256   360   2365   12421   256   360   2365   12421   0   0   0   0
243   524   2416   13397   243   524   2416   13397   0   0   0   0
264   474   2512   13230   264   474   2512   13230   0   0   0   0
257   383   2354   12461   257   383   2354   12461   0   0   0   0
393   371   1565   16368   393   371   1565   16368   0   0   0   0
328   392   1473   15280   328   392   1473   15280   0   0   0   0
307   386   1373   15167   307   386   1373   15167   0   0   0   0
345   368   1532   16341   345   368   1532   16341   0   0   0   0
328   382   1448   15111   328   382   1448   15111   0   0   0   0
208   250   1132   11863   208   250   1132   11863   0   0   0   0
225   276   1079   11977   225   276   1079   11977   0   0   0   0
295   396   1380   15092   295   396   1380   15092   0   0   0   0
194   388   1736   10152   194   388   1736   10152   0   0   0   0
111   188   1081   6925   111   188   1081   6925   0   0   0   0
146   196   1081   6752   146   196   1081   6752   0   0   0   0
163   367   1611   10185   163   367   1611   10185   0   0   0   0
25   49   1195   1595   25   49   1195   1595   0   0   0   0
14   31   841   1254   14   31   841   1254   0   0   0   0
19   42   856   1235   19   42   856   1235   0   0   0   0
30   51   1155   1602   30   51   1155   1602   0   0   0   0
29   71   1919   2201   29   71   1919   2201   0   0   0   0
42   119   2218   2397   42   119   2218   2397   0   0   0   0
31   108   2234   2435   31   108   2234   2435   0   0   0   0
38   63   1961   2073   38   63   1961   2073   0   0   0   0
503   483   4464   26302   503   483   4464   26302   0   0   0   0
490   828   4657   27020   490   828   4657   27020   0   0   0   0
569   826   4726   26780   569   826   4726   26780   0   0   0   0
540   473   4491   26210   540   473   4491   26210   0   0   0   0
926   728   4294   45307   926   728   4294   45307   0   0   0   0
906   807   3861   42209   906   807   3861   42209   0   0   0   0
923   846   3914   42269   923   846   3914   42269   0   0   0   0
923   792   4298   45405   923   792   4298   45405   0   0   0   0
938   965   4339   47141   938   965   4339   47141   0   0   0   0
817   654   3549   38950   817   654   3549   38950   0   0   0   0
779   639   3457   39241   779   639   3457   39241   0   0   0   0
1003   945   4395   47102   1003   945   4395   47102   0   0   0   0
587   862   4961   30334   587   862   4961   30334   0   0   0   0
391   374   3357   20462   391   374   3357   20462   0   0   0   0
369   364   3305   20846   369   364   3305   20846   0   0   0   0
571   962   4956   30027   571   962   4956   30027   0   0   0   0
38   113   2029   3008   38   113   2029   3008   0   0   0   0
17   40   997   1524   17   40   997   1524   0   0   0   0
16   42   1030   1451   16   42   1030   1451   0   0   0   0
48   100   2018   2926   48   100   2018   2926   0   0   0   0
27   13   1277   1627   27   13   1277   1627   0   0   0   0
23   46   1418   1731   23   46   1418   1731   0   0   0   0
24   42   1352   1799   24   42   1352   1799   0   0   0   0
29   16   1278   1487   29   16   1278   1487   0   0   0   0
456   162   4080   23996   456   162   4080   23996   0   0   0   0
510   335   4344   25718   510   335   4344   25718   0   0   0   0
455   323   4255   25876   455   323   4255   25876   0   0   0   0
482   157   4022   23870   482   157   4022   23870   0   0   0   0
843   242   3959   42868   843   242   3959   42868   0   0   0   0
878   309   3871   44132   878   309   3871   44132   0   0   0   0
905   310   4103   43746   905   310   4103   43746   0   0   0   0
852   288   3858   43110   852   288   3858   43110   0   0   0   0
837   315   3996   44122   837   315   3996   44122   0   0   0   0
920   229   4001   43301   920   229   4001   43301   0   0   0   0
902   262   4014   42953   902   262   4014   42953   0   0   0   0
887   287   3997   44063   887   287   3997   44063   0   0   0   0
499   338   4383   26268   499   338   4383   26268   0   0   0   0
485   155   3940   24276   485   155   3940   24276   0   0   0   0
428   157   3894   24348   428   157   3894   24348   0   0   0   0
537   330   4341   26240   537   330   4341   26240   0   0   0   0
41   45   1448   2168   41   45   1448   2168   0   0   0   0
28   16   1153   1666   28   16   1153   1666   0   0   0   0
31   21   1133   1681   31   21   1133   1681   0   0   0   0
35   35   1475   2187   35   35   1475   2187   0   0   0   0
50   121   1231   2798   50   121   1231   2798   0   0   0   0
42   155   1325   3307   42   155   1325   3307   0   0   0   0
52   147   1340   3204   52   147   1340   3204   0   0   0   0
52   123   1180   2857   52   123   1180   2857   0   0   0   0
490   833   3604   25274   490   833   3604   25274   0   0   0   0
610   1157   4453   31853   610   1157   4453   31853   0   0   0   0
643   1189   4456   31601   643   1189   4456   31601   0   0   0   0
472   934   3454   25234   472   934   3454   25234   0   0   0   0
677   909   3218   33765   677   909   3218   33765   0   0   0   0
986   1296   4586   47338   986   1296   4586   47338   0   0   0   0
957   1326   4603   47832   957   1326   4603   47832   0   0   0   0
706   927   3330   33894   706   927   3330   33894   0   0   0   0
627   923   3054   31453   627   923   3054   31453   0   0   0   0
1015   1417   4938   50171   1015   1417   4938   50171   0   0   0   0
985   1418   4861   50120   985   1418   4861   50120   0   0   0   0
630   911   3079   31384   630   911   3079   31384   0   0   0   0
416   806   2974   20545   416   806   2974   20545   0   0   0   0
704   1312   5568   38365   704   1312   5568   38365   0   0   0   0
779   1347   5523   38230   779   1347   5523   38230   0   0   0   0
391   783   2933   20087   391   783   2933   20087   0   0   0   0
30   90   786   1816   30   90   786   1816   0   0   0   0
94   220   2199   5176   94   220   2199   5176   0   0   0   0
79   207   2147   5061   79   207   2147   5061   0   0   0   0
28   86   772   1879   28   86   772   1879   0   0   0   0
43   93   1251   2562   43   93   1251   2562   0   0   0   0
48   146   1428   2960   48   146   1428   2960   0   0   0   0
53   121   1475   2923   53   121   1475   2923   0   0   0   0
61   121   1292   2564   61   121   1292   2564   0   0   0   0
260   517   2307   15231   260   517   2307   15231   0   0   0   0
453   804   3403   23695   453   804   3403   23695   0   0   0   0
432   828   3347   23472   432   828   3347   23472   0   0   0   0
271   525   2228   15141   271   525   2228   15141   0   0   0   0
346   466   1694   17392   346   466   1694   17392   0   0   0   0
755   955   3548   36221   755   955   3548   36221   0   0   0   0
712   1026   3545   36644   712   1026   3545   36644   0   0   0   0
370   444   1716   17368   370   444   1716   17368   0   0   0   0
298   406   1514   15632   298   406   1514   15632   0   0   0   0
829   1181   4137   42320   829   1181   4137   42320   0   0   0   0
865   1056   4038   42070   865   1056   4038   42070   0   0   0   0
298   408   1459   15418   298   408   1459   15418   0   0   0   0
213   378   1605   10987   213   378   1605   10987   0   0   0   0
695   1354   5567   38851   695   1354   5567   38851   0   0   0   0
739   1328   5711   38700   739   1328   5711   38700   0   0   0   0
204   354   1623   11101   204   354   1623   11101   0   0   0   0
34   89   1234   2517   34   89   1234   2517   0   0   0   0
130   362   3522   8500   130   362   3522   8500   0   0   0   0
149   298   3626   8331   149   298   3626   8331   0   0   0   0
45   89   1260   2559   45   89   1260   2559   0   0   0   0
36   75   1008   1762   36   75   1008   1762   0   0   0   0
31   69   1097   1979   31   69   1097   1979   0   0   0   0
40   89   1126   2105   40   89   1126   2105   0   0   0   0
33   70   993   1740   33   70   993   1740   0   0   0   0
181   238   1489   9796   181   238   1489   9796   0   0   0   0
152   264   1240   8332   152   264   1240   8332   0   0   0   0
185   255   1324   8248   185   255   1324   8248   0   0   0   0
210   230   1492   9722   210   230   1492   9722   0   0   0   0
267   300   1379   14077   267   300   1379   14077   0   0   0   0
195   208   966   9827   195   208   966   9827   0   0   0   0
206   228   1004   9741   206   228   1004   9741   0   0   0   0
273   327   1359   14134   273   327   1359   14134   0   0   0   0
346   432   1710   17445   346   432   1710   17445   0   0   0   0
216   219   1032   11068   216   219   1032   11068   0   0   0   0
216   222   1046   11005   216   222   1046   11005   0   0   0   0
369   382   1694   17647   369   382   1694   17647   0   0   0   0
377   630   2867   19369   377   630   2867   19369   0   0   0   0
241   345   1923   12418   241   345   1923   12418   0   0   0   0
228   362   1842   12573   228   362   1842   12573   0   0   0   0
387   637   2792   19426   387   637   2792   19426   0   0   0   0
75   239   2510   5796   75   239   2510   5796   0   0   0   0
71   175   2069   4865   71   175   2069   4865   0   0   0   0
76   217   2116   4873   76   217   2116   4873   0   0   0   0
80   231   2522   5751   80   231   2522   5751   0   0   0   0
40   76   1137   2433   40   76   1137   2433   0   0   0   0
59   101   1288   2714   59   101   1288   2714   0   0   0   0
48   103   1327   2696   48   103   1327   2696   0   0   0   0
42   63   1160   2473   42   63   1160   2473   0   0   0   0
436   386   3463   23333   436   386   3463   23333   0   0   0   0
340   474   2811   19394   340   474   2811   19394   0   0   0   0
372   535   2871   19427   372   535   2871   19427   0   0   0   0
460   374   3429   23395   460   374   3429   23395   0   0   0   0
751   590   3600   36737   751   590   3600   36737   0   0   0   0
500   487   2355   24431   500   487   2355   24431   0   0   0   0
479   425   2323   23995   479   425   2323   23995   0   0   0   0
752   557   3623   36726   752   557   3623   36726   0   0   0   0
879   751   4058   41127   879   751   4058   41127   0   0   0   0
412   338   2183   22033   412   338   2183   22033   0   0   0   0
464   361   2118   22013   464   361   2118   22013   0   0   0   0
851   757   4073   41515   851   757   4073   41515   0   0   0   0
629   1095   4970   35518   629   1095   4970   35518   0   0   0   0
314   250   2069   14499   314   250   2069   14499   0   0   0   0
276   242   1981   14459   276   242   1981   14459   0   0   0   0
694   998   5174   35319   694   998   5174   35319   0   0   0   0
118   222   2683   6294   118   222   2683   6294   0   0   0   0
33   77   979   2117   33   77   979   2117   0   0   0   0
36   53   954   2180   36   53   954   2180   0   0   0   0
109   244   2645   6380   109   244   2645   6380   0   0   0   0
37   16   873   2042   37   16   873   2042   0   0   0   0
40   49   959   2192   40   49   959   2192   0   0   0   0
37   31   930   2096   37   31   930   2096   0   0   0   0
36   17   854   2016   36   17   854   2016   0   0   0   0
398   106   3014   20730   398   106   3014   20730   0   0   0   0
434   222   3035   19986   434   222   3035   19986   0   0   0   0
429   200   2989   20114   429   200   2989   20114   0   0   0   0
412   110   3038   20657   412   110   3038   20657   0   0   0   0
691   160   3096   31526   691   160   3096   31526   0   0   0   0
610   178   2764   28078   610   178   2764   28078   0   0   0   0
576   175   2776   28122   576   175   2776   28122   0   0   0   0
648   194   3032   31243   648   194   3032   31243   0   0   0   0
656   217   3213   32568   656   217   3213   32568   0   0   0   0
563   142   2648   27023   563   142   2648   27023   0   0   0   0
530   145   2575   27056   530   145   2575   27056   0   0   0   0
656   237   3067   33146   656   237   3067   33146   0   0   0   0
519   296   3626   24957   519   296   3626   24957   0   0   0   0
342   99   2497   17869   342   99   2497   17869   0   0   0   0
350   101   2505   17988   350   101   2505   17988   0   0   0   0
475   286   3613   25085   475   286   3613   25085   0   0   0   0
62   76   1313   3302   62   76   1313   3302   0   0   0   0
30   16   698   1724   30   16   698   1724   0   0   0   0
34   17   707   1700   34   17   707   1700   0   0   0   0
69   70   1329   3343   69   70   1329   3343   0   0   0   0
120   254   1807   6884   120   254   1807   6884   0   0   0   0
129   323   1986   7860   129   323   1986   7860   0   0   0   0
154   306   1986   7772   154   306   1986   7772   0   0   0   0
152   257   1731   6820   152   257   1731   6820   0   0   0   0
806   1238   5150   40964   806   1238   5150   40964   0   0   0   0
1061   1829   7371   57226   1061   1829   7371   57226   0   0   0   0
1155   1850   7330   56844   1155   1850   7330   56844   0   0   0   0
778   1264   5289   40753   778   1264   5289   40753   0   0   0   0
935   1282   4798   47717   935   1282   4798   47717   0   0   0   0
1485   1940   7658   77772   1485   1940   7658   77772   0   0   0   0
1524   1935   7821   77665   1524   1935   7821   77665   0   0   0   0
931   1148   4589   47693   931   1148   4589   47693   0   0   0   0
886   1088   4400   44755   886   1088   4400   44755   0   0   0   0
1757   2078   8548   84284   1757   2078   8548   84284   0   0   0   0
1765   2141   8610   84404   1765   2141   8610   84404   0   0   0   0
869   1175   4456   44643   869   1175   4456   44643   0   0   0   0
575   1001   3995   31680   575   1001   3995   31680   0   0   0   0
1503   2337   10109   77925   1503   2337   10109   77925   0   0   0   0
1524   2302   9999   77954   1524   2302   9999   77954   0   0   0   0
622   981   4162   31999   622   981   4162   31999   0   0   0   0
68   206   1268   4924   68   206   1268   4924   0   0   0   0
283   692   4503   17483   283   692   4503   17483   0   0   0   0
271   632   4430   17029   271   632   4430   17029   0   0   0   0
78   196   1262   4962   78   196   1262   4962   0   0   0   0
85   196   1412   5310   85   196   1412   5310   0   0   0   0
112   222   1607   6392   112   222   1607   6392   0   0   0   0
139   242   1673   6389   139   242   1673   6389   0   0   0   0
105   175   1430   5225   105   175   1430   5225   0   0   0   0
453   652   2964   22743   453   652   2964   22743   0   0   0   0
851   1313   5568   44440   851   1313   5568   44440   0   0   0   0
857   1318   5675   44649   857   1318   5675   44649   0   0   0   0
423   611   2889   22415   423   611   2889   22415   0   0   0   0
514   559   2440   24696   514   559   2440   24696   0   0   0   0
1354   1620   6820   68647   1354   1620   6820   68647   0   0   0   0
1382   1573   6796   68323   1382   1573   6796   68323   0   0   0   0
459   556   2344   24870   459   556   2344   24870   0   0   0   0
449   576   2377   25138   449   576   2377   25138   0   0   0   0
1730   1998   8542   86679   1730   1998   8542   86679   0   0   0   0
1760   1940   8773   86665   1760   1940   8773   86665   0   0   0   0
500   578   2423   25290   500   578   2423   25290   0   0   0   0
577   831   3702   28357   577   831   3702   28357   0   0   0   0
1918   2964   13258   101859   1918   2964   13258   101859   0   0   0   0
2000   2921   13261   101643   2000   2921   13261   101643   0   0   0   0
545   812   3744   28164   545   812   3744   28164   0   0   0   0
248   481   4305   15317   248   481   4305   15317   0   0   0   0
620   1297   9743   36955   620   1297   9743   36955   0   0   0   0
602   1382   9852   37110   602   1382   9852   37110   0   0   0   0
236   507   4287   15164   236   507   4287   15164   0   0   0   0
55   101   950   3095   55   101   950   3095   0   0   0   0
56   105   984   3427   56   105   984   3427   0   0   0   0
58   107   951   3378   58   107   951   3378   0   0   0   0
57   110   885   3141   57   110   885   3141   0   0   0   0
356   414   2227   17771   356   414   2227   17771   0   0   0   0
246   367   1699   13053   246   367   1699   13053   0   0   0   0
266   374   1770   13006   266   374   1770   13006   0   0   0   0
362   368   2274   17890   362   368   2274   17890   0   0   0   0
606   543   3048   29844   606   543   3048   29844   0   0   0   0
369   359   1932   19530   369   359   1932   19530   0   0   0   0
394   370   1977   19276   394   370   1977   19276   0   0   0   0
586   504   2855   29846   586   504   2855   29846   0   0   0   0
865   938   4249   43514   865   938   4249   43514   0   0   0   0
565   537   2806   28802   565   537   2806   28802   0   0   0   0
532   517   2795   28593   532   517   2795   28593   0   0   0   0
847   887   4365   43556   847   887   4365   43556   0   0   0   0
1180   1743   8293   61818   1180   1743   8293   61818   0   0   0   0
853   1076   5991   44578   853   1076   5991   44578   0   0   0   0
866   1100   6233   44815   866   1100   6233   44815   0   0   0   0
1161   1825   8222   61866   1161   1825   8222   61866   0   0   0   0
491   1059   7990   28735   491   1059   7990   28735   0   0   0   0
434   957   7158   25156   434   957   7158   25156   0   0   0   0
419   897   7228   25175   419   897   7228   25175   0   0   0   0
474   1000   7991   28719   474   1000   7991   28719   0   0   0   0
116   123   1574   5775   116   123   1574   5775   0   0   0   0
96   204   1570   5879   96   204   1570   5879   0   0   0   0
120   173   1594   5785   120   173   1594   5785   0   0   0   0
109   119   1554   5670   109   119   1554   5670   0   0   0   0
876   580   5747   44151   876   580   5747   44151   0   0   0   0
610   685   3981   29960   610   685   3981   29960   0   0   0   0
562   688   3856   30057   562   688   3856   30057   0   0   0   0
815   549   5531   43860   815   549   5531   43860   0   0   0   0
1346   825   6446   65621   1346   825   6446   65621   0   0   0   0
642   470   3250   33215   642   470   3250   33215   0   0   0   0
682   564   3328   33157   682   564   3328   33157   0   0   0   0
1361   889   6601   65704   1361   889   6601   65704   0   0   0   0
1601   1264   7713   79158   1601   1264   7713   79158   0   0   0   0
603   417   3137   31538   603   417   3137   31538   0   0   0   0
623   399   3064   31552   623   399   3064   31552   0   0   0   0
1519   1227   7728   78428   1519   1227   7728   78428   0   0   0   0
1609   2121   10924   84235   1609   2121   10924   84235   0   0   0   0
518   395   3561   26977   518   395   3561   26977   0   0   0   0
501   426   3582   27086   501   426   3582   27086   0   0   0   0
1658   2081   11031   83517   1658   2081   11031   83517   0   0   0   0
413   875   6747   24760   413   875   6747   24760   0   0   0   0
177   261   2717   9472   177   261   2717   9472   0   0   0   0
157   226   2686   9438   157   226   2686   9438   0   0   0   0
446   815   6826   24785   446   815   6826   24785   0   0   0   0
90   35   1308   5147   90   35   1308   5147   0   0   0   0
98   67   1324   5247   98   67   1324   5247   0   0   0   0
80   69   1368   5311   80   69   1368   5311   0   0   0   0
86   36   1354   5017   86   36   1354   5017   0   0   0   0
713   178   4873   37415   713   178   4873   37415   0   0   0   0
651   276   4491   33952   651   276   4491   33952   0   0   0   0
640   277   4445   34059   640   277   4445   34059   0   0   0   0
709   182   4829   37582   709   182   4829   37582   0   0   0   0
1081   243   5114   50229   1081   243   5114   50229   0   0   0   0
755   240   3970   40342   755   240   3970   40342   0   0   0   0
839   197   4183   40641   839   197   4183   40641   0   0   0   0
1090   279   5152   50707   1090   279   5152   50707   0   0   0   0
1072   355   5424   55091   1072   355   5424   55091   0   0   0   0
801   173   3833   38863   801   173   3833   38863   0   0   0   0
774   177   3783   38790   774   177   3783   38790   0   0   0   0
1081   296   5377   54702   1081   296   5377   54702   0   0   0   0
910   467   6366   49105   910   467   6366   49105   0   0   0   0
558   124   3597   28514   558   124   3597   28514   0   0   0   0
574   149   3747   28312   574   149   3747   28312   0   0   0   0
935   462   6438   48870   935   462   6438   48870   0   0   0   0
158   144   2575   10300   158   144   2575   10300   0   0   0   0
66   39   1105   4074   66   39   1105   4074   0   0   0   0
71   34   1011   4105   71   34   1011   4105   0   0   0   0
168   153   2523   10184   168   153   2523   10184   0   0   0   0
85   11   815   4639   85   11   815   4639   0   0   0   0
107   9   924   5235   107   9   924   5235   0   0   0   0
114   20   987   5287   114   20   987   5287   0   0   0   0
94   16   864   4667   94   16   864   4667   0   0   0   0
422   33   2621   21589   422   33   2621   21589   0   0   0   0
618   63   3728   31110   618   63   3728   31110   0   0   0   0
602   55   3673   31247   602   55   3673   31247   0   0   0   0
483   43   2591   21553   483   43   2591   21553   0   0   0   0
461   33   2286   22720   461   33   2286   22720   0   0   0   0
772   57   3962   40275   772   57   3962   40275   0   0   0   0
815   54   3949   40048   815   54   3949   40048   0   0   0   0
420   31   2266   22698   420   31   2266   22698   0   0   0   0
420   45   2153   21461   420   45   2153   21461   0   0   0   0
889   67   4461   44980   889   67   4461   44980   0   0   0   0
887   54   4454   45308   887   54   4454   45308   0   0   0   0
400   35   2030   21579   400   35   2030   21579   0   0   0   0
307   33   1921   16845   307   33   1921   16845   0   0   0   0
897   80   5491   47113   897   80   5491   47113   0   0   0   0
987   84   5656   46816   987   84   5656   46816   0   0   0   0
340   26   2006   16636   340   26   2006   16636   0   0   0   0
58   12   755   3898   58   12   755   3898   0   0   0   0
257   35   2552   14172   257   35   2552   14172   0   0   0   0
262   33   2671   14181   262   33   2671   14181   0   0   0   0
56   14   685   3816   56   14   685   3816   0   0   0   0
55   8   649   3805   55   8   649   3805   0   0   0   0
81   12   806   4386   81   12   806   4386   0   0   0   0
79   7   783   4227   79   7   783   4227   0   0   0   0
63   10   718   3723   63   10   718   3723   0   0   0   0
234   12   1419   12448   234   12   1419   12448   0   0   0   0
493   42   2969   26328   493   42   2969   26328   0   0   0   0
520   39   3106   26000   520   39   3106   26000   0   0   0   0
243   26   1432   12411   243   26   1432   12411   0   0   0   0
264   11   1308   12501   264   11   1308   12501   0   0   0   0
773   40   3835   39175   773   40   3835   39175   0   0   0   0
771   53   3865   38709   771   53   3865   38709   0   0   0   0
263   20   1300   12753   263   20   1300   12753   0   0   0   0
319   24   1422   14590   319   24   1422   14590   0   0   0   0
1078   67   5224   51873   1078   67   5224   51873   0   0   0   0
1058   56   5139   51821   1058   56   5139   51821   0   0   0   0
283   15   1434   14565   283   15   1434   14565   0   0   0   0
387   34   2526   21567   387   34   2526   21567   0   0   0   0
1354   114   8469   69932   1354   114   8469   69932   0   0   0   0
1361   125   8346   70652   1361   125   8346   70652   0   0   0   0
427   41   2519   21464   427   41   2519   21464   0   0   0   0
294   32   3274   15985   294   32   3274   15985   0   0   0   0
573   75   6568   33744   573   75   6568   33744   0   0   0   0
602   73   6741   33988   602   73   6741   33988   0   0   0   0
294   37   3196   16056   294   37   3196   16056   0   0   0   0
42   5   427   2233   42   5   427   2233   0   0   0   0
51   4   468   2286   51   4   468   2286   0   0   0   0
40   7   462   2340   40   7   462   2340   0   0   0   0
43   3   460   2139   43   3   460   2139   0   0   0   0
234   16   1289   11115   234   16   1289   11115   0   0   0   0
152   9   905   8379   152   9   905   8379   0   0   0   0
156   15   990   8186   156   15   990   8186   0   0   0   0
233   8   1322   11149   233   8   1322   11149   0   0   0   0
354   14   1860   19529   354   14   1860   19529   0   0   0   0
275   19   1288   13252   275   19   1288   13252   0   0   0   0
261   17   1246   12995   261   17   1246   12995   0   0   0   0
364   25   1863   19063   364   25   1863   19063   0   0   0   0
587   30   2838   28669   587   30   2838   28669   0   0   0   0
412   19   2157   20109   412   19   2157   20109   0   0   0   0
420   35   1986   20251   420   35   1986   20251   0   0   0   0
566   32   2807   28754   566   32   2807   28754   0   0   0   0
938   86   5785   47083   938   86   5785   47083   0   0   0   0
687   55   4460   36680   687   55   4460   36680   0   0   0   0
755   46   4474   36088   755   46   4474   36088   0   0   0   0
885   78   5747   47372   885   78   5747   47372   0   0   0   0
524   58   5838   28335   524   58   5838   28335   0   0   0   0
485   59   5288   26249   485   59   5288   26249   0   0   0   0
481   55   5276   26161   481   55   5276   26161   0   0   0   0
496   77   5575   28811   496   77   5575   28811   0   0   0   0
80   5   753   3819   80   5   753   3819   0   0   0   0
60   9   834   4086   60   9   834   4086   0   0   0   0
89   11   783   4126   89   11   783   4126   0   0   0   0
66   6   720   3808   66   6   720   3808   0   0   0   0
564   18   3020   25334   564   18   3020   25334   0   0   0   0
306   23   1924   16244   306   23   1924   16244   0   0   0   0
307   16   1892   16199   307   16   1892   16199   0   0   0   0
521   24   2964   25240   521   24   2964   25240   0   0   0   0
705   36   3494   36080   705   36   3494   36080   0   0   0   0
295   15   1615   16708   295   15   1615   16708   0   0   0   0
342   26   1688   16620   342   26   1688   16620   0   0   0   0
688   30   3588   36160   688   30   3588   36160   0   0   0   0
916   47   4451   44762   916   47   4451   44762   0   0   0   0
355   11   1647   16457   355   11   1647   16457   0   0   0   0
332   12   1631   16406   332   12   1631   16406   0   0   0   0
849   41   4391   44706   849   41   4391   44706   0   0   0   0
1042   95   6480   54730   1042   95   6480   54730   0   0   0   0
340   16   2047   17278   340   16   2047   17278   0   0   0   0
340   18   2107   17123   340   18   2107   17123   0   0   0   0
1081   80   6492   55176   1081   80   6492   55176   0   0   0   0
395   69   4349   22478   395   69   4349   22478   0   0   0   0
163   7   1959   9854   163   7   1959   9854   0   0   0   0
189   14   2022   9615   189   14   2022   9615   0   0   0   0
425   52   4513   22661   425   52   4513   22661   0   0   0   0
69   0   629   3508   69   0   629   3508   0   0   0   0
73   2   675   3713   73   2   675   3713   0   0   0   0
69   2   627   3657   69   2   627   3657   0   0   0   0
51   1   596   3412   51   1   596   3412   0   0   0   0
434   7   2489   20613   434   7   2489   20613   0   0   0   0
337   12   2149   18241   337   12   2149   18241   0   0   0   0
334   12   2124   18067   334   12   2124   18067   0   0   0   0
388   6   2404   20837   388   6   2404   20837   0   0   0   0
531   8   2554   26329   531   8   2554   26329   0   0   0   0
429   7   2016   19481   429   7   2016   19481   0   0   0   0
397   8   1914   19768   397   8   1914   19768   0   0   0   0
544   7   2647   26036   544   7   2647   26036   0   0   0   0
553   12   2813   28756   553   12   2813   28756   0   0   0   0
351   9   1778   18730   351   9   1778   18730   0   0   0   0
345   4   1779   18848   345   4   1779   18848   0   0   0   0
579   4   2870   28859   579   4   2870   28859   0   0   0   0
557   18   3364   28705   557   18   3364   28705   0   0   0   0
285   7   1717   14711   285   7   1717   14711   0   0   0   0
287   4   1718   14858   287   4   1718   14858   0   0   0   0
561   16   3420   28561   561   16   3420   28561   0   0   0   0
145   8   1465   7907   145   8   1465   7907   0   0   0   0
41   3   573   2913   41   3   573   2913   0   0   0   0
40   3   532   2892   40   3   532   2892   0   0   0   0
166   4   1545   7916   166   4   1545   7916   0   0   0   0
217   406   1553   11304   217   406   1553   11304   0   0   0   0
218   386   1675   11704   218   386   1675   11704   0   0   0   0
236   391   1669   11903   236   391   1669   11903   0   0   0   0
192   384   1601   11265   192   384   1601   11265   0   0   0   0
820   1130   4527   42972   820   1130   4527   42972   0   0   0   0
1184   1653   6715   62003   1184   1653   6715   62003   0   0   0   0
1204   1544   6809   61787   1204   1544   6809   61787   0   0   0   0
782   1143   4455   42408   782   1143   4455   42408   0   0   0   0
849   900   4141   41365   849   900   4141   41365   0   0   0   0
1538   1652   7372   76338   1538   1652   7372   76338   0   0   0   0
1519   1604   7541   76105   1519   1604   7541   76105   0   0   0   0
831   874   4017   41576   831   874   4017   41576   0   0   0   0
778   796   3686   37994   778   796   3686   37994   0   0   0   0
1781   1878   8468   87058   1781   1878   8468   87058   0   0   0   0
1768   1801   8463   86454   1768   1801   8463   86454   0   0   0   0
767   805   3683   38291   767   805   3683   38291   0   0   0   0
616   804   3476   32829   616   804   3476   32829   0   0   0   0
2011   2674   10789   100018   2011   2674   10789   100018   0   0   0   0
1954   2527   10721   100362   1954   2527   10721   100362   0   0   0   0
605   827   3411   33080   605   827   3411   33080   0   0   0   0
207   342   1551   10697   207   342   1551   10697   0   0   0   0
673   1291   5530   38160   673   1291   5530   38160   0   0   0   0
674   1283   5505   38346   674   1283   5505   38346   0   0   0   0
205   320   1498   10708   205   320   1498   10708   0   0   0   0
186   301   1325   9588   186   301   1325   9588   0   0   0   0
172   329   1318   9555   172   329   1318   9555   0   0   0   0
193   266   1460   9623   193   266   1460   9623   0   0   0   0
182   294   1306   9392   182   294   1306   9392   0   0   0   0
543   622   2867   25671   543   622   2867   25671   0   0   0   0
1021   1303   5779   54053   1021   1303   5779   54053   0   0   0   0
1041   1299   5739   53784   1041   1299   5739   53784   0   0   0   0
507   636   2777   25595   507   636   2777   25595   0   0   0   0
540   479   2586   26095   540   479   2586   26095   0   0   0   0
1650   1611   7758   80443   1650   1611   7758   80443   0   0   0   0
1625   1654   7790   80278   1625   1654   7790   80278   0   0   0   0
513   528   2605   26422   513   528   2605   26422   0   0   0   0
686   668   3230   32784   686   668   3230   32784   0   0   0   0
2186   2189   10945   111020   2186   2189   10945   111020   0   0   0   0
2240   2271   10885   111654   2240   2271   10885   111654   0   0   0   0
656   670   3276   32391   656   670   3276   32391   0   0   0   0
1211   1469   6292   56204   1211   1469   6292   56204   0   0   0   0
3303   4167   18657   168059   3303   4167   18657   168059   0   0   0   0
3271   4127   18285   168197   3271   4127   18285   168197   0   0   0   0
1150   1477   6331   56506   1150   1477   6331   56506   0   0   0   0
974   1921   7982   53378   974   1921   7982   53378   0   0   0   0
1936   3570   15069   102119   1936   3570   15069   102119   0   0   0   0
1912   3480   15196   101989   1912   3480   15196   101989   0   0   0   0
1041   1863   8146   53325   1041   1863   8146   53325   0   0   0   0
97   106   709   5426   97   106   709   5426   0   0   0   0
123   191   877   6253   123   191   877   6253   0   0   0   0
105   184   837   6401   105   184   837   6401   0   0   0   0
84   129   686   5461   84   129   686   5461   0   0   0   0
511   403   2654   25237   511   403   2654   25237   0   0   0   0
382   449   2114   20249   382   449   2114   20249   0   0   0   0
378   415   2154   20236   378   415   2154   20236   0   0   0   0
493   451   2681   25074   493   451   2681   25074   0   0   0   0
910   668   4185   42719   910   668   4185   42719   0   0   0   0
644   489   2975   30540   644   489   2975   30540   0   0   0   0
545   527   2888   30836   545   527   2888   30836   0   0   0   0
818   721   4012   42200   818   721   4012   42200   0   0   0   0
1316   1225   6437   66750   1316   1225   6437   66750   0   0   0   0
1002   834   4933   49731   1002   834   4933   49731   0   0   0   0
1033   858   4959   50055   1033   858   4959   50055   0   0   0   0
1401   1219   6601   67189   1401   1219   6601   67189   0   0   0   0
2426   2988   13188   119952   2426   2988   13188   119952   0   0   0   0
1815   1980   10589   98388   1815   1980   10589   98388   0   0   0   0
1940   1941   10861   98328   1940   1941   10861   98328   0   0   0   0
2310   3090   13237   120083   2310   3090   13237   120083   0   0   0   0
1754   3126   13681   91017   1754   3126   13681   91017   0   0   0   0
1553   2609   12829   85901   1553   2609   12829   85901   0   0   0   0
1611   2624   12874   85747   1611   2624   12874   85747   0   0   0   0
1688   3217   13573   91356   1688   3217   13573   91356   0   0   0   0
143   110   1226   8809   143   110   1226   8809   0   0   0   0
198   254   1500   10365   198   254   1500   10365   0   0   0   0
179   237   1487   10438   179   237   1487   10438   0   0   0   0
171   135   1241   8567   171   135   1241   8567   0   0   0   0
964   605   5379   50971   964   605   5379   50971   0   0   0   0
609   549   3494   32987   609   549   3494   32987   0   0   0   0
673   592   3705   33143   673   592   3705   33143   0   0   0   0
1018   595   5633   50987   1018   595   5633   50987   0   0   0   0
1466   855   6995   71800   1466   855   6995   71800   0   0   0   0
649   391   3089   32336   649   391   3089   32336   0   0   0   0
645   382   3121   32395   645   382   3121   32395   0   0   0   0
1367   883   6954   72172   1367   883   6954   72172   0   0   0   0
1845   1332   8856   92052   1845   1332   8856   92052   0   0   0   0
701   371   3209   32503   701   371   3209   32503   0   0   0   0
675   372   3133   32259   675   372   3133   32259   0   0   0   0
1840   1321   8940   91514   1840   1321   8940   91514   0   0   0   0
2460   2542   13877   125529   2460   2542   13877   125529   0   0   0   0
822   525   4474   40889   822   525   4474   40889   0   0   0   0
826   531   4466   40967   826   531   4466   40967   0   0   0   0
2451   2535   13750   125556   2451   2535   13750   125556   0   0   0   0
1233   1755   9519   66250   1233   1755   9519   66250   0   0   0   0
606   643   4878   32031   606   643   4878   32031   0   0   0   0
618   649   4720   32336   618   649   4720   32336   0   0   0   0
1204   1806   9565   66055   1204   1806   9565   66055   0   0   0   0
147   51   1116   7872   147   51   1116   7872   0   0   0   0
186   60   1256   8912   186   60   1256   8912   0   0   0   0
173   65   1272   8866   173   65   1272   8866   0   0   0   0
138   37   1097   7756   138   37   1097   7756   0   0   0   0
791   190   4387   40815   791   190   4387   40815   0   0   0   0
754   236   3980   35670   754   236   3980   35670   0   0   0   0
688   219   3852   35437   688   219   3852   35437   0   0   0   0
780   189   4366   41054   780   189   4366   41054   0   0   0   0
1013   236   4761   49590   1013   236   4761   49590   0   0   0   0
695   195   3461   36131   695   195   3461   36131   0   0   0   0
690   167   3437   36039   690   167   3437   36039   0   0   0   0
981   256   4729   49519   981   256   4729   49519   0   0   0   0
1156   335   5468   54773   1156   335   5468   54773   0   0   0   0
693   162   3305   33630   693   162   3305   33630   0   0   0   0
643   148   3173   33533   643   148   3173   33533   0   0   0   0
1099   327   5285   54699   1099   327   5285   54699   0   0   0   0
1174   458   6549   60088   1174   458   6549   60088   0   0   0   0
525   137   3130   27886   525   137   3130   27886   0   0   0   0
550   126   3056   28001   550   126   3056   28001   0   0   0   0
1177   494   6552   60610   1177   494   6552   60610   0   0   0   0
421   208   3103   21077   421   208   3103   21077   0   0   0   0
135   51   1008   7540   135   51   1008   7540   0   0   0   0
135   48   1071   7543   135   48   1071   7543   0   0   0   0
399   226   3084   20981   399   226   3084   20981   0   0   0   0
118   11   703   6303   118   11   703   6303   0   0   0   0
110   20   669   5951   110   20   669   5951   0   0   0   0
121   17   654   5995   121   17   654   5995   0   0   0   0
113   22   705   6227   113   22   705   6227   0   0   0   0
377   53   1959   20136   377   53   1959   20136   0   0   0   0
551   65   2759   28395   551   65   2759   28395   0   0   0   0
599   53   2818   28203   599   53   2818   28203   0   0   0   0
418   42   2011   20256   418   42   2011   20256   0   0   0   0
345   28   1672   18271   345   28   1672   18271   0   0   0   0
723   57   3245   34428   723   57   3245   34428   0   0   0   0
701   69   3189   34023   701   69   3189   34023   0   0   0   0
347   41   1674   18279   347   41   1674   18279   0   0   0   0
300   32   1457   16491   300   32   1457   16491   0   0   0   0
787   89   3579   39698   787   89   3579   39698   0   0   0   0
783   77   3662   39883   783   77   3662   39883   0   0   0   0
358   33   1617   16622   358   33   1617   16622   0   0   0   0
311   29   1479   15031   311   29   1479   15031   0   0   0   0
934   117   4793   48539   934   117   4793   48539   0   0   0   0
909   97   4788   48713   909   97   4788   48713   0   0   0   0
320   25   1565   14951   320   25   1565   14951   0   0   0   0
118   26   744   6406   118   26   744   6406   0   0   0   0
417   65   2570   22381   417   65   2570   22381   0   0   0   0
428   64   2656   22600   428   64   2656   22600   0   0   0   0
134   17   751   6611   134   17   751   6611   0   0   0   0
106   24   611   5956   106   24   611   5956   0   0   0   0
85   8   601   4911   85   8   601   4911   0   0   0   0
85   17   568   5137   85   17   568   5137   0   0   0   0
104   14   647   5857   104   14   647   5857   0   0   0   0
285   31   1353   13609   285   31   1353   13609   0   0   0   0
527   58   2540   25901   527   58   2540   25901   0   0   0   0
530   41   2590   26166   530   41   2590   26166   0   0   0   0
297   25   1380   13484   297   25   1380   13484   0   0   0   0
241   28   1219   13452   241   28   1219   13452   0   0   0   0
770   74   3564   38619   770   74   3564   38619   0   0   0   0
750   58   3484   38673   750   58   3484   38673   0   0   0   0
300   21   1324   13422   300   21   1324   13422   0   0   0   0
341   24   1607   17364   341   24   1607   17364   0   0   0   0
1080   104   5137   54714   1080   104   5137   54714   0   0   0   0
1062   99   5151   54996   1062   99   5151   54996   0   0   0   0
350   31   1563   17385   350   31   1563   17385   0   0   0   0
624   92   3297   33008   624   92   3297   33008   0   0   0   0
1807   177   8923   89157   1807   177   8923   89157   0   0   0   0
1752   206   8885   89295   1752   206   8885   89295   0   0   0   0
682   78   3260   32247   682   78   3260   32247   0   0   0   0
655   97   4215   35766   655   97   4215   35766   0   0   0   0
1235   200   7547   64989   1235   200   7547   64989   0   0   0   0
1215   209   7557   65121   1215   209   7557   65121   0   0   0   0
658   110   4133   36133   658   110   4133   36133   0   0   0   0
67   6   364   3327   67   6   364   3327   0   0   0   0
88   3   475   4182   88   3   475   4182   0   0   0   0
102   9   481   4151   102   9   481   4151   0   0   0   0
54   11   366   3127   54   11   366   3127   0   0   0   0
223   23   1226   12909   223   23   1226   12909   0   0   0   0
202   17   1130   11288   202   17   1130   11288   0   0   0   0
218   17   1055   11446   218   17   1055   11446   0   0   0   0
256   18   1291   13150   256   18   1291   13150   0   0   0   0
419   33   1949   21542   419   33   1949   21542   0   0   0   0
310   24   1482   16789   310   24   1482   16789   0   0   0   0
324   19   1591   16707   324   19   1591   16707   0   0   0   0
447   42   2112   21817   447   42   2112   21817   0   0   0   0
683   49   3350   35126   683   49   3350   35126   0   0   0   0
554   40   2572   27490   554   40   2572   27490   0   0   0   0
529   36   2534   27209   529   36   2534   27209   0   0   0   0
662   52   3248   34894   662   52   3248   34894   0   0   0   0
1246   152   6678   67667   1246   152   6678   67667   0   0   0   0
1097   92   5777   56894   1097   92   5777   56894   0   0   0   0
1139   94   5904   56921   1139   94   5904   56921   0   0   0   0
1252   140   6601   67365   1252   140   6601   67365   0   0   0   0
1091   173   6946   59275   1091   173   6946   59275   0   0   0   0
1123   139   6649   56473   1123   139   6649   56473   0   0   0   0
1046   160   6595   56672   1046   160   6595   56672   0   0   0   0
1160   189   7024   59269   1160   189   7024   59269   0   0   0   0
73   4   456   4411   73   4   456   4411   0   0   0   0
122   4   732   6167   122   4   732   6167   0   0   0   0
104   10   694   6136   104   10   694   6136   0   0   0   0
79   3   512   4474   79   3   512   4474   0   0   0   0
472   31   2398   23921   472   31   2398   23921   0   0   0   0
338   31   1669   16635   338   31   1669   16635   0   0   0   0
326   32   1603   16754   326   32   1603   16754   0   0   0   0
428   39   2359   23947   428   39   2359   23947   0   0   0   0
659   35   3062   33211   659   35   3062   33211   0   0   0   0
300   13   1422   15319   300   13   1422   15319   0   0   0   0
298   12   1388   15295   298   12   1388   15295   0   0   0   0
681   42   3172   33267   681   42   3172   33267   0   0   0   0
904   63   4043   43918   904   63   4043   43918   0   0   0   0
292   13   1507   15915   292   13   1507   15915   0   0   0   0
325   16   1474   15685   325   16   1474   15685   0   0   0   0
889   66   4003   43696   889   66   4003   43696   0   0   0   0
1323   111   6540   65372   1323   111   6540   65372   0   0   0   0
404   26   2160   22576   404   26   2160   22576   0   0   0   0
443   36   2242   22450   443   36   2242   22450   0   0   0   0
1307   121   6512   65242   1307   121   6512   65242   0   0   0   0
798   77   4805   41067   798   77   4805   41067   0   0   0   0
407   29   2488   21265   407   29   2488   21265   0   0   0   0
418   40   2550   21475   418   40   2550   21475   0   0   0   0
769   107   4781   40996   769   107   4781   40996   0   0   0   0
82   0   419   3766   82   0   419   3766   0   0   0   0
84   4   543   4766   84   4   543   4766   0   0   0   0
93   6   565   4762   93   6   565   4762   0   0   0   0
64   1   452   3868   64   1   452   3868   0   0   0   0
365   11   1816   18779   365   11   1816   18779   0   0   0   0
326   11   1661   16522   326   11   1661   16522   0   0   0   0
389   9   1694   16577   389   9   1694   16577   0   0   0   0
373   7   1736   18761   373   7   1736   18761   0   0   0   0
438   11   2076   22158   438   11   2076   22158   0   0   0   0
320   3   1415   15664   320   3   1415   15664   0   0   0   0
294   4   1430   15873   294   4   1430   15873   0   0   0   0
458   13   2061   21865   458   13   2061   21865   0   0   0   0
500   21   2290   24665   500   21   2290   24665   0   0   0   0
254   7   1314   14658   254   7   1314   14658   0   0   0   0
300   8   1294   14595   300   8   1294   14595   0   0   0   0
471   10   2282   24782   471   10   2282   24782   0   0   0   0
552   18   2851   29339   552   18   2851   29339   0   0   0   0
272   7   1295   12877   272   7   1295   12877   0   0   0   0
273   8   1308   12934   273   8   1308   12934   0   0   0   0
568   25   2906   29253   568   25   2906   29253   0   0   0   0
235   8   1478   12075   235   8   1478   12075   0   0   0   0
75   5   489   4369   75   5   489   4369   0   0   0   0
71   3   499   4262   71   3   499   4262   0   0   0   0
240   13   1474   12141   240   13   1474   12141   0   0   0   0
169   198   889   9118   169   198   889   9118   0   0   0   0
135   166   692   7636   135   166   692   7636   0   0   0   0
153   167   733   7484   153   167   733   7484   0   0   0   0
164   209   872   9180   164   209   872   9180   0   0   0   0
540   466   2461   26476   540   466   2461   26476   0   0   0   0
675   605   3254   35574   675   605   3254   35574   0   0   0   0
661   587   3209   35762   661   587   3209   35762   0   0   0   0
451   464   2441   26568   451   464   2441   26568   0   0   0   0
446   354   1999   23341   446   354   1999   23341   0   0   0   0
891   629   3888   42653   891   629   3888   42653   0   0   0   0
867   573   3875   42628   867   573   3875   42628   0   0   0   0
488   316   2084   23243   488   316   2084   23243   0   0   0   0
401   291   1862   21052   401   291   1862   21052   0   0   0   0
1011   756   4398   50235   1011   756   4398   50235   0   0   0   0
998   721   4353   50507   998   721   4353   50507   0   0   0   0
424   293   1841   21143   424   293   1841   21143   0   0   0   0
373   314   1745   19673   373   314   1745   19673   0   0   0   0
1296   1175   5964   64082   1296   1175   5964   64082   0   0   0   0
1309   1164   5835   64422   1309   1164   5835   64422   0   0   0   0
377   320   1860   19403   377   320   1860   19403   0   0   0   0
193   211   1002   9521   193   211   1002   9521   0   0   0   0
630   858   3290   32240   630   858   3290   32240   0   0   0   0
588   809   3235   32377   588   809   3235   32377   0   0   0   0
184   203   969   9385   184   203   969   9385   0   0   0   0
172   248   970   10198   172   248   970   10198   0   0   0   0
148   213   760   7282   148   213   760   7282   0   0   0   0
134   173   707   7244   134   173   707   7244   0   0   0   0
187   279   999   10347   187   279   999   10347   0   0   0   0
413   390   1908   20863   413   390   1908   20863   0   0   0   0
672   578   3158   33565   672   578   3158   33565   0   0   0   0
674   668   3132   33537   674   668   3132   33537   0   0   0   0
417   375   1934   20595   417   375   1934   20595   0   0   0   0
341   312   1661   19544   341   312   1661   19544   0   0   0   0
972   792   4399   50269   972   792   4399   50269   0   0   0   0
1019   785   4417   50479   1019   785   4417   50479   0   0   0   0
363   313   1645   19358   363   313   1645   19358   0   0   0   0
483   399   2207   24564   483   399   2207   24564   0   0   0   0
1405   1190   6339   72491   1405   1190   6339   72491   0   0   0   0
1439   1109   6386   72502   1439   1109   6386   72502   0   0   0   0
494   405   2134   24944   494   405   2134   24944   0   0   0   0
943   948   4317   47384   943   948   4317   47384   0   0   0   0
2405   2371   11296   124254   2405   2371   11296   124254   0   0   0   0
2358   2188   11394   123419   2358   2188   11394   123419   0   0   0   0
963   1019   4485   47804   963   1019   4485   47804   0   0   0   0
1045   1507   5708   55697   1045   1507   5708   55697   0   0   0   0
1940   2706   9897   97626   1940   2706   9897   97626   0   0   0   0
1826   2666   9784   98009   1826   2666   9784   98009   0   0   0   0
1106   1584   5744   55814   1106   1584   5744   55814   0   0   0   0
93   109   570   5817   93   109   570   5817   0   0   0   0
152   158   803   7981   152   158   803   7981   0   0   0   0
166   155   854   8022   166   155   854   8022   0   0   0   0
114   105   567   5703   114   105   567   5703   0   0   0   0
339   269   1646   18317   339   269   1646   18317   0   0   0   0
353   316   1603   18093   353   316   1603   18093   0   0   0   0
330   299   1650   17705   330   299   1650   17705   0   0   0   0
386   246   1774   18205   386   246   1774   18205   0   0   0   0
602   399   2654   29315   602   399   2654   29315   0   0   0   0
447   328   2039   23955   447   328   2039   23955   0   0   0   0
453   327   2137   24127   453   327   2137   24127   0   0   0   0
600   410   2584   29277   600   410   2584   29277   0   0   0   0
933   766   4270   47730   933   766   4270   47730   0   0   0   0
718   507   3449   38818   718   507   3449   38818   0   0   0   0
786   554   3537   38984   786   554   3537   38984   0   0   0   0
987   743   4250   47600   987   743   4250   47600   0   0   0   0
1868   1929   8763   95227   1868   1929   8763   95227   0   0   0   0
1654   1327   7553   82290   1654   1327   7553   82290   0   0   0   0
1569   1334   7618   81562   1569   1334   7618   81562   0   0   0   0
1829   1885   8754   95053   1829   1885   8754   95053   0   0   0   0
1759   2342   9368   90940   1759   2342   9368   90940   0   0   0   0
1715   1920   8994   87657   1715   1920   8994   87657   0   0   0   0
1693   1865   8769   87926   1693   1865   8769   87926   0   0   0   0
1742   2400   9228   90394   1742   2400   9228   90394   0   0   0   0
91   64   505   5782   91   64   505   5782   0   0   0   0
212   161   1082   10505   212   161   1082   10505   0   0   0   0
222   144   1043   10098   222   144   1043   10098   0   0   0   0
104   66   556   5961   104   66   556   5961   0   0   0   0
579   321   2655   30361   579   321   2655   30361   0   0   0   0
447   260   2094   24024   447   260   2094   24024   0   0   0   0
435   287   2150   24236   435   287   2150   24236   0   0   0   0
614   336   2702   30183   614   336   2702   30183   0   0   0   0
794   468   3656   41915   794   468   3656   41915   0   0   0   0
403   192   1840   20849   403   192   1840   20849   0   0   0   0
417   209   1873   20890   417   209   1873   20890   0   0   0   0
862   485   3691   41608   862   485   3691   41608   0   0   0   0
1136   692   4958   56263   1136   692   4958   56263   0   0   0   0
447   231   1909   21715   447   231   1909   21715   0   0   0   0
389   215   1875   21824   389   215   1875   21824   0   0   0   0
1141   696   5066   56184   1141   696   5066   56184   0   0   0   0
1799   1230   8140   88312   1799   1230   8140   88312   0   0   0   0
654   377   3000   32233   654   377   3000   32233   0   0   0   0
628   384   2929   32020   628   384   2929   32020   0   0   0   0
1808   1233   8231   88355   1808   1233   8231   88355   0   0   0   0
1186   1082   6143   61398   1186   1082   6143   61398   0   0   0   0
625   497   3358   33258   625   497   3358   33258   0   0   0   0
666   507   3456   33433   666   507   3456   33433   0   0   0   0
1125   1034   5970   60882   1125   1034   5970   60882   0   0   0   0
93   24   510   5103   93   24   510   5103   0   0   0   0
160   54   703   6904   160   54   703   6904   0   0   0   0
136   61   676   7083   136   61   676   7083   0   0   0   0
89   20   493   5044   89   20   493   5044   0   0   0   0
484   140   2141   23118   484   140   2141   23118   0   0   0   0
403   129   1981   22182   403   129   1981   22182   0   0   0   0
440   143   2007   21931   440   143   2007   21931   0   0   0   0
454   133   2178   23212   454   133   2178   23212   0   0   0   0
531   173   2382   27120   531   173   2382   27120   0   0   0   0
394   103   1744   19749   394   103   1744   19749   0   0   0   0
419   99   1783   19886   419   99   1783   19886   0   0   0   0
560   174   2394   26952   560   174   2394   26952   0   0   0   0
614   185   2717   30808   614   185   2717   30808   0   0   0   0
375   74   1664   18052   375   74   1664   18052   0   0   0   0
367   90   1561   18336   367   90   1561   18336   0   0   0   0
603   194   2754   30933   603   194   2754   30933   0   0   0   0
776   227   3578   38510   776   227   3578   38510   0   0   0   0
314   106   1508   16564   314   106   1508   16564   0   0   0   0
350   81   1514   16451   350   81   1514   16451   0   0   0   0
818   266   3561   38357   818   266   3561   38357   0   0   0   0
330   145   1782   17470   330   145   1782   17470   0   0   0   0
121   35   584   6111   121   35   584   6111   0   0   0   0
135   40   656   6236   135   40   656   6236   0   0   0   0
347   146   1762   17462   347   146   1762   17462   0   0   0   0
263   190   1137   13702   263   190   1137   13702   0   0   0   0
159   87   718   8165   159   87   718   8165   0   0   0   0
188   111   749   8381   188   111   749   8381   0   0   0   0
257   220   1156   13814   257   220   1156   13814   0   0   0   0
646   390   2796   33543   646   390   2796   33543   0   0   0   0
747   432   3043   36979   747   432   3043   36979   0   0   0   0
708   410   3039   36806   708   410   3039   36806   0   0   0   0
653   455   2723   33327   653   455   2723   33327   0   0   0   0
531   302   2270   27639   531   302   2270   27639   0   0   0   0
900   445   3665   44264   900   445   3665   44264   0   0   0   0
849   459   3525   43856   849   459   3525   43856   0   0   0   0
594   306   2289   27640   594   306   2289   27640   0   0   0   0
501   231   2008   24202   501   231   2008   24202   0   0   0   0
1010   571   4257   52761   1010   571   4257   52761   0   0   0   0
1066   546   4212   52170   1066   546   4212   52170   0   0   0   0
454   239   1976   24417   454   239   1976   24417   0   0   0   0
437   246   1867   22794   437   246   1867   22794   0   0   0   0
1421   887   5768   70188   1421   887   5768   70188   0   0   0   0
1436   864   5714   70198   1436   864   5714   70198   0   0   0   0
502   252   1868   22407   502   252   1868   22407   0   0   0   0
200   163   970   11471   200   163   970   11471   0   0   0   0
755   666   3333   38362   755   666   3333   38362   0   0   0   0
806   671   3380   38214   806   671   3380   38214   0   0   0   0
246   173   1029   11605   246   173   1029   11605   0   0   0   0
455   417   1903   22198   455   417   1903   22198   0   0   0   0
280   237   1179   13482   280   237   1179   13482   0   0   0   0
303   211   1165   13405   303   211   1165   13405   0   0   0   0
457   434   1824   22182   457   434   1824   22182   0   0   0   0
742   527   2841   35000   742   527   2841   35000   0   0   0   0
803   591   3282   38724   803   591   3282   38724   0   0   0   0
706   619   3159   38917   706   619   3159   38917   0   0   0   0
730   569   2880   34923   730   569   2880   34923   0   0   0   0
564   372   2285   27792   564   372   2285   27792   0   0   0   0
1078   803   4467   54206   1078   803   4467   54206   0   0   0   0
1055   713   4405   54107   1055   713   4405   54107   0   0   0   0
583   354   2271   27746   583   354   2271   27746   0   0   0   0
642   436   2612   31611   642   436   2612   31611   0   0   0   0
1609   1147   6368   79219   1609   1147   6368   79219   0   0   0   0
1554   1114   6332   78464   1554   1114   6332   78464   0   0   0   0
650   444   2674   31578   650   444   2674   31578   0   0   0   0
1150   951   4738   57057   1150   951   4738   57057   0   0   0   0
2759   2333   11466   138798   2759   2333   11466   138798   0   0   0   0
2779   2233   11426   138898   2779   2233   11426   138898   0   0   0   0
1165   899   4729   56750   1165   899   4729   56750   0   0   0   0
1387   1443   5967   68491   1387   1443   5967   68491   0   0   0   0
2226   2562   10057   118202   2226   2562   10057   118202   0   0   0   0
2333   2430   9824   118043   2333   2430   9824   118043   0   0   0   0
1327   1402   5869   68303   1327   1402   5869   68303   0   0   0   0
281   274   1167   14306   281   274   1167   14306   0   0   0   0
368   311   1629   20104   368   311   1629   20104   0   0   0   0
399   340   1652   19650   399   340   1652   19650   0   0   0   0
300   281   1223   14304   300   281   1223   14304   0   0   0   0
512   365   2110   26053   512   365   2110   26053   0   0   0   0
638   451   2569   30490   638   451   2569   30490   0   0   0   0
607   429   2417   31045   607   429   2417   31045   0   0   0   0
512   390   2118   25649   512   390   2118   25649   0   0   0   0
673   452   2717   34463   673   452   2717   34463   0   0   0   0
683   419   2666   32271   683   419   2666   32271   0   0   0   0
641   427   2564   32265   641   427   2564   32265   0   0   0   0
686   530   2791   34422   686   530   2791   34422   0   0   0   0
1079   810   4330   53145   1079   810   4330   53145   0   0   0   0
940   643   3871   46854   940   643   3871   46854   0   0   0   0
952   676   3928   46932   952   676   3928   46932   0   0   0   0
1092   788   4316   53092   1092   788   4316   53092   0   0   0   0
2189   1791   8981   108004   2189   1791   8981   108004   0   0   0   0
1913   1538   7877   96361   1913   1538   7877   96361   0   0   0   0
1911   1497   8046   95601   1911   1497   8046   95601   0   0   0   0
2172   1881   8978   108329   2172   1881   8978   108329   0   0   0   0
2189   2133   9401   110167   2189   2133   9401   110167   0   0   0   0
2078   1995   9015   107190   2078   1995   9015   107190   0   0   0   0
2116   1942   9251   106929   2116   1942   9251   106929   0   0   0   0
2160   2118   9316   110495   2160   2118   9316   110495   0   0   0   0
167   118   662   7986   167   118   662   7986   0   0   0   0
406   255   1615   19414   406   255   1615   19414   0   0   0   0
378   250   1624   19291   378   250   1624   19291   0   0   0   0
158   84   666   7902   158   84   666   7902   0   0   0   0
599   380   2568   30912   599   380   2568   30912   0   0   0   0
668   449   2862   36111   668   449   2862   36111   0   0   0   0
670   429   2867   35918   670   429   2867   35918   0   0   0   0
594   399   2525   31041   594   399   2525   31041   0   0   0   0
850   532   3418   43129   850   532   3418   43129   0   0   0   0
550   302   2225   27904   550   302   2225   27904   0   0   0   0
560   316   2296   27631   560   316   2296   27631   0   0   0   0
848   515   3512   43093   848   515   3512   43093   0   0   0   0
1148   763   4751   59730   1148   763   4751   59730   0   0   0   0
532   350   2243   27147   532   350   2243   27147   0   0   0   0
545   313   2226   27459   545   313   2226   27459   0   0   0   0
1247   803   4997   59647   1247   803   4997   59647   0   0   0   0
1931   1257   8041   98175   1931   1257   8041   98175   0   0   0   0
781   509   3138   38869   781   509   3138   38869   0   0   0   0
755   475   3173   39165   755   475   3173   39165   0   0   0   0
1950   1340   8227   97377   1950   1340   8227   97377   0   0   0   0
1420   977   6155   72451   1420   977   6155   72451   0   0   0   0
795   563   3502   40963   795   563   3502   40963   0   0   0   0
791   591   3528   41218   791   591   3528   41218   0   0   0   0
1495   978   6285   72951   1495   978   6285   72951   0   0   0   0
85   44   387   5290   85   44   387   5290   0   0   0   0
202   88   835   9864   202   88   835   9864   0   0   0   0
179   95   853   9877   179   95   853   9877   0   0   0   0
104   49   423   5286   104   49   423   5286   0   0   0   0
485   187   1915   23910   485   187   1915   23910   0   0   0   0
510   254   2176   26705   510   254   2176   26705   0   0   0   0
536   257   2253   26964   536   257   2253   26964   0   0   0   0
468   229   1952   23884   468   229   1952   23884   0   0   0   0
566   247   2277   27966   566   247   2277   27966   0   0   0   0
432   229   1780   22667   432   229   1780   22667   0   0   0   0
453   227   1840   22758   453   227   1840   22758   0   0   0   0
551   245   2302   28105   551   245   2302   28105   0   0   0   0
647   277   2562   32375   647   277   2562   32375   0   0   0   0
410   173   1702   20514   410   173   1702   20514   0   0   0   0
377   208   1649   20539   377   208   1649   20539   0   0   0   0
617   291   2730   32374   617   291   2730   32374   0   0   0   0
843   351   3416   41380   843   351   3416   41380   0   0   0   0
354   185   1503   18954   354   185   1503   18954   0   0   0   0
356   177   1576   18974   356   177   1576   18974   0   0   0   0
855   376   3493   41377   855   376   3493   41377   0   0   0   0
407   231   1702   20742   407   231   1702   20742   0   0   0   0
142   72   630   7247   142   72   630   7247   0   0   0   0
151   72   579   7335   151   72   579   7335   0   0   0   0
391   219   1703   20312   391   219   1703   20312   0   0   0   0
