0   0   66   3   0   0   66   3   0   0   0   0
0   0   68   2   0   0   68   2   0   0   0   0
1   0   64   2   1   0   64   2   0   0   0   0
0   0   66   2   0   0   66   2   0   0   0   0
1   0   31   3   1   0   31   3   0   0   0   0
0   0   27   13   0   0   27   13   0   0   0   0
0   0   26   5   0   0   26   5   0   0   0   0
0   0   20   8   0   0   20   8   0   0   0   0
1   0   12   5   1   0   12   5   0   0   0   0
1   0   12   3   1   0   12   3   0   0   0   0
2   0   10   9   2   0   10   9   0   0   0   0
0   0   12   5   0   0   12   5   0   0   0   0
2   0   12   6   2   0   12   6   0   0   0   0
2   0   17   17   2   0   17   17   0   0   0   0
0   0   8   9   0   0   8   9   0   0   0   0
0   0   8   3   0   0   8   3   0   0   0   0
1   0   20   2   1   0   20   2   0   0   0   0
2   0   25   3   2   0   25   3   0   0   0   0
1   0   29   4   1   0   29   4   0   0   0   0
1   0   23   5   1   0   23   5   0   0   0   0
0   0   57   3   0   0   57   3   0   0   0   0
0   0   59   2   0   0   59   2   0   0   0   0
0   0   59   2   0   0   59   2   0   0   0   0
0   0   59   1   0   0   59   1   0   0   0   0
0   0   69   4   0   0   69   4   0   0   0   0
0   0   81   3   0   0   81   3   0   0   0   0
0   0   87   3   0   0   87   3   0   0   0   0
0   0   61   3   0   0   61   3   0   0   0   0
3   0   23   4   3   0   23   4   0   0   0   0
0   0   21   4   0   0   21   4   0   0   0   0
1   0   22   4   1   0   22   4   0   0   0   0
1   0   31   5   1   0   31   5   0   0   0   0
1   0   7   1   1   0   7   1   0   0   0   0
3   0   17   3   3   0   17   3   0   0   0   0
1   0   18   4   1   0   18   4   0   0   0   0
2   0   14   1   2   0   14   1   0   0   0   0
2   0   14   3   2   0   14   3   0   0   0   0
5   0   25   12   5   0   25   12   0   0   0   0
1   0   13   4   1   0   13   4   0   0   0   0
0   0   10   2   0   0   10   2   0   0   0   0
1   0   24   8   1   0   24   8   0   0   0   0
0   0   34   7   0   0   34   7   0   0   0   0
0   0   29   10   0   0   29   10   0   0   0   0
2   0   17   9   2   0   17   9   0   0   0   0
1   0   47   6   1   0   47   6   0   0   0   0
0   0   81   2   0   0   81   2   0   0   0   0
0   0   80   1   0   0   80   1   0   0   0   0
0   0   69   2   0   0   69   2   0   0   0   0
0   0   53   4   0   0   53   4   0   0   0   0
0   0   51   2   0   0   51   2   0   0   0   0
0   0   55   1   0   0   55   1   0   0   0   0
0   0   58   5   0   0   58   5   0   0   0   0
1   0   18   2   1   0   18   2   0   0   0   0
0   0   24   5   0   0   24   5   0   0   0   0
1   0   24   1   1   0   24   1   0   0   0   0
0   0   25   0   0   0   25   0   0   0   0   0
0   0   8   3   0   0   8   3   0   0   0   0
0   0   10   2   0   0   10   2   0   0   0   0
1   0   9   3   1   0   9   3   0   0   0   0
3   0   7   0   3   0   7   0   0   0   0   0
1   0   7   2   1   0   7   2   0   0   0   0
1   0   7   3   1   0   7   3   0   0   0   0
0   0   12   4   0   0   12   4   0   0   0   0
2   0   6   0   2   0   6   0   0   0   0   0
0   0   26   3   0   0   26   3   0   0   0   0
0   0   16   5   0   0   16   5   0   0   0   0
1   0   18   9   1   0   18   9   0   0   0   0
0   0   13   2   0   0   13   2   0   0   0   0
0   0   52   6   0   0   52   6   0   0   0   0
0   0   68   4   0   0   68   4   0   0   0   0
1   0   51   5   1   0   51   5   0   0   0   0
1   0   51   4   1   0   51   4   0   0   0   0
0   0   64   0   0   0   64   0   0   0   0   0
0   0   85   3   0   0   85   3   0   0   0   0
0   0   59   0   0   0   59   0   0   0   0   0
0   0   53   0   0   0   53   0   0   0   0   0
1   0   26   5   1   0   26   5   0   0   0   0
1   0   26   2   1   0   26   2   0   0   0   0
2   0   22   3   2   0   22   3   0   0   0   0
0   0   19   0   0   0   19   0   0   0   0   0
0   0   7   1   0   0   7   1   0   0   0   0
2   0   9   2   2   0   9   2   0   0   0   0
4   0   15   1   4   0   15   1   0   0   0   0
0   0   9   3   0   0   9   3   0   0   0   0
2   0   19   3   2   0   19   3   0   0   0   0
0   0   12   4   0   0   12   4   0   0   0   0
0   0   14   4   0   0   14   4   0   0   0   0
2   0   17   4   2   0   17   4   0   0   0   0
3   0   20   5   3   0   20   5   0   0   0   0
0   0   20   6   0   0   20   6   0   0   0   0
0   0   21   9   0   0   21   9   0   0   0   0
1   0   19   5   1   0   19   5   0   0   0   0
0   0   63   7   0   0   63   7   0   0   0   0
1   0   73   0   1   0   73   0   0   0   0   0
0   0   59   3   0   0   59   3   0   0   0   0
1   0   56   11   1   0   56   11   0   0   0   0
0   0   48   0   0   0   48   0   0   0   0   0
0   0   45   1   0   0   45   1   0   0   0   0
0   0   46   0   0   0   46   0   0   0   0   0
0   0   49   2   0   0   49   2   0   0   0   0
0   0   18   2   0   0   18   2   0   0   0   0
2   0   26   3   2   0   26   3   0   0   0   0
0   0   21   3   0   0   21   3   0   0   0   0
0   0   15   5   0   0   15   5   0   0   0   0
1   0   6   2   1   0   6   2   0   0   0   0
0   0   5   2   0   0   5   2   0   0   0   0
1   0   11   1   1   0   11   1   0   0   0   0
0   0   11   1   0   0   11   1   0   0   0   0
1   0   10   2   1   0   10   2   0   0   0   0
1   0   9   1   1   0   9   1   0   0   0   0
1   0   9   3   1   0   9   3   0   0   0   0
0   0   10   0   0   0   10   0   0   0   0   0
0   0   14   5   0   0   14   5   0   0   0   0
1   0   14   4   1   0   14   4   0   0   0   0
2   0   25   6   2   0   25   6   0   0   0   0
1   0   13   3   1   0   13   3   0   0   0   0
1   0   48   6   1   0   48   6   0   0   0   0
0   0   55   6   0   0   55   6   0   0   0   0
1   0   58   3   1   0   58   3   0   0   0   0
0   0   49   7   0   0   49   7   0   0   0   0
1   0   188   12   1   0   188   12   0   0   0   0
3   0   197   15   3   0   197   15   0   0   0   0
2   0   222   7   2   0   222   7   0   0   0   0
2   0   192   10   2   0   192   10   0   0   0   0
4   0   78   15   4   0   78   15   0   0   0   0
7   0   78   23   7   0   78   23   0   0   0   0
8   0   77   26   8   0   77   26   0   0   0   0
5   0   74   26   5   0   74   26   0   0   0   0
3   0   37   30   3   0   37   30   0   0   0   0
5   0   43   32   5   0   43   32   0   0   0   0
5   0   44   38   5   0   44   38   0   0   0   0
2   0   33   47   2   0   33   47   0   0   0   0
5   0   33   13   5   0   33   13   0   0   0   0
5   0   39   28   5   0   39   28   0   0   0   0
4   0   43   25   4   0   43   25   0   0   0   0
4   0   32   17   4   0   32   17   0   0   0   0
3   0   66   10   3   0   66   10   0   0   0   0
3   0   71   11   3   0   71   11   0   0   0   0
8   0   71   13   8   0   71   13   0   0   0   0
3   0   63   12   3   0   63   12   0   0   0   0
2   0   184   14   2   0   184   14   0   0   0   0
3   0   199   13   3   0   199   13   0   0   0   0
3   0   211   3   3   0   211   3   0   0   0   0
0   0   185   7   0   0   185   7   0   0   0   0
4   0   196   6   4   0   196   6   0   0   0   0
1   0   229   16   1   0   229   16   0   0   0   0
5   0   226   9   5   0   226   9   0   0   0   0
1   0   178   4   1   0   178   4   0   0   0   0
5   0   75   30   5   0   75   30   0   0   0   0
4   0   75   22   4   0   75   22   0   0   0   0
6   0   88   32   6   0   88   32   0   0   0   0
1   0   78   15   1   0   78   15   0   0   0   0
3   0   35   23   3   0   35   23   0   0   0   0
5   0   40   26   5   0   40   26   0   0   0   0
2   0   32   26   2   0   32   26   0   0   0   0
2   0   35   23   2   0   35   23   0   0   0   0
1   0   30   21   1   0   30   21   0   0   0   0
5   0   52   14   5   0   52   14   0   0   0   0
7   0   45   36   7   0   45   36   0   0   0   0
4   0   34   23   4   0   34   23   0   0   0   0
6   0   77   14   6   0   77   14   0   0   0   0
6   0   72   24   6   0   72   24   0   0   0   0
7   0   73   27   7   0   73   27   0   0   0   0
5   0   78   19   5   0   78   19   0   0   0   0
1   0   189   4   1   0   189   4   0   0   0   0
1   0   195   13   1   0   195   13   0   0   0   0
1   0   218   5   1   0   218   5   0   0   0   0
0   0   185   7   0   0   185   7   0   0   0   0
1   0   167   4   1   0   167   4   0   0   0   0
1   0   174   10   1   0   174   10   0   0   0   0
2   0   181   5   2   0   181   5   0   0   0   0
1   0   145   10   1   0   145   10   0   0   0   0
1   0   44   14   1   0   44   14   0   0   0   0
2   0   68   12   2   0   68   12   0   0   0   0
6   0   60   12   6   0   60   12   0   0   0   0
3   0   56   16   3   0   56   16   0   0   0   0
3   0   33   9   3   0   33   9   0   0   0   0
3   0   31   8   3   0   31   8   0   0   0   0
4   0   32   36   4   0   32   36   0   0   0   0
1   0   28   5   1   0   28   5   0   0   0   0
1   0   33   15   1   0   33   15   0   0   0   0
2   0   31   22   2   0   31   22   0   0   0   0
4   0   34   19   4   0   34   19   0   0   0   0
2   0   23   10   2   0   23   10   0   0   0   0
4   0   67   22   4   0   67   22   0   0   0   0
5   0   68   17   5   0   68   17   0   0   0   0
1   0   88   16   1   0   88   16   0   0   0   0
3   0   50   17   3   0   50   17   0   0   0   0
1   0   147   8   1   0   147   8   0   0   0   0
0   0   171   9   0   0   171   9   0   0   0   0
3   0   167   17   3   0   167   17   0   0   0   0
0   0   138   12   0   0   138   12   0   0   0   0
1   0   162   3   1   0   162   3   0   0   0   0
1   0   206   12   1   0   206   12   0   0   0   0
3   0   228   11   3   0   228   11   0   0   0   0
3   0   165   5   3   0   165   5   0   0   0   0
2   0   58   10   2   0   58   10   0   0   0   0
2   0   56   13   2   0   56   13   0   0   0   0
3   0   53   8   3   0   53   8   0   0   0   0
3   0   67   7   3   0   67   7   0   0   0   0
5   0   36   7   5   0   36   7   0   0   0   0
3   0   32   24   3   0   32   24   0   0   0   0
2   0   40   16   2   0   40   16   0   0   0   0
4   0   36   6   4   0   36   6   0   0   0   0
5   0   35   5   5   0   35   5   0   0   0   0
4   0   38   34   4   0   38   34   0   0   0   0
7   0   47   40   7   0   47   40   0   0   0   0
10   0   44   17   10   0   44   17   0   0   0   0
1   0   53   34   1   0   53   34   0   0   0   0
2   0   72   22   2   0   72   22   0   0   0   0
4   0   68   30   4   0   68   30   0   0   0   0
3   0   69   26   3   0   69   26   0   0   0   0
1   0   191   8   1   0   191   8   0   0   0   0
4   0   198   6   4   0   198   6   0   0   0   0
4   0   216   3   4   0   216   3   0   0   0   0
3   0   170   9   3   0   170   9   0   0   0   0
2   0   146   3   2   0   146   3   0   0   0   0
3   0   161   8   3   0   161   8   0   0   0   0
1   0   146   5   1   0   146   5   0   0   0   0
0   0   125   6   0   0   125   6   0   0   0   0
2   0   44   9   2   0   44   9   0   0   0   0
3   0   53   11   3   0   53   11   0   0   0   0
3   0   59   4   3   0   59   4   0   0   0   0
0   0   42   7   0   0   42   7   0   0   0   0
1   0   27   9   1   0   27   9   0   0   0   0
5   0   23   13   5   0   23   13   0   0   0   0
3   0   27   7   3   0   27   7   0   0   0   0
3   0   24   11   3   0   24   11   0   0   0   0
3   0   32   10   3   0   32   10   0   0   0   0
5   0   19   28   5   0   19   28   0   0   0   0
0   0   23   19   0   0   23   19   0   0   0   0
4   0   21   9   4   0   21   9   0   0   0   0
4   0   51   33   4   0   51   33   0   0   0   0
3   0   54   44   3   0   54   44   0   0   0   0
3   0   46   37   3   0   46   37   0   0   0   0
1   0   49   32   1   0   49   32   0   0   0   0
1   0   128   9   1   0   128   9   0   0   0   0
2   0   165   4   2   0   165   4   0   0   0   0
2   0   163   8   2   0   163   8   0   0   0   0
0   0   128   5   0   0   128   5   0   0   0   0
6   0   164   14   6   0   164   14   0   0   0   0
9   0   202   15   9   0   202   15   0   0   0   0
7   0   210   14   7   0   210   14   0   0   0   0
6   0   203   14   6   0   203   14   0   0   0   0
9   0   77   17   9   0   77   17   0   0   0   0
9   0   109   20   9   0   109   20   0   0   0   0
7   0   109   31   7   0   109   31   0   0   0   0
6   0   95   18   6   0   95   18   0   0   0   0
3   0   35   13   3   0   35   13   0   0   0   0
10   0   59   13   10   0   59   13   0   0   0   0
6   0   58   21   6   0   58   21   0   0   0   0
4   0   41   21   4   0   41   21   0   0   0   0
3   0   42   42   3   0   42   42   0   0   0   0
7   0   45   33   7   0   45   33   0   0   0   0
6   0   58   25   6   0   58   25   0   0   0   0
2   0   37   38   2   0   37   38   0   0   0   0
2   0   81   31   2   0   81   31   0   0   0   0
9   0   88   61   9   0   88   61   0   0   0   0
6   0   99   43   6   0   99   43   0   0   0   0
8   0   91   26   8   0   91   26   0   0   0   0
6   0   167   9   6   0   167   9   0   0   0   0
7   0   209   19   7   0   209   19   0   0   0   0
10   0   217   23   10   0   217   23   0   0   0   0
3   0   181   14   3   0   181   14   0   0   0   0
5   0   201   27   5   0   201   27   0   0   0   0
13   0   218   48   13   0   218   48   0   0   0   0
11   0   206   57   11   0   206   57   0   0   0   0
5   0   174   28   5   0   174   28   0   0   0   0
1   0   85   33   1   0   85   33   0   0   0   0
7   0   108   25   7   0   108   25   0   0   0   0
4   0   107   23   4   0   107   23   0   0   0   0
2   0   74   29   2   0   74   29   0   0   0   0
3   0   41   27   3   0   41   27   0   0   0   0
5   0   42   15   5   0   42   15   0   0   0   0
7   0   45   15   7   0   45   15   0   0   0   0
3   0   45   26   3   0   45   26   0   0   0   0
6   0   60   21   6   0   60   21   0   0   0   0
5   0   53   11   5   0   53   11   0   0   0   0
5   0   45   12   5   0   45   12   0   0   0   0
5   0   43   33   5   0   43   33   0   0   0   0
5   0   95   26   5   0   95   26   0   0   0   0
7   0   87   35   7   0   87   35   0   0   0   0
4   0   99   33   4   0   99   33   0   0   0   0
6   0   93   26   6   0   93   26   0   0   0   0
5   0   199   19   5   0   199   19   0   0   0   0
6   0   234   59   6   0   234   59   0   0   0   0
9   0   213   60   9   0   213   60   0   0   0   0
4   0   203   25   4   0   203   25   0   0   0   0
4   0   147   12   4   0   147   12   0   0   0   0
7   0   179   21   7   0   179   21   0   0   0   0
7   0   146   27   7   0   146   27   0   0   0   0
7   0   168   15   7   0   168   15   0   0   0   0
4   0   67   17   4   0   67   17   0   0   0   0
3   0   78   50   3   0   78   50   0   0   0   0
8   0   75   81   8   0   75   81   0   0   0   0
3   0   68   16   3   0   68   16   0   0   0   0
2   0   28   22   2   0   28   22   0   0   0   0
0   0   32   20   0   0   32   20   0   0   0   0
5   0   37   26   5   0   37   26   0   0   0   0
1   0   29   14   1   0   29   14   0   0   0   0
5   0   37   16   5   0   37   16   0   0   0   0
2   0   30   7   2   0   30   7   0   0   0   0
6   0   27   8   6   0   27   8   0   0   0   0
3   0   44   18   3   0   44   18   0   0   0   0
4   0   48   10   4   0   48   10   0   0   0   0
4   0   82   8   4   0   82   8   0   0   0   0
4   0   87   12   4   0   87   12   0   0   0   0
4   0   62   15   4   0   62   15   0   0   0   0
6   0   140   22   6   0   140   22   0   0   0   0
4   0   165   15   4   0   165   15   0   0   0   0
2   0   159   14   2   0   159   14   0   0   0   0
4   0   147   9   4   0   147   9   0   0   0   0
3   0   152   15   3   0   152   15   0   0   0   0
6   0   184   10   6   0   184   10   0   0   0   0
5   0   165   15   5   0   165   15   0   0   0   0
4   0   165   16   4   0   165   16   0   0   0   0
10   0   85   16   10   0   85   16   0   0   0   0
2   0   84   29   2   0   84   29   0   0   0   0
7   0   95   20   7   0   95   20   0   0   0   0
8   0   81   17   8   0   81   17   0   0   0   0
3   0   34   14   3   0   34   14   0   0   0   0
6   0   46   82   6   0   46   82   0   0   0   0
8   0   39   76   8   0   39   76   0   0   0   0
4   0   49   16   4   0   49   16   0   0   0   0
7   0   39   53   7   0   39   53   0   0   0   0
5   0   57   31   5   0   57   31   0   0   0   0
5   0   43   26   5   0   43   26   0   0   0   0
7   0   40   39   7   0   40   39   0   0   0   0
3   0   64   19   3   0   64   19   0   0   0   0
9   0   110   13   9   0   110   13   0   0   0   0
3   0   93   11   3   0   93   11   0   0   0   0
6   0   73   14   6   0   73   14   0   0   0   0
8   0   206   10   8   0   206   10   0   0   0   0
4   0   192   21   4   0   192   21   0   0   0   0
6   0   184   19   6   0   184   19   0   0   0   0
2   0   172   14   2   0   172   14   0   0   0   0
7   0   127   3   7   0   127   3   0   0   0   0
4   0   124   11   4   0   124   11   0   0   0   0
1   0   153   14   1   0   153   14   0   0   0   0
6   0   122   13   6   0   122   13   0   0   0   0
1   0   73   11   1   0   73   11   0   0   0   0
3   0   66   12   3   0   66   12   0   0   0   0
4   0   79   11   4   0   79   11   0   0   0   0
5   0   51   11   5   0   51   11   0   0   0   0
2   0   36   8   2   0   36   8   0   0   0   0
3   0   31   31   3   0   31   31   0   0   0   0
2   0   31   33   2   0   31   33   0   0   0   0
4   0   35   9   4   0   35   9   0   0   0   0
5   0   33   39   5   0   33   39   0   0   0   0
3   0   37   53   3   0   37   53   0   0   0   0
6   0   42   46   6   0   42   46   0   0   0   0
2   0   40   43   2   0   40   43   0   0   0   0
3   0   61   10   3   0   61   10   0   0   0   0
5   0   74   15   5   0   74   15   0   0   0   0
2   0   66   15   2   0   66   15   0   0   0   0
5   0   54   13   5   0   54   13   0   0   0   0
4   0   144   13   4   0   144   13   0   0   0   0
4   0   157   15   4   0   157   15   0   0   0   0
3   0   147   14   3   0   147   14   0   0   0   0
6   0   153   12   6   0   153   12   0   0   0   0
19   0   350   45   19   0   350   45   0   0   0   0
25   0   372   57   25   0   372   57   0   0   0   0
21   0   323   41   21   0   323   41   0   0   0   0
30   0   355   44   30   0   355   44   0   0   0   0
31   0   318   68   31   0   318   68   0   0   0   0
36   0   378   88   36   0   378   88   0   0   0   0
36   0   353   73   36   0   353   73   0   0   0   0
33   0   278   70   33   0   278   70   0   0   0   0
22   0   143   34   22   0   143   34   0   0   0   0
18   0   174   49   18   0   174   49   0   0   0   0
18   0   159   55   18   0   159   55   0   0   0   0
16   0   143   45   16   0   143   45   0   0   0   0
15   0   142   42   15   0   142   42   0   0   0   0
15   0   157   50   15   0   157   50   0   0   0   0
15   0   161   46   15   0   161   46   0   0   0   0
17   0   142   38   17   0   142   38   0   0   0   0
22   0   317   93   22   0   317   93   0   0   0   0
41   0   333   109   41   0   333   109   0   0   0   0
36   0   362   123   36   0   362   123   0   0   0   0
31   0   300   102   31   0   300   102   0   0   0   0
17   0   308   72   17   0   308   72   0   0   0   0
18   0   369   124   18   0   369   124   0   0   0   0
17   0   404   144   17   0   404   144   0   0   0   0
19   0   286   89   19   0   286   89   0   0   0   0
15   0   331   67   15   0   331   67   0   0   0   0
16   0   369   65   16   0   369   65   0   0   0   0
23   0   384   65   23   0   384   65   0   0   0   0
25   0   393   62   25   0   393   62   0   0   0   0
32   0   295   67   32   0   295   67   0   0   0   0
43   0   372   79   43   0   372   79   0   0   0   0
27   0   375   74   27   0   375   74   0   0   0   0
28   0   300   89   28   0   300   89   0   0   0   0
15   0   147   30   15   0   147   30   0   0   0   0
26   0   220   57   26   0   220   57   0   0   0   0
15   0   175   47   15   0   175   47   0   0   0   0
17   0   139   54   17   0   139   54   0   0   0   0
10   0   167   43   10   0   167   43   0   0   0   0
22   0   179   43   22   0   179   43   0   0   0   0
23   0   180   43   23   0   180   43   0   0   0   0
29   0   176   45   29   0   176   45   0   0   0   0
24   0   313   71   24   0   313   71   0   0   0   0
32   0   318   88   32   0   318   88   0   0   0   0
25   0   309   64   25   0   309   64   0   0   0   0
21   0   319   73   21   0   319   73   0   0   0   0
15   0   302   55   15   0   302   55   0   0   0   0
26   0   400   88   26   0   400   88   0   0   0   0
23   0   412   90   23   0   412   90   0   0   0   0
15   0   329   61   15   0   329   61   0   0   0   0
9   0   255   139   9   0   255   139   0   0   0   0
14   0   313   251   14   0   313   251   0   0   0   0
18   0   288   260   18   0   288   260   0   0   0   0
19   0   269   136   19   0   269   136   0   0   0   0
21   0   246   114   21   0   246   114   0   0   0   0
21   0   240   114   21   0   240   114   0   0   0   0
17   0   249   105   17   0   249   105   0   0   0   0
23   0   228   121   23   0   228   121   0   0   0   0
14   0   117   33   14   0   117   33   0   0   0   0
15   0   131   47   15   0   131   47   0   0   0   0
18   0   133   21   18   0   133   21   0   0   0   0
17   0   145   38   17   0   145   38   0   0   0   0
22   0   131   30   22   0   131   30   0   0   0   0
16   0   133   40   16   0   133   40   0   0   0   0
7   0   130   34   7   0   130   34   0   0   0   0
20   0   125   33   20   0   125   33   0   0   0   0
18   0   229   46   18   0   229   46   0   0   0   0
30   0   278   47   30   0   278   47   0   0   0   0
23   0   269   42   23   0   269   42   0   0   0   0
28   0   229   48   28   0   229   48   0   0   0   0
14   0   284   59   14   0   284   59   0   0   0   0
29   0   304   41   29   0   304   41   0   0   0   0
12   0   261   40   12   0   261   40   0   0   0   0
15   0   274   50   15   0   274   50   0   0   0   0
10   0   287   54   10   0   287   54   0   0   0   0
23   0   384   132   23   0   384   132   0   0   0   0
17   0   359   110   17   0   359   110   0   0   0   0
19   0   285   42   19   0   285   42   0   0   0   0
24   0   290   190   24   0   290   190   0   0   0   0
26   0   329   259   26   0   329   259   0   0   0   0
31   0   342   312   31   0   342   312   0   0   0   0
28   0   315   163   28   0   315   163   0   0   0   0
16   0   147   100   16   0   147   100   0   0   0   0
19   0   161   61   19   0   161   61   0   0   0   0
11   0   146   68   11   0   146   68   0   0   0   0
22   0   153   83   22   0   153   83   0   0   0   0
14   0   112   28   14   0   112   28   0   0   0   0
24   0   180   45   24   0   180   45   0   0   0   0
19   0   146   59   19   0   146   59   0   0   0   0
16   0   146   42   16   0   146   42   0   0   0   0
29   0   274   57   29   0   274   57   0   0   0   0
34   0   319   83   34   0   319   83   0   0   0   0
28   0   314   57   28   0   314   57   0   0   0   0
22   0   272   62   22   0   272   62   0   0   0   0
19   0   367   40   19   0   367   40   0   0   0   0
23   0   292   52   23   0   292   52   0   0   0   0
19   0   301   48   19   0   301   48   0   0   0   0
21   0   360   55   21   0   360   55   0   0   0   0
21   0   214   32   21   0   214   32   0   0   0   0
12   0   231   49   12   0   231   49   0   0   0   0
13   0   260   41   13   0   260   41   0   0   0   0
15   0   206   38   15   0   206   38   0   0   0   0
17   0   207   109   17   0   207   109   0   0   0   0
19   0   235   170   19   0   235   170   0   0   0   0
20   0   226   153   20   0   226   153   0   0   0   0
21   0   241   100   21   0   241   100   0   0   0   0
15   0   113   116   15   0   113   116   0   0   0   0
17   0   110   107   17   0   110   107   0   0   0   0
18   0   102   112   18   0   102   112   0   0   0   0
16   0   105   133   16   0   105   133   0   0   0   0
16   0   100   34   16   0   100   34   0   0   0   0
13   0   111   37   13   0   111   37   0   0   0   0
17   0   125   28   17   0   125   28   0   0   0   0
13   0   104   35   13   0   104   35   0   0   0   0
16   0   205   53   16   0   205   53   0   0   0   0
23   0   252   68   23   0   252   68   0   0   0   0
21   0   244   61   21   0   244   61   0   0   0   0
20   0   219   54   20   0   219   54   0   0   0   0
12   0   236   42   12   0   236   42   0   0   0   0
12   0   247   38   12   0   247   38   0   0   0   0
12   0   256   37   12   0   256   37   0   0   0   0
20   0   246   48   20   0   246   48   0   0   0   0
16   0   179   45   16   0   179   45   0   0   0   0
18   0   176   43   18   0   176   43   0   0   0   0
16   0   178   46   16   0   178   46   0   0   0   0
27   0   232   48   27   0   232   48   0   0   0   0
48   0   308   88   48   0   308   88   0   0   0   0
56   0   340   93   56   0   340   93   0   0   0   0
51   0   316   101   51   0   316   101   0   0   0   0
37   0   295   84   37   0   295   84   0   0   0   0
22   0   204   72   22   0   204   72   0   0   0   0
31   0   218   74   31   0   218   74   0   0   0   0
30   0   223   86   30   0   223   86   0   0   0   0
24   0   206   83   24   0   206   83   0   0   0   0
34   0   204   68   34   0   204   68   0   0   0   0
39   0   249   70   39   0   249   70   0   0   0   0
36   0   257   72   36   0   257   72   0   0   0   0
26   0   207   71   26   0   207   71   0   0   0   0
44   0   283   87   44   0   283   87   0   0   0   0
54   0   320   104   54   0   320   104   0   0   0   0
48   0   370   97   48   0   370   97   0   0   0   0
33   0   275   91   33   0   275   91   0   0   0   0
14   0   162   28   14   0   162   28   0   0   0   0
18   0   222   68   18   0   222   68   0   0   0   0
22   0   241   50   22   0   241   50   0   0   0   0
20   0   165   28   20   0   165   28   0   0   0   0
20   0   267   59   20   0   267   59   0   0   0   0
23   0   211   54   23   0   211   54   0   0   0   0
18   0   216   43   18   0   216   43   0   0   0   0
28   0   292   57   28   0   292   57   0   0   0   0
32   0   321   88   32   0   321   88   0   0   0   0
40   0   278   103   40   0   278   103   0   0   0   0
28   0   280   100   28   0   280   100   0   0   0   0
44   0   311   107   44   0   311   107   0   0   0   0
27   0   219   64   27   0   219   64   0   0   0   0
34   0   254   69   34   0   254   69   0   0   0   0
15   0   201   57   15   0   201   57   0   0   0   0
30   0   204   60   30   0   204   60   0   0   0   0
27   0   217   52   27   0   217   52   0   0   0   0
30   0   217   70   30   0   217   70   0   0   0   0
39   0   221   68   39   0   221   68   0   0   0   0
34   0   202   55   34   0   202   55   0   0   0   0
22   0   257   67   22   0   257   67   0   0   0   0
37   0   330   98   37   0   330   98   0   0   0   0
42   0   315   103   42   0   315   103   0   0   0   0
42   0   268   89   42   0   268   89   0   0   0   0
15   0   217   40   15   0   217   40   0   0   0   0
26   0   306   78   26   0   306   78   0   0   0   0
16   0   299   74   16   0   299   74   0   0   0   0
16   0   181   51   16   0   181   51   0   0   0   0
19   0   185   66   19   0   185   66   0   0   0   0
22   0   259   67   22   0   259   67   0   0   0   0
20   0   237   85   20   0   237   85   0   0   0   0
23   0   219   67   23   0   219   67   0   0   0   0
28   0   219   67   28   0   219   67   0   0   0   0
33   0   239   78   33   0   239   78   0   0   0   0
32   0   266   67   32   0   266   67   0   0   0   0
22   0   203   55   22   0   203   55   0   0   0   0
13   0   143   38   13   0   143   38   0   0   0   0
17   0   173   58   17   0   173   58   0   0   0   0
18   0   154   52   18   0   154   52   0   0   0   0
24   0   141   53   24   0   141   53   0   0   0   0
22   0   139   42   22   0   139   42   0   0   0   0
25   0   133   56   25   0   133   56   0   0   0   0
25   0   176   52   25   0   176   52   0   0   0   0
22   0   148   60   22   0   148   60   0   0   0   0
19   0   206   57   19   0   206   57   0   0   0   0
29   0   224   61   29   0   224   61   0   0   0   0
21   0   221   58   21   0   221   58   0   0   0   0
31   0   233   73   31   0   233   73   0   0   0   0
21   0   246   36   21   0   246   36   0   0   0   0
17   0   211   44   17   0   211   44   0   0   0   0
22   0   227   49   22   0   227   49   0   0   0   0
21   0   205   45   21   0   205   45   0   0   0   0
12   0   156   124   12   0   156   124   0   0   0   0
21   0   271   213   21   0   271   213   0   0   0   0
34   0   266   233   34   0   266   233   0   0   0   0
19   0   156   126   19   0   156   126   0   0   0   0
38   0   283   109   38   0   283   109   0   0   0   0
42   0   326   111   42   0   326   111   0   0   0   0
39   0   338   111   39   0   338   111   0   0   0   0
30   0   236   122   30   0   236   122   0   0   0   0
28   0   211   59   28   0   211   59   0   0   0   0
47   0   227   73   47   0   227   73   0   0   0   0
29   0   229   58   29   0   229   58   0   0   0   0
26   0   200   72   26   0   200   72   0   0   0   0
17   0   198   61   17   0   198   61   0   0   0   0
31   0   210   61   31   0   210   61   0   0   0   0
31   0   213   60   31   0   213   60   0   0   0   0
26   0   203   60   26   0   203   60   0   0   0   0
35   0   310   80   35   0   310   80   0   0   0   0
27   0   292   74   27   0   292   74   0   0   0   0
33   0   274   77   33   0   274   77   0   0   0   0
39   0   292   91   39   0   292   91   0   0   0   0
22   0   231   52   22   0   231   52   0   0   0   0
17   0   174   38   17   0   174   38   0   0   0   0
7   0   165   43   7   0   165   43   0   0   0   0
17   0   258   53   17   0   258   53   0   0   0   0
15   0   126   27   15   0   126   27   0   0   0   0
8   0   154   79   8   0   154   79   0   0   0   0
17   0   139   71   17   0   139   71   0   0   0   0
7   0   110   39   7   0   110   39   0   0   0   0
22   0   201   139   22   0   201   139   0   0   0   0
20   0   235   127   20   0   235   127   0   0   0   0
31   0   253   138   31   0   253   138   0   0   0   0
38   0   229   143   38   0   229   143   0   0   0   0
22   0   165   38   22   0   165   38   0   0   0   0
23   0   162   61   23   0   162   61   0   0   0   0
16   0   176   48   16   0   176   48   0   0   0   0
27   0   149   39   27   0   149   39   0   0   0   0
21   0   170   46   21   0   170   46   0   0   0   0
22   0   152   46   22   0   152   46   0   0   0   0
21   0   164   57   21   0   164   57   0   0   0   0
25   0   161   36   25   0   161   36   0   0   0   0
23   0   214   73   23   0   214   73   0   0   0   0
40   0   229   76   40   0   229   76   0   0   0   0
23   0   229   57   23   0   229   57   0   0   0   0
27   0   222   78   27   0   222   78   0   0   0   0
14   0   153   28   14   0   153   28   0   0   0   0
16   0   120   18   16   0   120   18   0   0   0   0
13   0   131   29   13   0   131   29   0   0   0   0
11   0   135   36   11   0   135   36   0   0   0   0
118   1   895   286   118   1   895   286   0   0   0   0
72   0   591   194   72   0   591   194   0   0   0   0
93   0   609   188   93   0   609   188   0   0   0   0
108   0   818   269   108   0   818   269   0   0   0   0
323   5   1831   752   323   5   1831   752   0   0   0   0
288   2   1682   718   288   2   1682   718   0   0   0   0
292   1   1669   700   292   1   1669   700   0   0   0   0
302   2   1867   842   302   2   1867   842   0   0   0   0
260   0   1522   716   260   0   1522   716   0   0   0   0
316   0   1628   708   316   0   1628   708   0   0   0   0
312   1   1649   673   312   1   1649   673   0   0   0   0
299   3   1591   706   299   3   1591   706   0   0   0   0
273   0   1449   700   273   0   1449   700   0   0   0   0
321   1   1742   776   321   1   1742   776   0   0   0   0
315   4   1769   755   315   4   1769   755   0   0   0   0
299   5   1555   695   299   5   1555   695   0   0   0   0
249   0   1487   608   249   0   1487   608   0   0   0   0
358   3   2057   828   358   3   2057   828   0   0   0   0
350   2   2091   836   350   2   2091   836   0   0   0   0
250   0   1445   654   250   0   1445   654   0   0   0   0
77   1   467   181   77   1   467   181   0   0   0   0
88   1   907   331   88   1   907   331   0   0   0   0
128   2   911   291   128   2   911   291   0   0   0   0
42   0   465   171   42   0   465   171   0   0   0   0
205   3   1439   458   205   3   1439   458   0   0   0   0
139   1   970   326   139   1   970   326   0   0   0   0
126   1   1002   330   126   1   1002   330   0   0   0   0
191   0   1404   519   191   0   1404   519   0   0   0   0
339   0   1935   820   339   0   1935   820   0   0   0   0
264   4   1475   650   264   4   1475   650   0   0   0   0
217   2   1497   602   217   2   1497   602   0   0   0   0
317   1   1930   864   317   1   1930   864   0   0   0   0
222   2   1364   563   222   2   1364   563   0   0   0   0
259   3   1355   605   259   3   1355   605   0   0   0   0
225   0   1292   564   225   0   1292   564   0   0   0   0
292   0   1386   683   292   0   1386   683   0   0   0   0
219   0   1208   500   219   0   1208   500   0   0   0   0
255   2   1439   723   255   2   1439   723   0   0   0   0
277   2   1477   658   277   2   1477   658   0   0   0   0
212   0   1161   547   212   0   1161   547   0   0   0   0
208   1   1237   565   208   1   1237   565   0   0   0   0
380   2   2112   847   380   2   2112   847   0   0   0   0
332   3   2101   884   332   3   2101   884   0   0   0   0
207   0   1297   535   207   0   1297   535   0   0   0   0
99   1   882   313   99   1   882   313   0   0   0   0
219   5   1452   514   219   5   1452   514   0   0   0   0
207   3   1534   576   207   3   1534   576   0   0   0   0
113   2   869   256   113   2   869   256   0   0   0   0
125   1   1023   327   125   1   1023   327   0   0   0   0
151   5   1302   481   151   5   1302   481   0   0   0   0
186   3   1421   448   186   3   1421   448   0   0   0   0
115   2   1029   333   115   2   1029   333   0   0   0   0
163   3   1098   387   163   3   1098   387   0   0   0   0
248   4   1398   600   248   4   1398   600   0   0   0   0
209   1   1421   586   209   1   1421   586   0   0   0   0
184   1   1101   520   184   1   1101   520   0   0   0   0
124   2   826   295   124   2   826   295   0   0   0   0
186   0   863   422   186   0   863   422   0   0   0   0
146   1   903   345   146   1   903   345   0   0   0   0
134   2   771   422   134   2   771   422   0   0   0   0
129   1   828   317   129   1   828   317   0   0   0   0
191   0   857   434   191   0   857   434   0   0   0   0
133   1   827   370   133   1   827   370   0   0   0   0
167   3   803   363   167   3   803   363   0   0   0   0
203   1   1299   502   203   1   1299   502   0   0   0   0
239   1   1187   562   239   1   1187   562   0   0   0   0
195   0   1220   494   195   0   1220   494   0   0   0   0
211   2   1266   569   211   2   1266   569   0   0   0   0
143   2   1206   456   143   2   1206   456   0   0   0   0
132   3   1119   397   132   3   1119   397   0   0   0   0
148   0   1094   394   148   0   1094   394   0   0   0   0
144   2   1233   440   144   2   1233   440   0   0   0   0
65   0   620   237   65   0   620   237   0   0   0   0
166   0   1185   427   166   0   1185   427   0   0   0   0
167   1   1210   421   167   1   1210   421   0   0   0   0
89   0   632   226   89   0   632   226   0   0   0   0
186   0   1170   488   186   0   1170   488   0   0   0   0
336   0   1906   865   336   0   1906   865   0   0   0   0
317   3   1951   798   317   3   1951   798   0   0   0   0
227   1   1259   514   227   1   1259   514   0   0   0   0
237   1   1226   526   237   1   1226   526   0   0   0   0
267   2   1462   701   267   2   1462   701   0   0   0   0
257   1   1488   654   257   1   1488   654   0   0   0   0
245   0   1226   514   245   0   1226   514   0   0   0   0
221   0   1374   564   221   0   1374   564   0   0   0   0
276   1   1333   577   276   1   1333   577   0   0   0   0
234   2   1358   604   234   2   1358   604   0   0   0   0
263   1   1371   644   263   1   1371   644   0   0   0   0
292   3   1944   720   292   3   1944   720   0   0   0   0
238   2   1374   551   238   2   1374   551   0   0   0   0
232   0   1342   558   232   0   1342   558   0   0   0   0
304   0   1846   779   304   0   1846   779   0   0   0   0
151   1   1115   392   151   1   1115   392   0   0   0   0
92   0   700   203   92   0   700   203   0   0   0   0
76   2   672   239   76   2   672   239   0   0   0   0
141   1   1081   365   141   1   1081   365   0   0   0   0
42   0   313   179   42   0   313   179   0   0   0   0
69   1   556   250   69   1   556   250   0   0   0   0
70   0   583   260   70   0   583   260   0   0   0   0
50   0   342   195   50   0   342   195   0   0   0   0
178   0   1067   492   178   0   1067   492   0   0   0   0
234   1   1501   629   234   1   1501   629   0   0   0   0
239   1   1419   629   239   1   1419   629   0   0   0   0
201   1   1106   431   201   1   1106   431   0   0   0   0
196   1   1118   458   196   1   1118   458   0   0   0   0
206   0   1258   577   206   0   1258   577   0   0   0   0
202   0   1284   575   202   0   1284   575   0   0   0   0
181   0   1046   479   181   0   1046   479   0   0   0   0
197   2   1096   519   197   2   1096   519   0   0   0   0
223   2   1233   549   223   2   1233   549   0   0   0   0
213   0   1173   562   213   0   1173   562   0   0   0   0
219   2   1171   503   219   2   1171   503   0   0   0   0
222   0   1349   567   222   0   1349   567   0   0   0   0
211   0   1292   488   211   0   1292   488   0   0   0   0
215   1   1198   464   215   1   1198   464   0   0   0   0
199   0   1326   574   199   0   1326   574   0   0   0   0
61   0   548   186   61   0   548   186   0   0   0   0
59   0   377   136   59   0   377   136   0   0   0   0
65   0   404   148   65   0   404   148   0   0   0   0
71   0   494   194   71   0   494   194   0   0   0   0
3133   199   19025   7197   3133   199   19025   7197   0   0   0   0
1995   133   12100   4506   1995   133   12100   4506   0   0   0   0
2017   151   12078   4652   2017   151   12078   4652   0   0   0   0
3160   241   18941   7256   3160   241   18941   7256   0   0   0   0
9482   481   48637   20987   9482   481   48637   20987   0   0   0   0
8126   427   40819   18068   8126   427   40819   18068   0   0   0   0
8346   417   40994   17980   8346   417   40994   17980   0   0   0   0
9918   470   48911   21353   9918   470   48911   21353   0   0   0   0
9060   374   42103   19407   9060   374   42103   19407   0   0   0   0
9359   391   43109   20155   9359   391   43109   20155   0   0   0   0
9336   423   42972   19880   9336   423   42972   19880   0   0   0   0
9219   376   42592   19873   9219   376   42592   19873   0   0   0   0
8380   374   39057   18337   8380   374   39057   18337   0   0   0   0
9935   407   46163   21982   9935   407   46163   21982   0   0   0   0
9985   418   46288   21346   9985   418   46288   21346   0   0   0   0
8520   343   39271   18130   8520   343   39271   18130   0   0   0   0
7508   357   36926   16122   7508   357   36926   16122   0   0   0   0
10633   578   52438   23373   10633   578   52438   23373   0   0   0   0
10340   545   52562   22823   10340   545   52562   22823   0   0   0   0
7567   370   36911   16085   7567   370   36911   16085   0   0   0   0
1814   135   10673   3967   1814   135   10673   3967   0   0   0   0
3473   248   20716   7847   3473   248   20716   7847   0   0   0   0
3361   257   20466   7658   3361   257   20466   7658   0   0   0   0
1767   125   10424   4093   1767   125   10424   4093   0   0   0   0
5733   435   35085   12854   5733   435   35085   12854   0   0   0   0
4053   299   24063   8694   4053   299   24063   8694   0   0   0   0
3826   302   23828   8727   3826   302   23828   8727   0   0   0   0
5714   430   34902   12922   5714   430   34902   12922   0   0   0   0
9542   485   51262   21307   9542   485   51262   21307   0   0   0   0
7498   367   36501   16349   7498   367   36501   16349   0   0   0   0
7083   383   36702   15480   7083   383   36702   15480   0   0   0   0
10820   537   51704   23200   10820   537   51704   23200   0   0   0   0
7227   310   35874   15623   7227   310   35874   15623   0   0   0   0
7667   329   33599   17032   7667   329   33599   17032   0   0   0   0
6976   272   33968   14996   6976   272   33968   14996   0   0   0   0
8229   333   35595   17535   8229   333   35595   17535   0   0   0   0
6325   293   30854   13323   6325   293   30854   13323   0   0   0   0
8914   306   38827   19281   8914   306   38827   19281   0   0   0   0
7891   338   39095   17007   7891   338   39095   17007   0   0   0   0
7169   296   30852   14999   7169   296   30852   14999   0   0   0   0
6240   333   32433   13671   6240   333   32433   13671   0   0   0   0
11368   580   55587   25473   11368   580   55587   25473   0   0   0   0
10633   499   56168   22869   10633   499   56168   22869   0   0   0   0
6638   339   32516   14674   6638   339   32516   14674   0   0   0   0
3479   277   21196   7822   3479   277   21196   7822   0   0   0   0
6202   472   37744   13949   6202   472   37744   13949   0   0   0   0
6141   441   37973   13757   6141   441   37973   13757   0   0   0   0
3372   273   21244   7858   3372   273   21244   7858   0   0   0   0
4253   242   26274   9474   4253   242   26274   9474   0   0   0   0
5407   415   33542   12198   5407   415   33542   12198   0   0   0   0
5490   415   33883   11953   5490   415   33883   11953   0   0   0   0
4166   250   26189   9428   4166   250   26189   9428   0   0   0   0
5088   246   27505   11308   5088   246   27505   11308   0   0   0   0
7866   397   36822   16710   7866   397   36822   16710   0   0   0   0
6755   361   36587   14824   6755   361   36587   14824   0   0   0   0
5651   220   27108   12637   5651   220   27108   12637   0   0   0   0
3741   149   19329   8019   3741   149   19329   8019   0   0   0   0
5558   199   23282   11936   5558   199   23282   11936   0   0   0   0
4553   205   23023   9791   4553   205   23023   9791   0   0   0   0
4746   150   19550   9885   4746   150   19550   9885   0   0   0   0
3957   185   20788   8717   3957   185   20788   8717   0   0   0   0
5046   167   21345   11217   5046   167   21345   11217   0   0   0   0
4181   174   21432   8911   4181   174   21432   8911   0   0   0   0
5151   171   21049   10988   5151   171   21049   10988   0   0   0   0
6029   334   33711   13646   6029   334   33711   13646   0   0   0   0
6356   249   30589   13977   6356   249   30589   13977   0   0   0   0
5787   244   30732   12604   5787   244   30732   12604   0   0   0   0
7033   359   33639   15596   7033   359   33639   15596   0   0   0   0
4916   332   30573   11211   4916   332   30573   11211   0   0   0   0
4733   280   29004   10676   4733   280   29004   10676   0   0   0   0
4705   277   28756   10392   4705   277   28756   10392   0   0   0   0
4962   380   30548   11398   4962   380   30548   11398   0   0   0   0
2320   85   13858   4876   2320   85   13858   4876   0   0   0   0
4788   249   28855   10685   4788   249   28855   10685   0   0   0   0
4806   251   28543   10550   4806   251   28543   10550   0   0   0   0
2291   79   14050   5054   2291   79   14050   5054   0   0   0   0
5777   153   30183   12973   5777   153   30183   12973   0   0   0   0
10527   401   51230   22988   10527   401   51230   22988   0   0   0   0
10149   380   51824   21589   10149   380   51824   21589   0   0   0   0
6187   161   30392   13289   6187   161   30392   13289   0   0   0   0
6754   169   31665   14057   6754   169   31665   14057   0   0   0   0
8898   261   39568   19041   8898   261   39568   19041   0   0   0   0
8330   233   39574   17626   8330   233   39574   17626   0   0   0   0
7076   172   31429   14906   7076   172   31429   14906   0   0   0   0
7437   222   36022   16031   7437   222   36022   16031   0   0   0   0
7615   186   35267   16721   7615   186   35267   16721   0   0   0   0
7441   195   35039   16053   7441   195   35039   16053   0   0   0   0
8059   216   35830   17349   8059   216   35830   17349   0   0   0   0
9118   336   47971   20143   9118   336   47971   20143   0   0   0   0
6830   174   34082   15123   6830   174   34082   15123   0   0   0   0
6666   187   33853   14814   6666   187   33853   14814   0   0   0   0
9843   366   47660   21622   9843   366   47660   21622   0   0   0   0
4369   232   26706   10018   4369   232   26706   10018   0   0   0   0
2535   97   15672   5820   2535   97   15672   5820   0   0   0   0
2618   91   16093   5903   2618   91   16093   5903   0   0   0   0
4448   248   26766   9922   4448   248   26766   9922   0   0   0   0
1218   13   7428   2760   1218   13   7428   2760   0   0   0   0
2282   44   13331   5120   2282   44   13331   5120   0   0   0   0
2200   50   13354   4981   2200   50   13354   4981   0   0   0   0
1242   20   7361   2710   1242   20   7361   2710   0   0   0   0
5496   61   27141   11825   5496   61   27141   11825   0   0   0   0
7479   116   36962   16351   7479   116   36962   16351   0   0   0   0
7426   108   36861   15764   7426   108   36861   15764   0   0   0   0
5458   58   27440   11576   5458   58   27440   11576   0   0   0   0
6202   72   28493   13139   6202   72   28493   13139   0   0   0   0
7333   98   33340   15314   7333   98   33340   15314   0   0   0   0
7084   88   33126   15418   7084   88   33126   15418   0   0   0   0
6257   82   28811   13519   6257   82   28811   13519   0   0   0   0
6521   93   30375   14254   6521   93   30375   14254   0   0   0   0
6847   67   31470   14781   6847   67   31470   14781   0   0   0   0
6726   87   31553   14662   6726   87   31553   14662   0   0   0   0
6575   76   30545   14234   6575   76   30545   14234   0   0   0   0
6792   122   34492   14736   6792   122   34492   14736   0   0   0   0
6074   71   30319   13138   6074   71   30319   13138   0   0   0   0
6089   73   30232   13384   6089   73   30232   13384   0   0   0   0
6859   101   33699   15128   6859   101   33699   15128   0   0   0   0
2036   22   12505   4788   2036   22   12505   4788   0   0   0   0
1362   25   8335   3117   1362   25   8335   3117   0   0   0   0
1346   17   8285   3082   1346   17   8285   3082   0   0   0   0
2044   40   12320   4720   2044   40   12320   4720   0   0   0   0
0   1   0   55   0   1   0   55   0   0   0   0
0   1   0   44   0   1   0   44   0   0   0   0
0   2   0   58   0   2   0   58   0   0   0   0
0   0   0   48   0   0   0   48   0   0   0   0
0   7   0   133   0   7   0   133   0   0   0   0
0   1   0   150   0   1   0   150   0   0   0   0
0   2   0   122   0   2   0   122   0   0   0   0
0   9   0   159   0   9   0   159   0   0   0   0
0   5   0   128   0   5   0   128   0   0   0   0
0   5   0   160   0   5   0   160   0   0   0   0
0   4   0   146   0   4   0   146   0   0   0   0
0   9   0   142   0   9   0   142   0   0   0   0
0   4   0   127   0   4   0   127   0   0   0   0
0   4   0   148   0   4   0   148   0   0   0   0
0   3   0   145   0   3   0   145   0   0   0   0
0   2   0   115   0   2   0   115   0   0   0   0
0   5   0   138   0   5   0   138   0   0   0   0
0   4   0   183   0   4   0   183   0   0   0   0
0   5   0   183   0   5   0   183   0   0   0   0
0   7   0   124   0   7   0   124   0   0   0   0
0   0   0   31   0   0   0   31   0   0   0   0
0   3   0   58   0   3   0   58   0   0   0   0
0   2   0   59   0   2   0   59   0   0   0   0
0   1   0   28   0   1   0   28   0   0   0   0
0   8   0   118   0   8   0   118   0   0   0   0
0   4   0   80   0   4   0   80   0   0   0   0
0   1   0   78   0   1   0   78   0   0   0   0
0   5   0   99   0   5   0   99   0   0   0   0
0   6   0   147   0   6   0   147   0   0   0   0
0   4   0   110   0   4   0   110   0   0   0   0
0   4   0   119   0   4   0   119   0   0   0   0
0   5   0   180   0   5   0   180   0   0   0   0
0   0   0   108   0   0   0   108   0   0   0   0
0   7   0   125   0   7   0   125   0   0   0   0
0   7   0   126   0   7   0   126   0   0   0   0
0   1   0   112   0   1   0   112   0   0   0   0
0   1   0   83   0   1   0   83   0   0   0   0
0   7   0   139   0   7   0   139   0   0   0   0
0   2   0   119   0   2   0   119   0   0   0   0
0   3   0   92   0   3   0   92   0   0   0   0
0   2   0   106   0   2   0   106   0   0   0   0
0   7   0   210   0   7   0   210   0   0   0   0
0   5   0   176   0   5   0   176   0   0   0   0
0   8   0   118   0   8   0   118   0   0   0   0
0   2   0   67   0   2   0   67   0   0   0   0
0   5   0   122   0   5   0   122   0   0   0   0
0   6   0   148   0   6   0   148   0   0   0   0
0   5   0   75   0   5   0   75   0   0   0   0
0   4   0   72   0   4   0   72   0   0   0   0
0   6   0   106   0   6   0   106   0   0   0   0
0   7   0   112   0   7   0   112   0   0   0   0
0   4   0   74   0   4   0   74   0   0   0   0
0   1   0   86   0   1   0   86   0   0   0   0
0   7   0   152   0   7   0   152   0   0   0   0
0   5   0   104   0   5   0   104   0   0   0   0
0   4   0   99   0   4   0   99   0   0   0   0
0   1   0   52   0   1   0   52   0   0   0   0
0   3   0   77   0   3   0   77   0   0   0   0
0   2   0   76   0   2   0   76   0   0   0   0
0   2   0   64   0   2   0   64   0   0   0   0
0   2   0   49   0   2   0   49   0   0   0   0
0   4   0   66   0   4   0   66   0   0   0   0
0   2   0   76   0   2   0   76   0   0   0   0
0   3   0   73   0   3   0   73   0   0   0   0
0   2   0   92   0   2   0   92   0   0   0   0
0   5   0   85   0   5   0   85   0   0   0   0
0   1   0   79   0   1   0   79   0   0   0   0
0   5   0   116   0   5   0   116   0   0   0   0
0   4   0   98   0   4   0   98   0   0   0   0
0   3   0   107   0   3   0   107   0   0   0   0
0   5   0   108   0   5   0   108   0   0   0   0
0   7   0   98   0   7   0   98   0   0   0   0
0   2   0   33   0   2   0   33   0   0   0   0
0   1   0   85   0   1   0   85   0   0   0   0
0   4   0   68   0   4   0   68   0   0   0   0
0   3   0   31   0   3   0   31   0   0   0   0
0   2   0   68   0   2   0   68   0   0   0   0
0   4   0   164   0   4   0   164   0   0   0   0
0   3   0   163   0   3   0   163   0   0   0   0
0   1   0   86   0   1   0   86   0   0   0   0
0   3   0   88   0   3   0   88   0   0   0   0
0   2   0   124   0   2   0   124   0   0   0   0
0   3   0   110   0   3   0   110   0   0   0   0
0   2   0   87   0   2   0   87   0   0   0   0
0   2   0   113   0   2   0   113   0   0   0   0
0   3   0   105   0   3   0   105   0   0   0   0
0   1   0   98   0   1   0   98   0   0   0   0
0   1   0   110   0   1   0   110   0   0   0   0
0   1   0   138   0   1   0   138   0   0   0   0
0   3   0   108   0   3   0   108   0   0   0   0
0   0   0   113   0   0   0   113   0   0   0   0
0   5   0   167   0   5   0   167   0   0   0   0
0   2   0   87   0   2   0   87   0   0   0   0
0   3   0   47   0   3   0   47   0   0   0   0
0   0   0   45   0   0   0   45   0   0   0   0
0   1   0   66   0   1   0   66   0   0   0   0
0   0   0   20   0   0   0   20   0   0   0   0
0   1   0   32   0   1   0   32   0   0   0   0
0   0   0   24   0   0   0   24   0   0   0   0
0   0   0   17   0   0   0   17   0   0   0   0
0   0   0   68   0   0   0   68   0   0   0   0
0   0   0   119   0   0   0   119   0   0   0   0
0   3   0   104   0   3   0   104   0   0   0   0
0   0   0   73   0   0   0   73   0   0   0   0
0   0   0   76   0   0   0   76   0   0   0   0
0   2   0   92   0   2   0   92   0   0   0   0
0   1   0   102   0   1   0   102   0   0   0   0
0   0   0   83   0   0   0   83   0   0   0   0
0   1   0   67   0   1   0   67   0   0   0   0
0   1   0   99   0   1   0   99   0   0   0   0
0   0   0   82   0   0   0   82   0   0   0   0
0   0   0   76   0   0   0   76   0   0   0   0
0   0   0   97   0   0   0   97   0   0   0   0
0   0   0   78   0   0   0   78   0   0   0   0
0   2   0   81   0   2   0   81   0   0   0   0
0   0   0   90   0   0   0   90   0   0   0   0
0   0   0   28   0   0   0   28   0   0   0   0
0   0   0   20   0   0   0   20   0   0   0   0
0   0   0   33   0   0   0   33   0   0   0   0
0   0   0   43   0   0   0   43   0   0   0   0
0   0   0   3   0   0   0   3   0   0   0   0
0   0   0   3   0   0   0   3   0   0   0   0
0   0   0   2   0   0   0   2   0   0   0   0
0   0   0   1   0   0   0   1   0   0   0   0
0   0   0   1   0   0   0   1   0   0   0   0
0   0   0   0   0   0   0   0   0   0   0   0
0   0   0   2   0   0   0   2   0   0   0   0
0   0   0   1   0   0   0   1   0   0   0   0
0   0   0   1   0   0   0   1   0   0   0   0
0   0   0   2   0   0   0   2   0   0   0   0
0   0   0   3   0   0   0   3   0   0   0   0
0   0   0   1   0   0   0   1   0   0   0   0
0   0   0   1   0   0   0   1   0   0   0   0
0   0   0   4   0   0   0   4   0   0   0   0
0   0   0   4   0   0   0   4   0   0   0   0
0   0   0   4   0   0   0   4   0   0   0   0
0   0   0   4   0   0   0   4   0   0   0   0
0   0   0   9   0   0   0   9   0   0   0   0
0   0   0   7   0   0   0   7   0   0   0   0
0   0   0   1   0   0   0   1   0   0   0   0
0   0   0   0   0   0   0   0   0   0   0   0
0   0   0   2   0   0   0   2   0   0   0   0
0   0   0   0   0   0   0   0   0   0   0   0
0   0   0   1   0   0   0   1   0   0   0   0
0   0   0   3   0   0   0   3   0   0   0   0
0   0   0   1   0   0   0   1   0   0   0   0
0   0   0   0   0   0   0   0   0   0   0   0
0   0   0   3   0   0   0   3   0   0   0   0
0   0   0   6   0   0   0   6   0   0   0   0
0   0   0   1   0   0   0   1   0   0   0   0
0   0   0   1   0   0   0   1   0   0   0   0
0   0   0   5   0   0   0   5   0   0   0   0
0   0   0   1   0   0   0   1   0   0   0   0
0   0   0   2   0   0   0   2   0   0   0   0
0   0   0   1   0   0   0   1   0   0   0   0
0   0   0   4   0   0   0   4   0   0   0   0
0   0   0   5   0   0   0   5   0   0   0   0
0   0   0   2   0   0   0   2   0   0   0   0
0   0   0   0   0   0   0   0   0   0   0   0
0   0   0   2   0   0   0   2   0   0   0   0
0   0   0   1   0   0   0   1   0   0   0   0
0   0   0   5   0   0   0   5   0   0   0   0
0   0   0   5   0   0   0   5   0   0   0   0
0   0   0   5   0   0   0   5   0   0   0   0
0   0   0   3   0   0   0   3   0   0   0   0
0   0   0   2   0   0   0   2   0   0   0   0
0   0   0   3   0   0   0   3   0   0   0   0
0   0   0   2   0   0   0   2   0   0   0   0
0   0   0   1   0   0   0   1   0   0   0   0
0   0   0   2   0   0   0   2   0   0   0   0
0   0   0   2   0   0   0   2   0   0   0   0
0   0   0   2   0   0   0   2   0   0   0   0
0   0   0   0   0   0   0   0   0   0   0   0
0   0   0   4   0   0   0   4   0   0   0   0
0   0   0   1   0   0   0   1   0   0   0   0
0   0   0   0   0   0   0   0   0   0   0   0
0   0   0   1   0   0   0   1   0   0   0   0
0   0   0   3   0   0   0   3   0   0   0   0
0   0   0   0   0   0   0   0   0   0   0   0
0   0   0   1   0   0   0   1   0   0   0   0
0   0   0   2   0   0   0   2   0   0   0   0
0   0   0   0   0   0   0   0   0   0   0   0
0   0   0   3   0   0   0   3   0   0   0   0
0   0   0   1   0   0   0   1   0   0   0   0
0   0   0   2   0   0   0   2   0   0   0   0
0   0   0   2   0   0   0   2   0   0   0   0
0   0   0   2   0   0   0   2   0   0   0   0
0   0   0   1   0   0   0   1   0   0   0   0
0   0   0   3   0   0   0   3   0   0   0   0
0   0   0   1   0   0   0   1   0   0   0   0
0   0   0   2   0   0   0   2   0   0   0   0
0   0   0   0   0   0   0   0   0   0   0   0
0   0   0   1   0   0   0   1   0   0   0   0
0   0   0   1   0   0   0   1   0   0   0   0
0   0   0   2   0   0   0   2   0   0   0   0
0   0   0   0   0   0   0   0   0   0   0   0
0   0   0   2   0   0   0   2   0   0   0   0
0   0   0   3   0   0   0   3   0   0   0   0
0   0   0   2   0   0   0   2   0   0   0   0
0   0   0   3   0   0   0   3   0   0   0   0
0   0   0   4   0   0   0   4   0   0   0   0
0   0   0   4   0   0   0   4   0   0   0   0
0   0   0   4   0   0   0   4   0   0   0   0
0   0   0   0   0   0   0   0   0   0   0   0
0   0   0   2   0   0   0   2   0   0   0   0
0   0   0   1   0   0   0   1   0   0   0   0
0   0   0   1   0   0   0   1   0   0   0   0
0   0   0   1   0   0   0   1   0   0   0   0
0   0   0   5   0   0   0   5   0   0   0   0
0   0   0   1   0   0   0   1   0   0   0   0
0   0   0   4   0   0   0   4   0   0   0   0
0   0   0   3   0   0   0   3   0   0   0   0
0   0   0   1   0   0   0   1   0   0   0   0
0   0   0   0   0   0   0   0   0   0   0   0
0   0   0   3   0   0   0   3   0   0   0   0
0   0   0   1   0   0   0   1   0   0   0   0
0   0   0   1   0   0   0   1   0   0   0   0
0   0   0   0   0   0   0   0   0   0   0   0
0   0   0   3   0   0   0   3   0   0   0   0
0   0   0   0   0   0   0   0   0   0   0   0
0   0   0   4   0   0   0   4   0   0   0   0
0   0   0   3   0   0   0   3   0   0   0   0
0   0   0   5   0   0   0   5   0   0   0   0
0   0   0   1   0   0   0   1   0   0   0   0
0   0   0   2   0   0   0   2   0   0   0   0
0   0   0   4   0   0   0   4   0   0   0   0
0   0   0   1   0   0   0   1   0   0   0   0
0   0   0   3   0   0   0   3   0   0   0   0
0   0   0   0   0   0   0   0   0   0   0   0
0   0   0   1   0   0   0   1   0   0   0   0
0   0   0   4   0   0   0   4   0   0   0   0
0   0   0   1   0   0   0   1   0   0   0   0
0   0   0   2   0   0   0   2   0   0   0   0
0   0   0   1   0   0   0   1   0   0   0   0
0   0   0   0   0   0   0   0   0   0   0   0
0   0   0   0   0   0   0   0   0   0   0   0
0   0   0   0   0   0   0   0   0   0   0   0
0   0   0   0   0   0   0   0   0   0   0   0
0   0   0   1   0   0   0   1   0   0   0   0
0   0   0   0   0   0   0   0   0   0   0   0
