1.5   0   0   0   0   0   0   0   0   0   0   0   0
1.5   0   0   0   0   0   0   0   0   0   0   0   0
1.5   0   0   0   0   0   0   0   0   0   0   0   0
1.5   0   0   0   0   0   0   0   0   0   0   0   0
1.5   0   0   0   0   0   0   0   0   0   0   0   0
3.15   0   0   0   0   0   0   0   0   0   0   0   0
3.15   0   0   0   0   0   0   0   0   0   0   0   0
3.15   0   0   0   0   0   0   0   0   0   0   0   0
3.15   0   0   0   0   0   0   0   0   0   0   0   0
3.15   0   0   0   0   0   0   0   0   0   0   0   0
5.15   0   0   0   0   0   0   0   0   0   0   0   0
5.15   0   0   0   0   0   0   0   0   0   0   0   0
5.15   0   0   0   0   0   0   0   0   0   0   0   0
5.15   0   0   0   0   0   0   0   0   0   0   0   0
5.15   0   0   0   0   0   0   0   0   0   0   0   0
7.34   0   0   0   0   0   0   0   0   0   0   0   0
7.34   0   0   0   0   0   0   0   0   0   0   0   0
7.34   0   0   0   0   0   0   0   0   0   0   0   0
7.34   0   0   0   0   0   0   0   0   0   0   0   0
7.34   0   0   0   0   0   0   0   0   0   0   0   0
9.385   0.00492149   3.03834e-05   5.54925e-05   0.000200729   0.00190888   0.000254105   -0.00109779   0.00114694   -0.0039414   0.000337416   0.00122191   0.00123523
9.385   0.00461264   3.21555e-05   4.98729e-05   0.000212769   0.0021216   0.000255006   -0.000102698   0.00120446   -0.00434194   0.0003216   9.35558e-06   0.00128443
9.385   0.00388707   3.67651e-05   0.000155746   0.000243499   0.00265534   0.000281609   -0.000717164   0.00137026   -0.00417815   0.000348645   0.000595382   0.00145446
9.385   0.00292331   2.37375e-05   0.000255136   0.000156916   0.00195073   0.000194667   -0.00174754   0.000893528   -0.00270944   0.000252337   0.00176645   0.000958228
9.385   0.0011346   1.43515e-05   8.45701e-05   9.49071e-05   5.23544e-05   0.000116186   -0.000538379   0.000538875   -0.000183656   0.000154049   0.000586929   0.000578243
11.475   0   0   0   0   0   0   0   0   0   0   0   0
11.475   0   0   0   0   0   0   0   0   0   0   0   0
11.475   0   0   0   0   0   0   0   0   0   0   0   0
11.475   0   0   0   0   0   0   0   0   0   0   0   0
11.475   0   0   0   0   0   0   0   0   0   0   0   0
13.52   0   0   0   0   0   0   0   0   0   0   0   0
13.52   0   0   0   0   0   0   0   0   0   0   0   0
13.52   0   0   0   0   0   0   0   0   0   0   0   0
13.52   0   0   0   0   0   0   0   0   0   0   0   0
13.52   0   0   0   0   0   0   0   0   0   0   0   0
15.09   0   0   0   0   0   0   0   0   0   0   0   0
15.09   0   0   0   0   0   0   0   0   0   0   0   0
15.09   0   0   0   0   0   0   0   0   0   0   0   0
15.09   0   0   0   0   0   0   0   0   0   0   0   0
15.09   0   0   0   0   0   0   0   0   0   0   0   0
17.5   0   0   0   0   0   0   0   0   0   0   0   0
17.5   0   0   0   0   0   0   0   0   0   0   0   0
17.5   0   0   0   0   0   0   0   0   0   0   0   0
17.5   0   0   0   0   0   0   0   0   0   0   0   0
17.5   0   0   0   0   0   0   0   0   0   0   0   0
