1.5   1.85264e-08   -2.59596e-09   -1.57831e-08   -1.28829e-09   8.9908e-10   -6.66241e-10   -5.50825e-10   -1.46282e-11   -1.32155e-08   6.6177e-10   4.73513e-09   1.0154e-09   -1.20456e-10   2.29e-11   1.20981e-11   4.43513e-11   -5.12872e-09   1.61898e-09   1.07095e-08   6.67799e-10   -7.08283e-10   5.19062e-10   4.30547e-10   1.30274e-10
1.5   -2.59596e-09   4.94931e-08   -6.67604e-09   -4.01325e-08   -6.82969e-10   1.80769e-10   4.5656e-11   -3.91266e-10   8.61381e-10   -3.02511e-08   2.83212e-09   1.18765e-08   5.68891e-11   -5.38697e-11   -1.41671e-11   -6.5933e-11   1.61531e-09   -1.70986e-08   3.9201e-09   2.5206e-08   5.76725e-10   -5.83496e-11   2.87891e-11   3.44323e-10
1.5   -1.57831e-08   -6.67604e-09   6.57357e-08   -2.00683e-08   -9.48684e-10   6.01518e-10   -7.96553e-10   1.11093e-09   6.22194e-09   3.96898e-09   -4.22241e-08   8.00272e-09   1.03226e-10   2.87736e-12   6.31702e-11   -4.30591e-12   9.15707e-09   3.20679e-09   -2.24113e-08   1.08437e-08   8.01542e-10   -6.02527e-10   7.38779e-10   -1.04124e-09
1.5   -1.28829e-09   -4.01325e-08   -2.00683e-08   1.0153e-07   4.5641e-10   -5.15765e-10   1.14821e-09   -1.18772e-09   1.96117e-09   1.36748e-08   8.5374e-09   -5.98296e-08   1.91652e-12   8.67335e-11   1.59266e-12   1.16418e-10   -3.87614e-10   2.33981e-08   1.0632e-08   -3.68537e-08   -4.51651e-10   4.6174e-10   -1.0898e-09   9.64607e-10
1.5   8.9908e-10   -6.82969e-10   -9.48684e-10   4.5641e-10   2.32089e-08   -3.41904e-09   -1.22954e-08   -3.07024e-09   -8.35162e-11   -9.33848e-11   1.82715e-11   -1.1781e-10   -1.5547e-08   4.51745e-10   1.98834e-09   7.94689e-10   -7.29682e-10   5.94925e-10   7.80578e-10   -8.82231e-11   -7.35954e-09   2.64268e-09   9.89792e-09   2.58817e-09
1.5   -6.66241e-10   1.80769e-10   6.01518e-10   -5.15765e-10   -3.41904e-09   6.05194e-08   -8.87275e-09   -3.00337e-08   -6.42758e-11   -2.25395e-10   -2.90736e-10   -3.6037e-10   5.98934e-10   -3.66606e-08   1.82691e-09   4.38269e-09   6.65337e-10   1.28611e-10   -2.15457e-10   7.17435e-10   2.69388e-09   -2.13453e-08   6.98509e-09   2.23505e-08
1.5   -5.50825e-10   4.5656e-11   -7.96553e-10   1.14821e-09   -1.22954e-08   -8.87275e-09   9.11244e-08   -1.85812e-08   -1.25587e-10   4.6515e-11   -3.46474e-10   7.14582e-11   2.30197e-09   2.21182e-09   -5.66928e-08   3.72032e-09   6.56132e-10   -1.95563e-10   1.09539e-09   -1.01135e-09   9.43577e-09   6.92514e-09   -3.27357e-08   1.37208e-08
1.5   -1.46282e-11   -3.91266e-10   1.11093e-09   -1.18772e-09   -3.07024e-09   -3.00337e-08   -1.85812e-08   1.31129e-07   7.46873e-11   -1.98882e-10   6.8134e-11   -3.37682e-10   1.10786e-09   4.7657e-09   3.88897e-09   -7.80588e-08   -8.52093e-11   6.4343e-10   -1.07519e-09   1.36379e-09   2.19471e-09   2.17242e-08   1.36338e-08   -4.70966e-08
1.5   -1.32155e-08   8.61381e-10   6.22194e-09   1.96117e-09   -8.35162e-11   -6.42758e-11   -1.25587e-10   7.46873e-11   3.21906e-08   -1.6248e-09   -4.85516e-09   -2.58862e-09   3.4222e-11   -1.92864e-11   2.8575e-12   -1.23635e-11   -1.85882e-08   6.47825e-10   -1.86067e-09   7.71243e-10   5.14435e-11   6.05892e-11   1.1119e-10   -3.00192e-11
1.5   6.6177e-10   -3.02511e-08   3.96898e-09   1.36748e-08   -9.33848e-11   -2.25395e-10   4.6515e-11   -1.98882e-10   -1.6248e-09   7.6418e-08   -4.81423e-09   -1.21727e-08   -1.40622e-11   8.82441e-12   -3.15178e-11   -3.57579e-12   8.71314e-10   -4.35192e-08   9.86859e-10   -4.957e-09   9.86119e-11   2.01857e-10   -4.54936e-12   2.06426e-10
1.5   4.73513e-09   2.83212e-09   -4.22241e-08   8.5374e-09   1.82715e-11   -2.90736e-10   -3.46474e-10   6.8134e-11   -4.85516e-09   -4.81423e-09   1.15656e-07   -9.16331e-09   -1.66054e-11   -2.11334e-11   1.98214e-12   -9.04577e-12   -4.56997e-10   2.00793e-09   -7.1811e-08   3.66625e-10   7.44407e-12   2.47814e-10   3.13295e-10   2.3628e-11
1.5   1.0154e-09   1.18765e-08   8.00272e-09   -5.98296e-08   -1.1781e-10   -3.6037e-10   7.14582e-11   -3.37682e-10   -2.58862e-09   -1.21727e-08   -9.16331e-09   1.62981e-07   -6.64178e-12   -7.3429e-13   -2.70807e-11   -7.09708e-13   1.67972e-09   -3.49182e-09   6.73639e-10   -9.68232e-08   1.14061e-10   3.32753e-10   -3.10044e-11   3.50218e-10
1.5   -1.20456e-10   5.68891e-11   1.03226e-10   1.91652e-12   -1.5547e-08   5.98934e-10   2.30197e-09   1.10786e-09   3.4222e-11   -1.40622e-11   -1.66054e-11   -6.64178e-12   3.41837e-08   -4.20005e-10   -1.18349e-09   -6.18409e-10   8.03141e-11   -3.56617e-11   -7.75814e-11   -5.49254e-12   -1.82563e-08   -2.4847e-10   -1.6267e-09   -3.51434e-10
1.5   2.29e-11   -5.38697e-11   2.87736e-12   8.67335e-11   4.51745e-10   -3.66606e-08   2.21182e-09   4.7657e-09   -1.92864e-11   8.82441e-12   -2.11334e-11   -7.3429e-13   -4.20005e-10   8.22718e-08   -1.14887e-09   -3.65826e-09   -2.82424e-12   3.15039e-11   1.41683e-11   -6.67164e-11   -1.1236e-10   -4.29702e-08   -8.41487e-10   -4.60902e-09
1.5   1.20981e-11   -1.41671e-11   6.31702e-11   1.59266e-12   1.98834e-09   1.82691e-09   -5.66928e-08   3.88897e-09   2.8575e-12   -3.15178e-11   1.98214e-12   -2.70807e-11   -1.18349e-09   -1.14887e-09   1.26945e-07   -2.29183e-09   -1.47168e-11   3.85939e-11   -6.43161e-11   2.97494e-11   -1.32133e-09   -5.24869e-10   -6.87948e-08   -1.89038e-09
1.5   4.43513e-11   -6.5933e-11   -4.30591e-12   1.16418e-10   7.94689e-10   4.38269e-09   3.72032e-09   -7.80588e-08   -1.23635e-11   -3.57579e-12   -9.04577e-12   -7.09708e-13   -6.18409e-10   -3.65826e-09   -2.29183e-09   1.78307e-07   -2.85803e-11   4.67589e-11   5.07917e-12   -8.45706e-11   -5.43919e-11   -4.30112e-09   -1.78415e-09   -9.4311e-08
1.5   -5.12872e-09   1.61531e-09   9.15707e-09   -3.87614e-10   -7.29682e-10   6.65337e-10   6.56132e-10   -8.52093e-11   -1.85882e-08   8.71314e-10   -4.56997e-10   1.67972e-09   8.03141e-11   -2.82424e-12   -1.47168e-11   -2.85803e-11   2.41201e-08   -2.30287e-09   -9.40088e-09   -1.40721e-09   5.83658e-10   -5.25363e-10   -5.30542e-10   -6.69747e-11
1.5   1.61898e-09   -1.70986e-08   3.20679e-09   2.33981e-08   5.94925e-10   1.28611e-10   -1.95563e-10   6.4343e-10   6.47825e-10   -4.35192e-08   2.00793e-09   -3.49182e-09   -3.56617e-11   3.15039e-11   3.85939e-11   4.67589e-11   -2.30287e-09   6.33675e-08   -4.83418e-09   -2.39653e-08   -5.11948e-10   -2.03641e-10   9.25523e-11   -5.92274e-10
1.5   1.07095e-08   3.9201e-09   -2.24113e-08   1.0632e-08   7.80578e-10   -2.15457e-10   1.09539e-09   -1.07519e-09   -1.86067e-09   9.86859e-10   -7.1811e-08   6.73639e-10   -7.75814e-11   1.41683e-11   -6.43161e-11   5.07917e-12   -9.40088e-09   -4.83418e-09   9.52556e-08   -1.10984e-08   -6.77932e-10   2.71244e-10   -9.97062e-10   9.17798e-10
1.5   6.67799e-10   2.5206e-08   1.08437e-08   -3.68537e-08   -8.82231e-11   7.17435e-10   -1.01135e-09   1.36379e-09   7.71243e-10   -4.957e-09   3.66625e-10   -9.68232e-08   -5.49254e-12   -6.67164e-11   2.97494e-11   -8.45706e-11   -1.40721e-09   -2.39653e-08   -1.10984e-08   1.39163e-07   1.10934e-10   -6.67667e-10   9.04721e-10   -1.17685e-09
1.5   -7.08283e-10   5.76725e-10   8.01542e-10   -4.51651e-10   -7.35954e-09   2.69388e-09   9.43577e-09   2.19471e-09   5.14435e-11   9.86119e-11   7.44407e-12   1.14061e-10   -1.82563e-08   -1.1236e-10   -1.32133e-09   -5.43919e-11   5.83658e-10   -5.11948e-10   -6.77932e-10   1.10934e-10   2.59059e-08   -2.4298e-09   -8.73073e-09   -2.17508e-09
1.5   5.19062e-10   -5.83496e-11   -6.02527e-10   4.6174e-10   2.64268e-09   -2.13453e-08   6.92514e-09   2.17242e-08   6.05892e-11   2.01857e-10   2.47814e-10   3.32753e-10   -2.4847e-10   -4.29702e-08   -5.24869e-10   -4.30112e-09   -5.25363e-10   -2.03641e-10   2.71244e-10   -6.67667e-10   -2.4298e-09   6.67146e-08   -5.97167e-09   -2.12012e-08
1.5   4.30547e-10   2.87891e-11   7.38779e-10   -1.0898e-09   9.89792e-09   6.98509e-09   -3.27357e-08   1.36338e-08   1.1119e-10   -4.54936e-12   3.13295e-10   -3.10044e-11   -1.6267e-09   -8.41487e-10   -6.87948e-08   -1.78415e-09   -5.30542e-10   9.25523e-11   -9.97062e-10   9.04721e-10   -8.73073e-09   -5.97167e-09   1.02133e-07   -1.16784e-08
1.5   1.30274e-10   3.44323e-10   -1.04124e-09   9.64607e-10   2.58817e-09   2.23505e-08   1.37208e-08   -4.70966e-08   -3.00192e-11   2.06426e-10   2.3628e-11   3.50218e-10   -3.51434e-10   -4.60902e-09   -1.89038e-09   -9.4311e-08   -6.69747e-11   -5.92274e-10   9.17798e-10   -1.17685e-09   -2.17508e-09   -2.12012e-08   -1.16784e-08   1.4618e-07
3.15   2.08417e-09   -2.28579e-10   -2.09613e-09   -7.74625e-11   6.85578e-11   -4.70151e-11   -4.61217e-11   3.68992e-11   -1.21726e-09   8.36598e-11   6.72156e-10   2.08027e-10   1.08393e-14   -1.21495e-11   -8.75374e-11   1.081e-10   -7.88931e-10   8.65356e-11   1.10434e-09   1.84777e-10   -3.42309e-11   1.29251e-11   -1.15489e-10   1.52493e-10
3.15   -2.28579e-10   5.3562e-09   -5.3271e-10   -5.1391e-09   -4.89564e-11   1.13506e-10   5.50294e-11   -9.773e-11   8.86192e-11   -2.93703e-09   4.91319e-10   1.60285e-09   -1.62397e-11   1.74574e-11   1.6516e-10   -1.92606e-10   7.25912e-11   -2.04463e-09   5.07696e-10   2.578e-09   6.32193e-12   -4.20947e-11   2.33077e-10   -2.62464e-10
3.15   -2.09613e-09   -5.3271e-10   6.38179e-09   -2.01302e-09   -5.3879e-11   2.68557e-11   8.58841e-11   -6.31951e-11   8.16384e-10   3.67895e-10   -3.91327e-09   7.88063e-10   -1.69032e-12   1.59658e-11   9.18466e-11   -1.07864e-10   1.18059e-09   2.44497e-10   -2.06768e-09   8.21447e-10   2.01069e-11   4.13531e-12   8.35076e-11   -1.38831e-10
3.15   -7.74625e-11   -5.1391e-09   -2.01302e-09   1.04821e-08   3.09489e-11   -9.22589e-11   -8.81029e-11   1.42911e-10   1.36545e-10   1.83319e-09   7.09545e-10   -5.74366e-09   2.17795e-11   -1.77351e-11   -1.71048e-10   2.11721e-10   2.19593e-11   2.82911e-09   7.39546e-10   -3.55925e-09   9.74497e-12   1.5545e-11   -2.28182e-10   2.40371e-10
3.15   6.85578e-11   -4.89564e-11   -5.3879e-11   3.09489e-11   2.85568e-09   -3.38925e-10   -1.58188e-09   -4.56493e-10   1.15342e-11   -1.57029e-11   -7.354e-11   1.16388e-10   -1.60051e-09   8.27827e-11   2.71529e-10   2.79242e-10   -4.30472e-11   1.52262e-11   -1.38947e-10   1.70675e-10   -1.15691e-09   1.97896e-10   9.67982e-10   4.94107e-10
3.15   -4.70151e-11   1.13506e-10   2.68557e-11   -9.22589e-11   -3.38925e-10   7.12749e-09   -1.04908e-09   -3.91699e-09   -1.88026e-11   4.39034e-11   1.76682e-10   -1.57025e-10   8.36849e-11   -3.93733e-09   5.18309e-10   6.38381e-10   6.51166e-12   -6.73529e-11   2.52926e-10   -3.06723e-10   1.8704e-10   -2.75401e-09   9.79978e-10   2.27618e-09
3.15   -4.61217e-11   5.50294e-11   8.58841e-11   -8.81029e-11   -1.58188e-09   -1.04908e-09   1.02868e-08   -2.43103e-09   -7.02917e-12   3.60897e-11   1.93818e-10   -1.69851e-10   3.73095e-10   3.98187e-10   -5.99466e-09   4.92465e-10   -4.86789e-12   -1.13606e-11   1.65759e-10   -2.71859e-10   1.07803e-09   7.5346e-10   -3.63199e-09   1.2934e-09
3.15   3.68992e-11   -9.773e-11   -6.31951e-11   1.42911e-10   -4.56493e-10   -3.91699e-09   -2.43103e-09   1.48412e-08   3.21472e-11   -1.33025e-11   -2.16478e-10   3.08027e-10   2.0538e-10   8.30934e-10   4.55876e-10   -8.23693e-09   1.00229e-11   -6.44644e-12   -3.41041e-10   3.07059e-10   3.44388e-10   2.54349e-09   1.25348e-09   -5.13227e-09
3.15   -1.21726e-09   8.86192e-11   8.16384e-10   1.36545e-10   1.15342e-11   -1.88026e-11   -7.02917e-12   3.21472e-11   3.3208e-09   -1.74244e-10   -6.70532e-10   -2.03065e-10   7.26994e-12   -5.28566e-12   -4.11832e-11   5.15481e-11   -2.04007e-09   5.87727e-11   -3.21074e-10   2.16023e-10   -3.26222e-12   1.59278e-12   -7.06734e-11   6.11441e-11
3.15   8.36598e-11   -2.93703e-09   3.67895e-10   1.83319e-09   -1.57029e-11   4.39034e-11   3.60897e-11   -1.33025e-11   -1.74244e-10   8.45678e-09   -4.58812e-10   -1.71931e-09   -5.86512e-12   1.33127e-11   6.76373e-11   -7.3581e-11   5.99389e-11   -5.16091e-09   2.86993e-10   -7.44578e-10   -2.00265e-12   -2.27736e-11   7.90027e-11   -1.3214e-10
3.15   6.72156e-10   4.91319e-10   -3.91327e-09   7.09545e-10   -7.354e-11   1.76682e-10   1.93818e-10   -2.16478e-10   -6.70532e-10   -4.58812e-10   1.32929e-08   -1.53037e-09   -3.82334e-11   5.34855e-11   3.72474e-10   -4.32241e-10   -1.90206e-10   1.81077e-10   -8.15932e-09   -4.75197e-10   -1.98395e-11   -3.90804e-11   4.60208e-10   -5.89457e-10
3.15   2.08027e-10   1.60285e-09   7.88063e-10   -5.74366e-09   1.16388e-10   -1.57025e-10   -1.69851e-10   3.08027e-10   -2.03065e-10   -1.71931e-09   -1.53037e-09   1.87764e-08   4.14096e-11   -5.84951e-11   -4.16527e-10   4.98872e-10   1.60458e-10   -5.05625e-10   -4.78211e-10   -1.09134e-08   -7.55863e-12   -6.38622e-13   -5.75804e-10   6.009e-10
3.15   1.08393e-14   -1.62397e-11   -1.69032e-12   2.17795e-11   -1.60051e-09   8.36849e-11   3.73095e-10   2.0538e-10   7.26994e-12   -5.86512e-12   -3.82334e-11   4.14096e-11   3.5631e-09   -6.86677e-11   -2.27769e-10   -5.74333e-11   5.15995e-12   3.62595e-12   -5.86972e-11   5.69447e-11   -1.90853e-09   -4.05682e-11   -2.97397e-10   -1.23543e-11
3.15   -1.21495e-11   1.74574e-11   1.59658e-11   -1.77351e-11   8.27827e-11   -3.93733e-09   3.98187e-10   8.30934e-10   -5.28566e-12   1.33127e-11   5.34855e-11   -5.84951e-11   -6.86677e-11   9.22962e-09   -1.45318e-10   -6.33625e-10   -7.88819e-13   -4.95591e-12   7.25546e-11   -9.39781e-11   -3.98747e-11   -4.9658e-09   -8.60329e-11   -7.58257e-10
3.15   -8.75374e-11   1.6516e-10   9.18466e-11   -1.71048e-10   2.71529e-10   5.18309e-10   -5.99466e-09   4.55876e-10   -4.11832e-11   6.76373e-11   3.72474e-10   -4.16527e-10   -2.27769e-10   -1.45318e-10   1.48832e-08   -8.15576e-10   2.84185e-13   -4.76581e-11   5.34064e-10   -6.17578e-10   -2.26684e-10   -1.62635e-10   -7.72412e-09   -8.8205e-10
3.15   1.081e-10   -1.92606e-10   -1.07864e-10   2.11721e-10   2.79242e-10   6.38381e-10   4.92465e-10   -8.23693e-09   5.15481e-11   -7.3581e-11   -4.32241e-10   4.98872e-10   -5.74333e-11   -6.33625e-10   -8.15576e-10   2.09147e-08   -7.75343e-12   4.76292e-11   -6.37137e-10   7.12535e-10   -5.38741e-11   -6.16632e-10   -8.90767e-10   -1.05878e-08
3.15   -7.88931e-10   7.25912e-11   1.18059e-09   2.19593e-11   -4.30472e-11   6.51166e-12   -4.86789e-12   1.00229e-11   -2.04007e-09   5.99389e-11   -1.90206e-10   1.60458e-10   5.15995e-12   -7.88819e-13   2.84185e-13   -7.75343e-12   2.84457e-09   -1.3906e-10   -1.0275e-09   -1.7102e-10   3.43764e-11   -3.67692e-12   1.51535e-11   -1.291e-11
3.15   8.65356e-11   -2.04463e-09   2.44497e-10   2.82911e-09   1.52262e-11   -6.73529e-11   -1.13606e-11   -6.44644e-12   5.87727e-11   -5.16091e-09   1.81077e-10   -5.05625e-10   3.62595e-12   -4.95591e-12   -4.76581e-11   4.76292e-11   -1.3906e-10   7.42587e-09   -5.08289e-10   -2.55713e-09   -2.8566e-12   4.59255e-11   -6.29282e-11   1.08028e-10
3.15   1.10434e-09   5.07696e-10   -2.06768e-09   7.39546e-10   -1.38947e-10   2.52926e-10   1.65759e-10   -3.41041e-10   -3.21074e-10   2.86993e-10   -8.15932e-09   -4.78211e-10   -5.86972e-11   7.25546e-11   5.34064e-10   -6.37137e-10   -1.0275e-09   -5.08289e-10   1.18054e-08   -2.05299e-09   6.34175e-12   -4.62588e-11   7.85031e-10   -8.23994e-10
3.15   1.84777e-10   2.578e-09   8.21447e-10   -3.55925e-09   1.70675e-10   -3.06723e-10   -2.71859e-10   3.07059e-10   2.16023e-10   -7.44578e-10   -4.75197e-10   -1.09134e-08   5.69447e-11   -9.39781e-11   -6.17578e-10   7.12535e-10   -1.7102e-10   -2.55713e-09   -2.05299e-09   1.71118e-08   -7.84199e-12   8.52523e-11   -8.08915e-10   1.02596e-09
3.15   -3.42309e-11   6.32193e-12   2.01069e-11   9.74497e-12   -1.15691e-09   1.8704e-10   1.07803e-09   3.44388e-10   -3.26222e-12   -2.00265e-12   -1.98395e-11   -7.55863e-12   -1.90853e-09   -3.98747e-11   -2.26684e-10   -5.38741e-11   3.43764e-11   -2.8566e-12   6.34175e-12   -7.84199e-12   3.06994e-09   -1.5531e-10   -8.88072e-10   -2.67036e-10
3.15   1.29251e-11   -4.20947e-11   4.13531e-12   1.5545e-11   1.97896e-10   -2.75401e-09   7.5346e-10   2.54349e-09   1.59278e-12   -2.27736e-11   -3.90804e-11   -6.38622e-13   -4.05682e-11   -4.9658e-09   -1.62635e-10   -6.16632e-10   -3.67692e-12   4.59255e-11   -4.62588e-11   8.52523e-11   -1.5531e-10   7.9097e-09   -6.26118e-10   -2.18538e-09
3.15   -1.15489e-10   2.33077e-10   8.35076e-11   -2.28182e-10   9.67982e-10   9.79978e-10   -3.63199e-09   1.25348e-09   -7.06734e-11   7.90027e-11   4.60208e-10   -5.75804e-10   -2.97397e-10   -8.60329e-11   -7.72412e-09   -8.90767e-10   1.51535e-11   -6.29282e-11   7.85031e-10   -8.08915e-10   -8.88072e-10   -6.26118e-10   1.27225e-08   -1.95943e-09
3.15   1.52493e-10   -2.62464e-10   -1.38831e-10   2.40371e-10   4.94107e-10   2.27618e-09   1.2934e-09   -5.13227e-09   6.11441e-11   -1.3214e-10   -5.89457e-10   6.009e-10   -1.23543e-11   -7.58257e-10   -8.8205e-10   -1.05878e-08   -1.291e-11   1.08028e-10   -8.23994e-10   1.02596e-09   -2.67036e-10   -2.18538e-09   -1.95943e-09   1.80861e-08
5.15   2.51526e-09   -2.37256e-10   -2.48771e-09   -1.86741e-10   -4.86616e-11   5.83455e-11   -1.92545e-12   1.17856e-11   -1.43783e-09   1.3108e-10   9.49652e-10   7.70528e-11   8.66822e-12   -4.52109e-12   -2.29794e-11   -3.91003e-11   -1.01108e-09   1.28143e-10   1.40378e-09   2.77919e-11   4.4251e-11   -2.65865e-11   -2.19489e-11   -5.85484e-11
5.15   -2.37256e-10   6.69452e-09   -7.98641e-10   -6.32215e-09   6.35161e-11   -8.9608e-12   4.15311e-11   -2.32502e-11   1.45102e-10   -3.53875e-09   3.20755e-10   2.17789e-09   -9.87541e-12   -4.78036e-12   -8.07223e-11   -6.8494e-11   1.31285e-10   -2.5983e-09   2.96518e-10   3.21293e-09   -4.05997e-11   5.15453e-12   -1.38946e-10   -9.12077e-11
5.15   -2.48771e-09   -7.98641e-10   8.05435e-09   -2.54721e-09   3.20214e-11   2.90497e-11   -1.99978e-11   8.56033e-11   1.01511e-09   3.91526e-10   -4.84732e-09   1.11881e-09   -4.87107e-12   -9.65534e-12   2.18481e-11   8.98088e-12   1.38749e-09   4.05785e-10   -2.98614e-09   1.39739e-09   -2.97685e-11   -3.47503e-11   3.14279e-11   -3.33018e-11
5.15   -1.86741e-10   -6.32215e-09   -2.54721e-09   1.32316e-08   -9.07939e-12   -3.36144e-12   7.16536e-11   5.84054e-12   9.28567e-11   2.29182e-09   1.16243e-09   -7.15418e-09   2.30567e-12   2.51381e-11   5.72177e-11   5.05378e-11   5.39312e-11   3.3257e-09   1.48768e-09   -4.86456e-09   2.56085e-12   2.96328e-11   5.10924e-11   7.4161e-11
5.15   -4.86616e-11   6.35161e-11   3.20214e-11   -9.07939e-12   3.57303e-09   -3.93697e-10   -1.64712e-09   -7.44336e-10   5.51241e-12   1.95707e-11   -3.25508e-11   -1.02699e-11   -1.93933e-09   1.54808e-10   4.18034e-10   1.85318e-10   4.87636e-11   -4.83071e-11   -6.55275e-11   -9.84165e-11   -1.53956e-09   2.8306e-10   1.07267e-09   4.0937e-10
5.15   5.83455e-11   -8.9608e-12   2.90497e-11   -3.36144e-12   -3.93697e-10   9.16253e-09   -1.54542e-09   -4.35873e-09   1.87127e-11   2.51109e-11   -2.39561e-11   -3.86551e-11   1.59003e-10   -4.81569e-09   4.11157e-10   8.61295e-10   -5.98385e-11   -2.01136e-11   -2.22202e-10   -1.87784e-10   2.81438e-10   -3.67791e-09   8.91471e-10   2.44884e-09
5.15   -1.92545e-12   4.15311e-11   -1.99978e-11   7.16536e-11   -1.64712e-09   -1.54542e-09   1.33239e-08   -2.98015e-09   1.0666e-11   3.88186e-11   7.25842e-11   1.10934e-10   4.56265e-10   4.95579e-10   -7.56603e-09   9.77559e-10   -1.48281e-11   -9.38678e-11   5.40012e-12   -9.72311e-11   1.09797e-09   1.0038e-09   -5.41034e-09   2.01267e-09
5.15   1.17856e-11   -2.32502e-11   8.56033e-11   5.84054e-12   -7.44336e-10   -4.35873e-09   -2.98015e-09   1.91558e-08   2.16291e-11   6.39352e-11   1.33773e-10   1.08113e-10   2.2857e-10   9.80203e-10   1.00988e-09   -1.03394e-08   -3.46457e-11   2.67747e-11   -1.72185e-11   2.15383e-11   4.57623e-10   2.60439e-09   2.07395e-09   -7.36573e-09
5.15   -1.43783e-09   1.45102e-10   1.01511e-09   9.28567e-11   5.51241e-12   1.87127e-11   1.0666e-11   2.16291e-11   3.9969e-09   -1.38548e-10   -6.95713e-10   -2.73824e-10   -2.87691e-14   4.14373e-12   -1.76873e-11   -1.97804e-11   -2.49453e-09   4.76181e-11   -4.24121e-10   5.93322e-11   -1.57872e-12   -1.78886e-11   -4.32662e-11   -6.20301e-11
5.15   1.3108e-10   -3.53875e-09   3.91526e-10   2.29182e-09   1.95707e-11   2.51109e-11   3.88186e-11   6.39352e-11   -1.38548e-10   1.05541e-08   -5.68563e-10   -1.9786e-09   3.14028e-12   -1.83478e-11   -5.34606e-11   -3.67614e-11   5.34733e-11   -6.42187e-09   2.169e-11   -1.21172e-09   -2.06117e-11   -6.15555e-11   -1.42319e-10   -1.30688e-10
5.15   9.49652e-10   3.20755e-10   -4.84732e-09   1.16243e-09   -3.25508e-11   -2.39561e-11   7.25842e-11   1.33773e-10   -6.95713e-10   -5.68563e-10   1.60241e-08   -9.75983e-10   -5.84885e-12   -3.06034e-11   7.94606e-11   1.37403e-10   -3.44368e-10   1.24771e-10   -1.07503e-08   1.74462e-10   4.69489e-12   -5.7189e-11   6.06809e-11   9.3364e-11
5.15   7.70528e-11   2.17789e-09   1.11881e-09   -7.15418e-09   -1.02699e-11   -3.86551e-11   1.10934e-10   1.08113e-10   -2.73824e-10   -1.9786e-09   -9.75983e-10   2.31348e-08   -6.09661e-12   2.96844e-12   1.41907e-10   1.67608e-10   1.13197e-10   -1.04316e-09   2.03925e-10   -1.42744e-08   -1.24532e-11   9.63367e-12   1.21234e-10   1.60135e-10
5.15   8.66822e-12   -9.87541e-12   -4.87107e-12   2.30567e-12   -1.93933e-09   1.59003e-10   4.56265e-10   2.2857e-10   -2.87691e-14   3.14028e-12   -5.84885e-12   -6.09661e-12   4.27264e-09   -5.50862e-11   -2.20458e-10   -1.42133e-10   -7.28923e-12   -5.72236e-13   -2.0884e-11   -2.13257e-11   -2.28184e-09   -6.40873e-11   -3.20946e-10   -1.60686e-10
5.15   -4.52109e-12   -4.78036e-12   -9.65534e-12   2.51381e-11   1.54808e-10   -4.81569e-09   4.95579e-10   9.80203e-10   4.14373e-12   -1.83478e-11   -3.06034e-11   2.96844e-12   -5.50862e-11   1.13893e-08   -2.69514e-10   -7.71484e-10   -4.62466e-12   -5.39437e-11   -7.5896e-11   -6.09365e-11   -6.07908e-11   -6.04102e-09   -3.27673e-10   -1.0129e-09
5.15   -2.29794e-11   -8.07223e-11   2.18481e-11   5.72177e-11   4.18034e-10   4.11157e-10   -7.56603e-09   1.00988e-09   -1.76873e-11   -5.34606e-11   7.94606e-11   1.41907e-10   -2.20458e-10   -2.69514e-10   1.78162e-08   -2.81582e-10   1.64745e-12   -5.30763e-12   1.38556e-10   2.27156e-10   -2.91259e-10   -2.68797e-10   -9.83878e-09   -3.13738e-10
5.15   -3.91003e-11   -6.8494e-11   8.98088e-12   5.05378e-11   1.85318e-10   8.61295e-10   9.77559e-10   -1.03394e-08   -1.97804e-11   -3.67614e-11   1.37403e-10   1.67608e-10   -1.42133e-10   -7.71484e-10   -2.81582e-10   2.54703e-08   1.99875e-11   3.95862e-11   2.66223e-10   3.07308e-10   -1.2785e-10   -9.31177e-10   -2.96919e-10   -1.34418e-08
5.15   -1.01108e-09   1.31285e-10   1.38749e-09   5.39312e-11   4.87636e-11   -5.98385e-11   -1.48281e-11   -3.46457e-11   -2.49453e-09   5.34733e-11   -3.44368e-10   1.13197e-10   -7.28923e-12   -4.62466e-12   1.64745e-12   1.99875e-11   3.51721e-09   -1.45898e-10   -1.09248e-09   -2.09942e-10   -4.40572e-11   2.46053e-11   5.60196e-12   5.6456e-11
5.15   1.28143e-10   -2.5983e-09   4.05785e-10   3.3257e-09   -4.83071e-11   -2.01136e-11   -9.38678e-11   2.67747e-11   4.76181e-11   -6.42187e-09   1.24771e-10   -1.04316e-09   -5.72236e-13   -5.39437e-11   -5.30763e-12   3.95862e-11   -1.45898e-10   9.43542e-09   -5.48568e-10   -2.96402e-09   2.60409e-11   -7.00963e-11   5.78016e-11   6.33508e-11
5.15   1.40378e-09   2.96518e-10   -2.98614e-09   1.48768e-09   -6.55275e-11   -2.22202e-10   5.40012e-12   -1.72185e-11   -4.24121e-10   2.169e-11   -1.07503e-08   2.03925e-10   -2.0884e-11   -7.5896e-11   1.38556e-10   2.66223e-10   -1.09248e-09   -5.48568e-10   1.41723e-08   -9.46868e-10   1.74866e-11   4.58956e-11   2.61561e-10   4.86757e-10
5.15   2.77919e-11   3.21293e-09   1.39739e-09   -4.86456e-09   -9.84165e-11   -1.87784e-10   -9.72311e-11   2.15383e-11   5.93322e-11   -1.21172e-09   1.74462e-10   -1.42744e-08   -2.13257e-11   -6.09365e-11   2.27156e-10   3.07308e-10   -2.09942e-10   -2.96402e-09   -9.46868e-10   2.10082e-08   4.78145e-11   6.3228e-11   4.74833e-10   5.49623e-10
5.15   4.4251e-11   -4.05997e-11   -2.97685e-11   2.56085e-12   -1.53956e-09   2.81438e-10   1.09797e-09   4.57623e-10   -1.57872e-12   -2.06117e-11   4.69489e-12   -1.24532e-11   -2.28184e-09   -6.07908e-11   -2.91259e-10   -1.2785e-10   -4.40572e-11   2.60409e-11   1.74866e-11   4.78145e-11   3.81798e-09   -1.88968e-10   -8.52686e-10   -3.53601e-10
5.15   -2.65865e-11   5.15453e-12   -3.47503e-11   2.96328e-11   2.8306e-10   -3.67791e-09   1.0038e-09   2.60439e-09   -1.78886e-11   -6.15555e-11   -5.7189e-11   9.63367e-12   -6.40873e-11   -6.04102e-09   -2.68797e-10   -9.31177e-10   2.46053e-11   -7.00963e-11   4.58956e-11   6.3228e-11   -1.88968e-10   1.00814e-08   -7.47912e-10   -2.32883e-09
5.15   -2.19489e-11   -1.38946e-10   3.14279e-11   5.10924e-11   1.07267e-09   8.91471e-10   -5.41034e-09   2.07395e-09   -4.32662e-11   -1.42319e-10   6.06809e-11   1.21234e-10   -3.20946e-10   -3.27673e-10   -9.83878e-09   -2.96919e-10   5.60196e-12   5.78016e-11   2.61561e-10   4.74833e-10   -8.52686e-10   -7.47912e-10   1.55703e-08   -1.12672e-09
5.15   -5.85484e-11   -9.12077e-11   -3.33018e-11   7.4161e-11   4.0937e-10   2.44884e-09   2.01267e-09   -7.36573e-09   -6.20301e-11   -1.30688e-10   9.3364e-11   1.60135e-10   -1.60686e-10   -1.0129e-09   -3.13738e-10   -1.34418e-08   5.6456e-11   6.33508e-11   4.86757e-10   5.49623e-10   -3.53601e-10   -2.32883e-09   -1.12672e-09   2.24501e-08
7.34   4.42924e-09   -4.22513e-10   -5.07848e-09   2.04607e-10   -4.37897e-10   2.52894e-10   9.93164e-11   8.86877e-11   -2.77066e-09   3.6023e-10   1.96291e-09   -1.07071e-10   1.44475e-10   3.04251e-11   -1.63807e-10   -2.19277e-10   -1.45865e-09   2.28771e-10   2.62309e-09   -5.4891e-10   3.86144e-10   -7.34128e-11   -2.64946e-10   -3.80402e-10
7.34   -4.22513e-10   1.27503e-08   -7.31931e-10   -1.35985e-08   3.54787e-10   8.6582e-11   6.13581e-11   -3.15459e-10   6.03534e-10   -6.37968e-09   -6.81585e-11   4.27532e-09   1.68951e-10   3.77291e-10   -6.94052e-10   -8.10651e-10   4.31003e-10   -4.4652e-09   -1.04735e-09   5.4645e-09   4.48106e-11   3.63095e-10   -1.23167e-09   -1.283e-09
7.34   -5.07848e-09   -7.31931e-10   1.39396e-08   -4.78443e-09   3.78846e-10   5.44856e-11   -4.04413e-10   2.1705e-10   2.14724e-09   3.99597e-10   -8.92861e-09   2.19176e-09   -1.18223e-10   -7.61882e-11   1.93717e-10   9.45632e-11   2.70677e-09   2.71972e-10   -4.46103e-09   2.72381e-09   -3.30664e-10   -1.28014e-10   4.38005e-10   5.8596e-11
7.34   2.04607e-10   -1.35985e-08   -4.78443e-09   2.50753e-08   -1.44762e-10   -2.37996e-10   3.15604e-10   3.68506e-11   -3.34193e-10   4.56852e-09   2.65332e-09   -1.33593e-08   -2.06427e-10   -2.98151e-10   5.88347e-10   7.93955e-10   -4.59317e-10   6.83715e-09   3.80629e-09   -7.40567e-09   -1.84856e-10   -1.83615e-10   9.27096e-10   1.40711e-09
7.34   -4.37897e-10   3.54787e-10   3.78846e-10   -1.44762e-10   8.02055e-09   -6.588e-10   -4.93933e-09   -1.77652e-09   1.34168e-10   3.17526e-10   -5.34105e-10   -3.1309e-10   -4.48843e-09   5.52314e-10   1.03867e-09   2.76567e-11   5.98431e-10   -9.12879e-11   -8.33208e-10   -1.00993e-09   -3.03449e-09   7.01534e-10   2.68028e-09   2.20105e-10
7.34   2.52894e-10   8.6582e-11   5.44856e-11   -2.37996e-10   -6.588e-10   1.95686e-08   -3.56128e-09   -1.20745e-08   5.34073e-10   7.59442e-10   -7.45286e-10   -1.19795e-09   7.2647e-10   -9.7225e-09   7.05178e-11   1.44864e-09   1.32486e-10   5.252e-10   -2.30727e-09   -2.48633e-09   9.19969e-10   -6.96379e-09   4.36238e-10   4.80758e-09
7.34   9.93164e-11   6.13581e-11   -4.04413e-10   3.15604e-10   -4.93933e-09   -3.56128e-09   2.66674e-08   -6.94803e-09   -1.58035e-10   -9.34888e-11   2.98928e-10   4.9783e-10   1.34615e-09   9.63803e-10   -1.56019e-08   2.60344e-09   -2.01764e-10   -3.73345e-10   8.81356e-10   2.59336e-10   3.12096e-09   2.12826e-09   -9.69509e-09   5.22915e-09
7.34   8.86877e-11   -3.15459e-10   2.1705e-10   3.68506e-11   -1.77652e-09   -1.20745e-08   -6.94803e-09   3.9006e-08   -2.22876e-10   -4.39468e-10   7.70512e-10   6.17864e-10   3.01134e-10   2.54253e-09   2.92184e-09   -2.10346e-08   -4.34055e-10   3.16883e-11   1.02098e-09   1.7127e-09   7.80716e-10   6.92143e-09   5.80824e-09   -1.27641e-08
7.34   -2.77066e-09   6.03534e-10   2.14724e-09   -3.34193e-10   1.34168e-10   5.34073e-10   -1.58035e-10   -2.22876e-10   9.89936e-09   -2.66414e-11   -2.51849e-09   -1.51287e-09   1.80201e-10   3.37081e-10   -6.32438e-10   -8.41345e-10   -6.40699e-09   4.85783e-10   -1.52668e-09   -7.47545e-10   2.50793e-10   8.84032e-11   -9.63346e-10   -1.38195e-09
7.34   3.6023e-10   -6.37968e-09   3.99597e-10   4.56852e-09   3.17526e-10   7.59442e-10   -9.34888e-11   -4.39468e-10   -2.66414e-11   2.355e-08   -2.44855e-09   -6.44162e-09   3.60777e-10   4.90387e-10   -1.10102e-09   -1.42432e-09   7.11585e-10   -1.42155e-08   -1.08417e-09   -4.08587e-09   2.68909e-10   2.0156e-10   -1.92032e-09   -2.23649e-09
7.34   1.96291e-09   -6.81585e-11   -8.92861e-09   2.65332e-09   -5.34105e-10   -7.45286e-10   2.98928e-10   7.70512e-10   -2.51849e-09   -2.44855e-09   3.47289e-08   -2.12011e-09   -3.52355e-10   -6.41972e-10   9.51734e-10   1.35947e-09   -5.77062e-10   7.92323e-10   -2.22882e-08   3.67908e-09   -1.09665e-10   -3.04568e-10   1.76239e-09   2.12499e-09
7.34   -1.07071e-10   4.27532e-09   2.19176e-09   -1.33593e-08   -3.1309e-10   -1.19795e-09   4.9783e-10   6.17864e-10   -1.51287e-09   -6.44162e-09   -2.12011e-09   5.03461e-08   -4.85819e-10   -7.07103e-10   1.32164e-09   1.68573e-09   2.71395e-10   -1.61228e-09   3.87164e-09   -2.87487e-08   -4.20177e-10   1.93789e-11   2.22377e-09   3.00848e-09
7.34   1.44475e-10   1.68951e-10   -1.18223e-10   -2.06427e-10   -4.48843e-09   7.2647e-10   1.34615e-09   3.01134e-10   1.80201e-10   3.60777e-10   -3.52355e-10   -4.85819e-10   1.09519e-08   6.17932e-11   -1.15705e-09   -9.83847e-10   9.43491e-11   1.36333e-10   -8.06244e-10   -1.03465e-09   -5.92348e-09   -2.84047e-12   -1.58235e-09   -1.17342e-09
7.34   3.04251e-11   3.77291e-10   -7.61882e-11   -2.98151e-10   5.52314e-10   -9.7225e-09   9.63803e-10   2.54253e-09   3.37081e-10   4.90387e-10   -6.41972e-10   -7.07103e-10   6.17932e-11   2.57891e-08   -1.39004e-09   -3.06263e-09   2.70142e-10   3.34951e-11   -1.42848e-09   -1.69154e-09   1.25978e-10   -1.37667e-08   -1.69568e-09   -3.92788e-09
7.34   -1.63807e-10   -6.94052e-10   1.93717e-10   5.88347e-10   1.03867e-09   7.05178e-11   -1.56019e-08   2.92184e-09   -6.32438e-10   -1.10102e-09   9.51734e-10   1.32164e-09   -1.15705e-09   -1.39004e-09   4.04173e-08   4.37219e-10   -3.56372e-10   -2.22919e-10   2.40538e-09   3.16259e-09   -1.15692e-09   -7.01402e-10   -2.08615e-08   1.71541e-09
7.34   -2.19277e-10   -8.10651e-10   9.45632e-11   7.93955e-10   2.76567e-11   1.44864e-09   2.60344e-09   -2.10346e-08   -8.41345e-10   -1.42432e-09   1.35947e-09   1.68573e-09   -9.83847e-10   -3.06263e-09   4.37219e-10   5.8159e-08   -4.59995e-10   -2.06978e-10   3.52293e-09   4.23729e-09   -6.74777e-10   -2.61326e-09   1.90261e-09   -2.77153e-08
7.34   -1.45865e-09   4.31003e-10   2.70677e-09   -4.59317e-10   5.98431e-10   1.32486e-10   -2.01764e-10   -4.34055e-10   -6.40699e-09   7.11585e-10   -5.77062e-10   2.71395e-10   9.43491e-11   2.70142e-10   -3.56372e-10   -4.59995e-10   8.34572e-09   -3.5004e-10   -3.48956e-09   -1.60138e-09   -2.5217e-10   1.99369e-10   -6.98974e-10   -6.93251e-10
7.34   2.28771e-10   -4.4652e-09   2.71972e-10   6.83715e-09   -9.12879e-11   5.252e-10   -3.73345e-10   3.16883e-11   4.85783e-10   -1.42155e-08   7.92323e-10   -1.61228e-09   1.36333e-10   3.34951e-11   -2.22919e-10   -2.06978e-10   -3.5004e-10   2.01821e-08   -1.91611e-09   -7.95741e-09   1.93664e-10   -4.08148e-10   -3.11071e-10   -6.37633e-10
7.34   2.62309e-09   -1.04735e-09   -4.46103e-09   3.80629e-09   -8.33208e-10   -2.30727e-09   8.81356e-10   1.02098e-09   -1.52668e-09   -1.08417e-09   -2.22882e-08   3.87164e-09   -8.06244e-10   -1.42848e-09   2.40538e-09   3.52293e-09   -3.48956e-09   -1.91611e-09   3.39873e-08   2.60536e-09   -6.46403e-10   -3.85025e-10   3.81361e-09   5.73787e-09
7.34   -5.4891e-10   5.4645e-09   2.72381e-09   -7.40567e-09   -1.00993e-09   -2.48633e-09   2.59336e-10   1.7127e-09   -7.47545e-10   -4.08587e-09   3.67908e-09   -2.87487e-08   -1.03465e-09   -1.69154e-09   3.16259e-09   4.23729e-09   -1.60138e-09   -7.95741e-09   2.60536e-09   5.11221e-08   -7.38107e-10   -6.03419e-10   5.53337e-09   6.64592e-09
7.34   3.86144e-10   4.48106e-11   -3.30664e-10   -1.84856e-10   -3.03449e-09   9.19969e-10   3.12096e-09   7.80716e-10   2.50793e-10   2.68909e-10   -1.09665e-10   -4.20177e-10   -5.92348e-09   1.25978e-10   -1.15692e-09   -6.74777e-10   -2.5217e-10   1.93664e-10   -6.46403e-10   -7.38107e-10   9.33086e-09   -3.702e-10   -3.11602e-09   -1.60665e-09
7.34   -7.34128e-11   3.63095e-10   -1.28014e-10   -1.83615e-10   7.01534e-10   -6.96379e-09   2.12826e-09   6.92143e-09   8.84032e-11   2.0156e-10   -3.04568e-10   1.93789e-11   -2.84047e-12   -1.37667e-08   -7.01402e-10   -2.61326e-09   1.99369e-10   -4.08148e-10   -3.85025e-10   -6.03419e-10   -3.702e-10   2.20023e-08   -2.16793e-09   -6.75682e-09
7.34   -2.64946e-10   -1.23167e-09   4.38005e-10   9.27096e-10   2.68028e-09   4.36238e-10   -9.69509e-09   5.80824e-09   -9.63346e-10   -1.92032e-09   1.76239e-09   2.22377e-09   -1.58235e-09   -1.69568e-09   -2.08615e-08   1.90261e-09   -6.98974e-10   -3.11071e-10   3.81361e-09   5.53337e-09   -3.11602e-09   -2.16793e-09   3.6545e-08   1.05408e-09
7.34   -3.80402e-10   -1.283e-09   5.8596e-11   1.40711e-09   2.20105e-10   4.80758e-09   5.22915e-09   -1.27641e-08   -1.38195e-09   -2.23649e-09   2.12499e-09   3.00848e-09   -1.17342e-09   -3.92788e-09   1.71541e-09   -2.77153e-08   -6.93251e-10   -6.37633e-10   5.73787e-09   6.64592e-09   -1.60665e-09   -6.75682e-09   1.05408e-09   5.363e-08
9.385   0   0   0   0   0   0   0   0   0   0   0   0   0   0   0   0   0   0   0   0   0   0   0   0
9.385   0   0   0   0   0   0   0   0   0   0   0   0   0   0   0   0   0   0   0   0   0   0   0   0
9.385   0   0   0   0   0   0   0   0   0   0   0   0   0   0   0   0   0   0   0   0   0   0   0   0
9.385   0   0   0   0   0   0   0   0   0   0   0   0   0   0   0   0   0   0   0   0   0   0   0   0
9.385   0   0   0   0   0   0   0   0   0   0   0   0   0   0   0   0   0   0   0   0   0   0   0   0
9.385   0   0   0   0   0   0   0   0   0   0   0   0   0   0   0   0   0   0   0   0   0   0   0   0
9.385   0   0   0   0   0   0   0   0   0   0   0   0   0   0   0   0   0   0   0   0   0   0   0   0
9.385   0   0   0   0   0   0   0   0   0   0   0   0   0   0   0   0   0   0   0   0   0   0   0   0
9.385   0   0   0   0   0   0   0   0   0   0   0   0   0   0   0   0   0   0   0   0   0   0   0   0
9.385   0   0   0   0   0   0   0   0   0   0   0   0   0   0   0   0   0   0   0   0   0   0   0   0
9.385   0   0   0   0   0   0   0   0   0   0   0   0   0   0   0   0   0   0   0   0   0   0   0   0
9.385   0   0   0   0   0   0   0   0   0   0   0   0   0   0   0   0   0   0   0   0   0   0   0   0
9.385   0   0   0   0   0   0   0   0   0   0   0   0   0   0   0   0   0   0   0   0   0   0   0   0
9.385   0   0   0   0   0   0   0   0   0   0   0   0   0   0   0   0   0   0   0   0   0   0   0   0
9.385   0   0   0   0   0   0   0   0   0   0   0   0   0   0   0   0   0   0   0   0   0   0   0   0
9.385   0   0   0   0   0   0   0   0   0   0   0   0   0   0   0   0   0   0   0   0   0   0   0   0
9.385   0   0   0   0   0   0   0   0   0   0   0   0   0   0   0   0   0   0   0   0   0   0   0   0
9.385   0   0   0   0   0   0   0   0   0   0   0   0   0   0   0   0   0   0   0   0   0   0   0   0
9.385   0   0   0   0   0   0   0   0   0   0   0   0   0   0   0   0   0   0   0   0   0   0   0   0
9.385   0   0   0   0   0   0   0   0   0   0   0   0   0   0   0   0   0   0   0   0   0   0   0   0
9.385   0   0   0   0   0   0   0   0   0   0   0   0   0   0   0   0   0   0   0   0   0   0   0   0
9.385   0   0   0   0   0   0   0   0   0   0   0   0   0   0   0   0   0   0   0   0   0   0   0   0
9.385   0   0   0   0   0   0   0   0   0   0   0   0   0   0   0   0   0   0   0   0   0   0   0   0
9.385   0   0   0   0   0   0   0   0   0   0   0   0   0   0   0   0   0   0   0   0   0   0   0   0
11.475   2.28111e-09   -1.37006e-09   -3.5605e-09   2.32608e-09   -2.3155e-09   2.86871e-09   3.37674e-09   -4.10366e-09   -1.41254e-08   8.62372e-09   2.20428e-08   -1.45941e-08   1.42651e-08   -1.70563e-08   -2.08109e-08   2.44945e-08   1.53654e-08   -9.4427e-09   -2.39775e-08   1.5962e-08   -1.54792e-08   1.82445e-08   2.25915e-08   -2.62503e-08
11.475   -1.37006e-09   1.41783e-08   2.74778e-09   -1.94308e-08   2.86884e-09   -7.30094e-09   -3.92703e-09   9.48682e-09   8.62372e-09   -8.71705e-08   -1.71956e-08   1.19471e-07   -1.70571e-08   4.6267e-08   2.35756e-08   -6.02428e-08   -9.4427e-09   9.45361e-08   1.87846e-08   -1.29571e-07   1.82453e-08   -5.08825e-08   -2.53342e-08   6.63157e-08
11.475   -3.5605e-09   2.74778e-09   8.03391e-09   -6.44492e-09   3.37678e-09   -3.92688e-09   -5.13525e-09   6.12368e-09   2.20428e-08   -1.71956e-08   -4.96753e-08   4.01655e-08   -2.08111e-08   2.35747e-08   3.19158e-08   -3.70699e-08   -2.39775e-08   1.87846e-08   5.40189e-08   -4.38192e-08   2.25917e-08   -2.53332e-08   -3.48167e-08   4.00255e-08
11.475   2.32608e-09   -1.94308e-08   -6.44492e-09   2.99386e-08   -4.10387e-09   9.48686e-09   6.12393e-09   -1.26023e-08   -1.45941e-08   1.19471e-07   4.01655e-08   -1.84158e-07   2.44957e-08   -6.0243e-08   -3.70714e-08   8.04572e-08   1.5962e-08   -1.29571e-07   -4.38192e-08   1.9978e-07   -2.62516e-08   6.63159e-08   4.00271e-08   -8.88169e-08
11.475   -2.3155e-09   2.86884e-09   3.37678e-09   -4.10387e-09   9.95369e-08   -5.96408e-08   -1.55368e-07   1.01305e-07   1.42648e-08   -1.70569e-08   -2.08108e-08   2.44954e-08   -5.43104e-07   3.25967e-07   8.47715e-07   -5.53496e-07   -1.54788e-08   1.82449e-08   2.25911e-08   -2.6251e-08   5.61275e-07   -3.37094e-07   -8.76071e-07   5.72318e-07
11.475   2.86871e-09   -7.30094e-09   -3.92688e-09   9.48686e-09   -5.96408e-08   6.19297e-07   1.19716e-07   -8.4871e-07   -1.70556e-08   4.62665e-08   2.35736e-08   -6.02422e-08   3.25966e-07   -3.37663e-06   -6.53912e-07   4.6275e-06   1.82434e-08   -5.08817e-08   -2.53314e-08   6.63146e-08   -3.37093e-07   3.4886e-06   6.76074e-07   -4.78096e-06
11.475   3.37674e-09   -3.92703e-09   -5.13525e-09   6.12393e-09   -1.55368e-07   1.19716e-07   3.50635e-07   -2.80965e-07   -2.08104e-08   2.35751e-08   3.19151e-08   -3.70707e-08   8.47715e-07   -6.53912e-07   -1.91287e-06   1.53402e-06   2.25907e-08   -2.53333e-08   -3.48155e-08   4.00258e-08   -8.76071e-07   6.76075e-07   1.97677e-06   -1.58576e-06
11.475   -4.10366e-09   9.48682e-09   6.12368e-09   -1.26023e-08   1.01305e-07   -8.4871e-07   -2.80965e-07   1.3076e-06   2.44934e-08   -6.02419e-08   -3.70681e-08   8.04559e-08   -5.53496e-07   4.6275e-06   1.53402e-06   -7.12984e-06   -2.62486e-08   6.63143e-08   4.00228e-08   -8.88147e-08   5.72317e-07   -4.78096e-06   -1.58576e-06   7.36644e-06
11.475   -1.41254e-08   8.62372e-09   2.20428e-08   -1.45941e-08   1.42648e-08   -1.70556e-08   -2.08104e-08   2.44934e-08   1.60733e-07   -1.03719e-07   -2.50622e-07   1.73675e-07   -1.59385e-07   1.65791e-07   2.32845e-07   -2.4208e-07   -2.04348e-07   1.334e-07   3.1867e-07   -2.23008e-07   2.01555e-07   -2.03223e-07   -2.94823e-07   2.9827e-07
11.475   8.62372e-09   -8.71705e-08   -1.71956e-08   1.19471e-07   -1.70569e-08   4.62665e-08   2.35751e-08   -6.02419e-08   -1.03719e-07   9.66853e-07   2.02879e-07   -1.32544e-06   1.65799e-07   -5.68815e-07   -2.38622e-07   7.45475e-07   1.334e-07   -1.22189e-06   -2.59892e-07   1.67524e-06   -2.03231e-07   7.38935e-07   2.96083e-07   -9.70093e-07
11.475   2.20428e-08   -1.71956e-08   -4.96753e-08   4.01655e-08   -2.08108e-08   2.35736e-08   3.19151e-08   -3.70681e-08   -2.50622e-07   2.02879e-07   5.62336e-07   -4.67303e-07   2.32847e-07   -2.38612e-07   -3.67875e-07   3.87911e-07   3.1867e-07   -2.59892e-07   -7.1487e-07   5.97615e-07   -2.94825e-07   2.96073e-07   4.71288e-07   -4.87626e-07
11.475   -1.45941e-08   1.19471e-07   4.01655e-08   -1.84158e-07   2.44954e-08   -6.02422e-08   -3.70707e-08   8.04559e-08   1.73675e-07   -1.32544e-06   -4.67303e-07   2.04625e-06   -2.42091e-07   7.45476e-07   3.87926e-07   -1.01247e-06   -2.23008e-07   1.67524e-06   5.97615e-07   -2.58809e-06   2.98282e-07   -9.70094e-07   -4.87642e-07   1.32471e-06
11.475   1.42651e-08   -1.70571e-08   -2.08111e-08   2.44957e-08   -5.43104e-07   3.25966e-07   8.47715e-07   -5.53496e-07   -1.59385e-07   1.65799e-07   2.32847e-07   -2.42091e-07   3.25389e-06   -1.97781e-06   -5.07791e-06   3.34986e-06   2.01555e-07   -2.0323e-07   -2.94823e-07   2.98281e-07   -3.47562e-06   2.12181e-06   5.42369e-06   -3.59081e-06
11.475   -1.70563e-08   4.6267e-08   2.35747e-08   -6.0243e-08   3.25967e-07   -3.37663e-06   -6.53912e-07   4.6275e-06   1.65791e-07   -5.68815e-07   -2.38612e-07   7.45476e-07   -1.97781e-06   2.01194e-05   3.94985e-06   -2.7574e-05   -2.03221e-07   7.38934e-07   2.9607e-07   -9.70092e-07   2.12181e-06   -2.14485e-05   -4.23089e-06   2.93961e-05
11.475   -2.08109e-08   2.35756e-08   3.19158e-08   -3.70714e-08   8.47715e-07   -6.53912e-07   -1.91287e-06   1.53402e-06   2.32845e-07   -2.38622e-07   -3.67875e-07   3.87926e-07   -5.07791e-06   3.94985e-06   1.14468e-05   -9.23568e-06   -2.94821e-07   2.96081e-07   4.71286e-07   -4.87639e-07   5.42369e-06   -4.23089e-06   -1.22228e-05   9.88269e-06
11.475   2.44945e-08   -6.02428e-08   -3.70699e-08   8.04572e-08   -5.53496e-07   4.6275e-06   1.53402e-06   -7.12984e-06   -2.4208e-07   7.45475e-07   3.87911e-07   -1.01247e-06   3.34986e-06   -2.7574e-05   -9.23568e-06   4.24978e-05   2.98267e-07   -9.7009e-07   -4.87621e-07   1.3247e-06   -3.59081e-06   2.93961e-05   9.88269e-06   -4.53124e-05
11.475   1.53654e-08   -9.4427e-09   -2.39775e-08   1.5962e-08   -1.54788e-08   1.82434e-08   2.25907e-08   -2.62486e-08   -2.04348e-07   1.334e-07   3.1867e-07   -2.23008e-07   2.01555e-07   -2.03221e-07   -2.94821e-07   2.98267e-07   2.8621e-07   -1.89903e-07   -4.46561e-07   3.16931e-07   -2.79701e-07   2.69914e-07   4.1033e-07   -3.99728e-07
11.475   -9.4427e-09   9.45361e-08   1.87846e-08   -1.29571e-07   1.82449e-08   -5.08817e-08   -2.53333e-08   6.63143e-08   1.334e-07   -1.22189e-06   -2.59892e-07   1.67524e-06   -2.0323e-07   7.38934e-07   2.96081e-07   -9.7009e-07   -1.89903e-07   1.69607e-06   3.67878e-07   -2.32582e-06   2.69924e-07   -1.07309e-06   -4.01541e-07   1.41271e-06
11.475   -2.39775e-08   1.87846e-08   5.40189e-08   -4.38192e-08   2.25911e-08   -2.53314e-08   -3.48155e-08   4.00228e-08   3.1867e-07   -2.59892e-07   -7.1487e-07   5.97615e-07   -2.94823e-07   2.9607e-07   4.71286e-07   -4.87621e-07   -4.46561e-07   3.67878e-07   1.00233e-06   -8.45126e-07   4.10333e-07   -4.01529e-07   -6.7095e-07   6.78003e-07
11.475   1.5962e-08   -1.29571e-07   -4.38192e-08   1.9978e-07   -2.6251e-08   6.63146e-08   4.00258e-08   -8.88147e-08   -2.23008e-07   1.67524e-06   5.97615e-07   -2.58809e-06   2.98281e-07   -9.70092e-07   -4.87639e-07   1.3247e-06   3.16931e-07   -2.32582e-06   -8.45126e-07   3.59828e-06   -3.99743e-07   1.41271e-06   6.78022e-07   -1.94771e-06
11.475   -1.54792e-08   1.82453e-08   2.25917e-08   -2.62516e-08   5.61275e-07   -3.37093e-07   -8.76071e-07   5.72317e-07   2.01555e-07   -2.03231e-07   -2.94825e-07   2.98282e-07   -3.47562e-06   2.12181e-06   5.42369e-06   -3.59081e-06   -2.79701e-07   2.69924e-07   4.10333e-07   -3.99743e-07   3.78073e-06   -2.32332e-06   -5.89974e-06   3.92736e-06
11.475   1.82445e-08   -5.08825e-08   -2.53332e-08   6.63159e-08   -3.37094e-07   3.4886e-06   6.76075e-07   -4.78096e-06   -2.03223e-07   7.38935e-07   2.96073e-07   -9.70094e-07   2.12181e-06   -2.14485e-05   -4.23089e-06   2.93961e-05   2.69914e-07   -1.07309e-06   -4.01529e-07   1.41271e-06   -2.32332e-06   2.32609e-05   4.62186e-06   -3.18813e-05
11.475   2.25915e-08   -2.53342e-08   -3.48167e-08   4.00271e-08   -8.76071e-07   6.76074e-07   1.97677e-06   -1.58576e-06   -2.94823e-07   2.96083e-07   4.71288e-07   -4.87642e-07   5.42369e-06   -4.23089e-06   -1.22228e-05   9.88269e-06   4.1033e-07   -4.01541e-07   -6.7095e-07   6.78022e-07   -5.89974e-06   4.62186e-06   1.32916e-05   -1.07817e-05
11.475   -2.62503e-08   6.63157e-08   4.00255e-08   -8.88169e-08   5.72318e-07   -4.78096e-06   -1.58576e-06   7.36644e-06   2.9827e-07   -9.70093e-07   -4.87626e-07   1.32471e-06   -3.59081e-06   2.93961e-05   9.88269e-06   -4.53124e-05   -3.99728e-07   1.41271e-06   6.78003e-07   -1.94771e-06   3.92736e-06   -3.18813e-05   -1.07817e-05   4.91564e-05
13.52   0   0   0   0   0   0   0   0   0   0   0   0   0   0   0   0   0   0   0   0   0   0   0   0
13.52   0   0   0   0   0   0   0   0   0   0   0   0   0   0   0   0   0   0   0   0   0   0   0   0
13.52   0   0   0   0   0   0   0   0   0   0   0   0   0   0   0   0   0   0   0   0   0   0   0   0
13.52   0   0   0   0   0   0   0   0   0   0   0   0   0   0   0   0   0   0   0   0   0   0   0   0
13.52   0   0   0   0   0   0   0   0   0   0   0   0   0   0   0   0   0   0   0   0   0   0   0   0
13.52   0   0   0   0   0   0   0   0   0   0   0   0   0   0   0   0   0   0   0   0   0   0   0   0
13.52   0   0   0   0   0   0   0   0   0   0   0   0   0   0   0   0   0   0   0   0   0   0   0   0
13.52   0   0   0   0   0   0   0   0   0   0   0   0   0   0   0   0   0   0   0   0   0   0   0   0
13.52   0   0   0   0   0   0   0   0   0   0   0   0   0   0   0   0   0   0   0   0   0   0   0   0
13.52   0   0   0   0   0   0   0   0   0   0   0   0   0   0   0   0   0   0   0   0   0   0   0   0
13.52   0   0   0   0   0   0   0   0   0   0   0   0   0   0   0   0   0   0   0   0   0   0   0   0
13.52   0   0   0   0   0   0   0   0   0   0   0   0   0   0   0   0   0   0   0   0   0   0   0   0
13.52   0   0   0   0   0   0   0   0   0   0   0   0   0   0   0   0   0   0   0   0   0   0   0   0
13.52   0   0   0   0   0   0   0   0   0   0   0   0   0   0   0   0   0   0   0   0   0   0   0   0
13.52   0   0   0   0   0   0   0   0   0   0   0   0   0   0   0   0   0   0   0   0   0   0   0   0
13.52   0   0   0   0   0   0   0   0   0   0   0   0   0   0   0   0   0   0   0   0   0   0   0   0
13.52   0   0   0   0   0   0   0   0   0   0   0   0   0   0   0   0   0   0   0   0   0   0   0   0
13.52   0   0   0   0   0   0   0   0   0   0   0   0   0   0   0   0   0   0   0   0   0   0   0   0
13.52   0   0   0   0   0   0   0   0   0   0   0   0   0   0   0   0   0   0   0   0   0   0   0   0
13.52   0   0   0   0   0   0   0   0   0   0   0   0   0   0   0   0   0   0   0   0   0   0   0   0
13.52   0   0   0   0   0   0   0   0   0   0   0   0   0   0   0   0   0   0   0   0   0   0   0   0
13.52   0   0   0   0   0   0   0   0   0   0   0   0   0   0   0   0   0   0   0   0   0   0   0   0
13.52   0   0   0   0   0   0   0   0   0   0   0   0   0   0   0   0   0   0   0   0   0   0   0   0
13.52   0   0   0   0   0   0   0   0   0   0   0   0   0   0   0   0   0   0   0   0   0   0   0   0
15.09   2.92657e-09   -1.30699e-09   -4.56468e-09   2.24653e-09   -3.13437e-09   2.17511e-09   4.59527e-09   -3.11216e-09   -1.8173e-08   8.444e-09   2.83446e-08   -1.4402e-08   1.93611e-08   -1.36001e-08   -2.83209e-08   1.95155e-08   1.97901e-08   -9.37778e-09   -3.08739e-08   1.59404e-08   -2.10148e-08   1.48462e-08   3.07286e-08   -2.13358e-08
15.09   -1.30699e-09   2.04102e-08   2.85099e-09   -2.82242e-08   2.18622e-09   -1.43174e-08   -3.05794e-09   1.93313e-08   8.44373e-09   -1.25261e-07   -1.80723e-08   1.73241e-07   -1.36641e-08   8.91434e-08   1.94347e-08   -1.20078e-07   -9.37691e-09   1.35908e-07   1.98996e-08   -1.87982e-07   1.4913e-08   -9.73168e-08   -2.13599e-08   1.30999e-07
15.09   -4.56468e-09   2.85099e-09   1.04871e-08   -6.59305e-09   4.59757e-09   -3.03038e-09   -7.52574e-09   4.40325e-09   2.83444e-08   -1.80721e-08   -6.49814e-08   4.15268e-08   -2.83334e-08   1.92687e-08   4.61839e-08   -2.83373e-08   -3.08735e-08   1.98994e-08   7.07843e-08   -4.56281e-08   3.07413e-08   -2.11828e-08   -5.01587e-08   3.13835e-08
15.09   2.24653e-09   -2.82242e-08   -6.59305e-09   4.3594e-08   -3.12859e-09   1.93151e-08   4.4407e-09   -2.71918e-08   -1.44013e-08   1.73239e-07   4.15263e-08   -2.67772e-07   1.96098e-08   -1.19979e-07   -2.85626e-08   1.68203e-07   1.59386e-08   -1.87978e-07   -4.56269e-08   2.90701e-07   -2.14339e-08   1.30892e-07   3.16237e-08   -1.83375e-07
15.09   -3.13437e-09   2.18622e-09   4.59757e-09   -3.12859e-09   1.27608e-07   -5.67453e-08   -1.99e-07   9.75675e-08   1.93651e-08   -1.3684e-08   -2.83455e-08   1.96382e-08   -6.96464e-07   3.11046e-07   1.08608e-06   -5.34325e-07   -2.10235e-08   1.4956e-08   3.0765e-08   -2.14956e-08   7.19847e-07   -3.22098e-07   -1.12255e-06   5.53101e-07
15.09   2.17511e-09   -1.43174e-08   -3.03038e-09   1.93151e-08   -5.67453e-08   8.91971e-07   1.242e-07   -1.23355e-06   -1.3595e-08   8.91516e-08   1.92506e-08   -1.19972e-07   3.1101e-07   -4.86266e-06   -6.79404e-07   6.72498e-06   1.48386e-08   -9.73278e-08   -2.11547e-08   1.3088e-07   -3.22031e-07   5.02387e-06   7.02921e-07   -6.94802e-06
15.09   4.59527e-09   -3.05794e-09   -7.52574e-09   4.4407e-09   -1.99e-07   1.242e-07   4.57337e-07   -2.8715e-07   -2.83297e-08   1.94791e-08   4.62091e-08   -2.86215e-08   1.0861e-06   -6.79534e-07   -2.49542e-06   1.56972e-06   3.07485e-08   -2.14597e-08   -5.02104e-08   3.17601e-08   -1.12257e-06   7.03144e-07   2.57906e-06   -1.6237e-06
15.09   -3.11216e-09   1.93313e-08   4.40325e-09   -2.71918e-08   9.75675e-08   -1.23355e-06   -2.8715e-07   1.90511e-06   1.95136e-08   -1.20114e-07   -2.83266e-08   1.68226e-07   -5.3429e-07   6.72504e-06   1.56955e-06   -1.03869e-05   -2.13366e-08   1.31068e-07   3.13738e-08   -1.83433e-07   5.53034e-07   -6.94812e-06   -1.62342e-06   1.07318e-05
15.09   -1.8173e-08   8.44373e-09   2.83444e-08   -1.44013e-08   1.93651e-08   -1.3595e-08   -2.83297e-08   1.95136e-08   2.08815e-07   -1.10142e-07   -3.25673e-07   1.83543e-07   -2.18399e-07   1.60154e-07   3.16935e-07   -2.3209e-07   -2.66004e-07   1.45695e-07   4.15218e-07   -2.41502e-07   2.75937e-07   -2.04823e-07   -4.00546e-07   2.97772e-07
15.09   8.444e-09   -1.25261e-07   -1.80721e-08   1.73239e-07   -1.3684e-08   8.91516e-08   1.94791e-08   -1.20114e-07   -1.10142e-07   1.38058e-06   2.22431e-07   -1.91026e-06   1.60672e-07   -1.03591e-06   -2.41414e-07   1.38435e-06   1.45692e-07   -1.75024e-06   -2.90143e-07   2.4223e-06   -2.05368e-07   1.32931e-06   3.12368e-07   -1.77522e-06
15.09   2.83446e-08   -1.80723e-08   -6.49814e-08   4.15263e-08   -2.83455e-08   1.92506e-08   4.62091e-08   -2.83266e-08   -3.25673e-07   2.22431e-07   7.41173e-07   -5.00688e-07   3.17021e-07   -2.40028e-07   -5.09093e-07   3.66311e-07   4.15216e-07   -2.90142e-07   -9.46658e-07   6.51386e-07   -4.00633e-07   3.10881e-07   6.4779e-07   -4.81854e-07
15.09   -1.4402e-08   1.73241e-07   4.15268e-08   -2.67772e-07   1.96382e-08   -1.19972e-07   -2.86215e-08   1.68226e-07   1.83543e-07   -1.91026e-06   -5.00688e-07   2.96037e-06   -2.3281e-07   1.38348e-06   3.68098e-07   -1.91178e-06   -2.41495e-07   2.42229e-06   6.51385e-07   -3.75889e-06   2.98526e-07   -1.77428e-06   -4.83769e-07   2.45335e-06
15.09   1.93611e-08   -1.36641e-08   -2.83334e-08   1.96098e-08   -6.96464e-07   3.1101e-07   1.0861e-06   -5.3429e-07   -2.18399e-07   1.60672e-07   3.17021e-07   -2.3281e-07   4.18185e-06   -1.92436e-06   -6.52097e-06   3.28626e-06   2.75962e-07   -2.05496e-07   -4.00697e-07   2.98711e-07   -4.47017e-06   2.08085e-06   6.97094e-06   -3.54594e-06
15.09   -1.36001e-08   8.91434e-08   1.92687e-08   -1.19979e-07   3.11046e-07   -4.86266e-06   -6.79534e-07   6.72504e-06   1.60154e-07   -1.03591e-06   -2.40028e-07   1.38348e-06   -1.92436e-06   2.89287e-05   4.14338e-06   -4.00121e-05   -2.04811e-07   1.32932e-06   3.10831e-07   -1.77425e-06   2.08069e-06   -3.08344e-05   -4.4565e-06   4.26498e-05
15.09   -2.83209e-08   1.94347e-08   4.61839e-08   -2.85626e-08   1.08608e-06   -6.79404e-07   -2.49542e-06   1.56955e-06   3.16935e-07   -2.41414e-07   -5.09093e-07   3.68098e-07   -6.52097e-06   4.14338e-06   1.49551e-05   -9.52327e-06   -4.00609e-07   3.12678e-07   6.47938e-07   -4.84205e-07   6.97098e-06   -4.457e-06   -1.59815e-05   1.02273e-05
15.09   1.95155e-08   -1.20078e-07   -2.83373e-08   1.68203e-07   -5.34325e-07   6.72498e-06   1.56972e-06   -1.03869e-05   -2.3209e-07   1.38435e-06   3.66311e-07   -1.91178e-06   3.28626e-06   -4.00121e-05   -9.52327e-06   6.18309e-05   2.97791e-07   -1.77542e-06   -4.81868e-07   2.45355e-06   -3.54577e-06   4.265e-05   1.02266e-05   -6.59232e-05
15.09   1.97901e-08   -9.37691e-09   -3.08735e-08   1.59386e-08   -2.10235e-08   1.48386e-08   3.07485e-08   -2.13366e-08   -2.66004e-07   1.45692e-07   4.15216e-07   -2.41495e-07   2.75962e-07   -2.04811e-07   -4.00609e-07   2.97791e-07   3.73564e-07   -2.18279e-07   -5.8439e-07   3.58958e-07   -3.8114e-07   2.88828e-07   5.54852e-07   -4.22404e-07
15.09   -9.37778e-09   1.35908e-07   1.98994e-08   -1.87978e-07   1.4956e-08   -9.73278e-08   -2.14597e-08   1.31068e-07   1.45695e-07   -1.75024e-06   -2.90142e-07   2.42229e-06   -2.05496e-07   1.32932e-06   3.12678e-07   -1.77542e-06   -2.18279e-07   2.45343e-06   4.25502e-07   -3.3971e-06   2.89549e-07   -1.89689e-06   -4.48758e-07   2.53401e-06
15.09   -3.08739e-08   1.98996e-08   7.07843e-08   -4.56269e-08   3.0765e-08   -2.11547e-08   -5.02104e-08   3.13738e-08   4.15218e-07   -2.90143e-07   -9.46658e-07   6.51385e-07   -4.00697e-07   3.10831e-07   6.47938e-07   -4.81868e-07   -5.8439e-07   4.25502e-07   1.34089e-06   -9.53443e-07   5.5494e-07   -4.46777e-07   -9.16907e-07   7.13764e-07
15.09   1.59404e-08   -1.87982e-07   -4.56281e-08   2.90701e-07   -2.14956e-08   1.3088e-07   3.17601e-08   -1.83433e-07   -2.41502e-07   2.4223e-06   6.51386e-07   -3.75889e-06   2.98711e-07   -1.77425e-06   -4.84205e-07   2.45355e-06   3.58958e-07   -3.3971e-06   -9.53443e-07   5.28604e-06   -4.23369e-07   2.53275e-06   7.16269e-07   -3.52023e-06
15.09   -2.10148e-08   1.4913e-08   3.07413e-08   -2.14339e-08   7.19847e-07   -3.22031e-07   -1.12257e-06   5.53034e-07   2.75937e-07   -2.05368e-07   -4.00633e-07   2.98526e-07   -4.47017e-06   2.08069e-06   6.97098e-06   -3.54577e-06   -3.8114e-07   2.89549e-07   5.5494e-07   -4.23369e-07   4.86804e-06   -2.31096e-06   -7.59324e-06   3.92485e-06
15.09   1.48462e-08   -9.73168e-08   -2.11828e-08   1.30892e-07   -3.22098e-07   5.02387e-06   7.03144e-07   -6.94812e-06   -2.04823e-07   1.32931e-06   3.10881e-07   -1.77428e-06   2.08085e-06   -3.08344e-05   -4.457e-06   4.265e-05   2.88828e-07   -1.89689e-06   -4.46777e-07   2.53275e-06   -2.31096e-06   3.34566e-05   4.90785e-06   -4.62811e-05
15.09   3.07286e-08   -2.13599e-08   -5.01587e-08   3.16237e-08   -1.12255e-06   7.02921e-07   2.57906e-06   -1.62342e-06   -4.00546e-07   3.12368e-07   6.4779e-07   -4.83769e-07   6.97094e-06   -4.4565e-06   -1.59815e-05   1.02266e-05   5.54852e-07   -4.48758e-07   -9.16907e-07   7.16269e-07   -7.59324e-06   4.90785e-06   1.74093e-05   -1.12379e-05
15.09   -2.13358e-08   1.30999e-07   3.13835e-08   -1.83375e-07   5.53101e-07   -6.94802e-06   -1.6237e-06   1.07318e-05   2.97772e-07   -1.77522e-06   -4.81854e-07   2.45335e-06   -3.54594e-06   4.26498e-05   1.02273e-05   -6.59232e-05   -4.22404e-07   2.53401e-06   7.13764e-07   -3.52023e-06   3.92485e-06   -4.62811e-05   -1.12379e-05   7.15714e-05
17.5   2.80772e-09   -3.89675e-10   -4.37208e-09   7.00891e-10   -2.47167e-09   5.20479e-10   3.75047e-09   -7.34367e-10   -1.70878e-08   2.7148e-09   2.66396e-08   -4.7669e-09   1.5078e-08   -3.53996e-09   -2.27563e-08   5.03962e-09   1.84095e-08   -3.06412e-09   -2.8721e-08   5.34254e-09   -1.62426e-08   3.94478e-09   2.44745e-08   -5.63549e-09
17.5   -3.89675e-10   2.06222e-08   1.14192e-09   -2.88701e-08   5.25881e-10   -1.19709e-08   -6.40302e-10   1.66731e-08   2.71489e-09   -1.25176e-07   -7.39731e-09   1.75342e-07   -3.57167e-09   7.47536e-08   4.75252e-09   -1.03632e-07   -3.06427e-09   1.34826e-07   8.1522e-09   -1.88927e-07   3.97846e-09   -8.13112e-08   -5.44197e-09   1.12552e-07
17.5   -4.37208e-09   1.14192e-09   9.99701e-09   -2.23971e-09   3.7505e-09   -6.31303e-10   -6.91228e-09   8.28148e-10   2.66396e-08   -7.39727e-09   -6.10642e-08   1.45586e-08   -2.27564e-08   4.69963e-09   4.14812e-08   -6.4146e-09   -2.8721e-08   8.15212e-09   6.59651e-08   -1.60937e-08   2.44746e-08   -5.38576e-09   -4.44969e-08   7.45857e-09
17.5   7.00891e-10   -2.88701e-08   -2.23971e-09   4.48566e-08   -7.42208e-10   1.6674e-08   8.4119e-10   -2.49512e-08   -4.76698e-09   1.75342e-07   1.45585e-08   -2.72841e-07   5.08571e-09   -1.03638e-07   -6.49136e-09   1.53652e-07   5.3427e-09   -1.88927e-07   -1.60937e-08   2.94253e-07   -5.68447e-09   1.12557e-07   7.54019e-09   -1.66399e-07
17.5   -2.47167e-09   5.25881e-10   3.7505e-09   -7.42208e-10   1.22829e-07   -1.66471e-08   -1.91236e-07   3.00794e-08   1.508e-08   -3.57366e-09   -2.27603e-08   5.08989e-09   -6.69071e-07   9.20168e-08   1.04182e-06   -1.65796e-07   -1.62455e-08   3.98156e-09   2.44803e-08   -5.69095e-09   6.90938e-07   -9.55401e-08   -1.07592e-06   1.71971e-07
17.5   5.20479e-10   -1.19709e-08   -6.31303e-10   1.6674e-08   -1.66471e-08   9.0198e-07   4.94032e-08   -1.26258e-06   -3.51982e-09   7.46424e-08   4.66064e-09   -1.03471e-07   9.20106e-08   -4.91157e-06   -2.70831e-07   6.87551e-06   3.9156e-09   -8.11391e-08   -5.32901e-09   1.12299e-07   -9.5533e-08   5.07158e-06   2.80352e-07   -7.09969e-06
17.5   3.75047e-09   -6.40302e-10   -6.91228e-09   8.4119e-10   -1.91236e-07   4.94032e-08   4.37109e-07   -9.69012e-08   -2.27598e-08   4.75574e-09   4.14881e-08   -6.49832e-09   1.04182e-06   -2.70837e-07   -2.38181e-06   5.31417e-07   2.44796e-08   -5.44699e-09   -4.4507e-08   7.551e-09   -1.07592e-06   2.80358e-07   2.46009e-06   -5.50212e-07
17.5   -7.34367e-10   1.66731e-08   8.28148e-10   -2.49512e-08   3.00794e-08   -1.26258e-06   -9.69012e-08   1.96134e-06   5.01042e-09   -1.03468e-07   -6.35808e-09   1.53407e-07   -1.65788e-07   6.8755e-06   5.31411e-07   -1.06822e-05   -5.59318e-09   1.12298e-07   7.37631e-09   -1.66019e-07   1.71963e-07   -7.09968e-06   -5.50208e-07   1.10312e-05
17.5   -1.70878e-08   2.71489e-09   2.66396e-08   -4.76698e-09   1.508e-08   -3.51982e-09   -2.27598e-08   5.01042e-09   1.82459e-07   -4.2946e-08   -2.85716e-07   7.12859e-08   -1.62426e-07   5.28885e-08   2.40168e-07   -7.69327e-08   -2.26451e-07   5.68146e-08   3.55327e-07   -9.37722e-08   2.01169e-07   -6.85119e-08   -2.96689e-07   1.00139e-07
17.5   2.7148e-09   -1.25176e-07   -7.39727e-09   1.75342e-07   -3.57366e-09   7.46424e-08   4.75574e-09   -1.03468e-07   -4.2946e-08   1.32337e-06   9.71867e-08   -1.85789e-06   5.32046e-08   -8.75226e-07   -8.54935e-08   1.19414e-06   5.68151e-08   -1.64406e-06   -1.25251e-07   2.31046e-06   -6.88475e-08   1.10613e-06   1.13613e-07   -1.50578e-06
17.5   2.66396e-08   -7.39731e-09   -6.10642e-08   1.45585e-08   -2.27603e-08   4.66064e-09   4.14881e-08   -6.35808e-09   -2.85716e-07   9.71867e-08   6.61141e-07   -1.93197e-07   2.40171e-07   -8.4934e-08   -4.1913e-07   1.24241e-07   3.55327e-07   -1.25251e-07   -8.27079e-07   2.50851e-07   -2.96692e-07   1.13019e-07   5.16389e-07   -1.6787e-07
17.5   -4.7669e-09   1.75342e-07   1.45586e-08   -2.72841e-07   5.08989e-09   -1.03471e-07   -6.49832e-09   1.53407e-07   7.12859e-08   -1.85789e-06   -1.93197e-07   2.90754e-06   -7.73995e-08   1.19415e-06   1.25067e-07   -1.71353e-06   -9.37728e-08   2.31046e-06   2.50851e-07   -3.62516e-06   1.00636e-07   -1.5058e-06   -1.68748e-07   2.15196e-06
17.5   1.5078e-08   -3.57167e-09   -2.27564e-08   5.08571e-09   -6.69071e-07   9.20106e-08   1.04182e-06   -1.65788e-07   -1.62426e-07   5.32046e-08   2.40171e-07   -7.73995e-08   3.95754e-06   -6.05979e-07   -6.16752e-06   1.07063e-06   2.01173e-07   -6.88531e-08   -2.96701e-07   1.00647e-07   -4.20504e-06   6.66016e-07   6.55566e-06   -1.17009e-06
17.5   -3.53996e-09   7.47536e-08   4.69963e-09   -1.03638e-07   9.20168e-08   -4.91157e-06   -2.70837e-07   6.8755e-06   5.28885e-08   -8.75226e-07   -8.4934e-08   1.19415e-06   -6.05979e-07   2.89882e-05   1.68243e-06   -4.05964e-05   -6.84661e-08   1.10581e-06   1.12929e-07   -1.50532e-06   6.66013e-07   -3.07852e-05   -1.81658e-06   4.31211e-05
17.5   -2.27563e-08   4.75252e-09   4.14812e-08   -6.49136e-09   1.04182e-06   -2.70831e-07   -2.38181e-06   5.31411e-07   2.40168e-07   -8.54935e-08   -4.1913e-07   1.25067e-07   -6.16752e-06   1.68243e-06   1.41244e-05   -3.30865e-06   -2.96697e-07   1.13623e-07   5.16405e-07   -1.68768e-07   6.55566e-06   -1.81657e-06   -1.50267e-05   3.5771e-06
17.5   5.03962e-09   -1.03632e-07   -6.4146e-09   1.53652e-07   -1.65796e-07   6.87551e-06   5.31417e-07   -1.06822e-05   -7.69327e-08   1.19414e-06   1.24241e-07   -1.71353e-06   1.07063e-06   -4.05964e-05   -3.30865e-06   6.3141e-05   1.00073e-07   -1.50531e-06   -1.67739e-07   2.15126e-06   -1.17009e-06   4.31211e-05   3.57712e-06   -6.70995e-05
17.5   1.84095e-08   -3.06427e-09   -2.8721e-08   5.3427e-09   -1.62455e-08   3.9156e-09   2.44796e-08   -5.59318e-09   -2.26451e-07   5.68151e-08   3.55327e-07   -9.37728e-08   2.01173e-07   -6.84661e-08   -2.96697e-07   1.00073e-07   3.02554e-07   -8.22159e-08   -4.768e-07   1.35111e-07   -2.66573e-07   9.47978e-08   3.92663e-07   -1.39751e-07
17.5   -3.06412e-09   1.34826e-07   8.15212e-09   -1.88927e-07   3.98156e-09   -8.11391e-08   -5.44699e-09   1.12298e-07   5.68146e-08   -1.64406e-06   -1.25251e-07   2.31046e-06   -6.88531e-08   1.10581e-06   1.13623e-07   -1.50531e-06   -8.22159e-08   2.20879e-06   1.7575e-07   -3.11075e-06   9.52089e-08   -1.51358e-06   -1.62952e-07   2.05631e-06
17.5   -2.8721e-08   8.1522e-09   6.59651e-08   -1.60937e-08   2.44803e-08   -5.32901e-09   -4.4507e-08   7.37631e-09   3.55327e-07   -1.25251e-07   -8.27079e-07   2.50851e-07   -2.96701e-07   1.12929e-07   5.16405e-07   -1.67739e-07   -4.768e-07   1.7575e-07   1.12474e-06   -3.57987e-07   3.92667e-07   -1.62215e-07   -6.87307e-07   2.47729e-07
17.5   5.34254e-09   -1.88927e-07   -1.60937e-08   2.94253e-07   -5.69095e-09   1.12299e-07   7.551e-09   -1.66019e-07   -9.37722e-08   2.31046e-06   2.50851e-07   -3.62516e-06   1.00647e-07   -1.50532e-06   -1.68768e-07   2.15126e-06   1.35111e-07   -3.11075e-06   -3.57987e-07   4.90732e-06   -1.40361e-07   2.05632e-06   2.48823e-07   -2.93168e-06
17.5   -1.62426e-08   3.97846e-09   2.44746e-08   -5.68447e-09   6.90938e-07   -9.5533e-08   -1.07592e-06   1.71963e-07   2.01169e-07   -6.88475e-08   -2.96692e-07   1.00636e-07   -4.20504e-06   6.66013e-07   6.55566e-06   -1.17009e-06   -2.66573e-07   9.52089e-08   3.92667e-07   -1.40361e-07   4.53027e-06   -7.51875e-07   -7.06784e-06   1.31159e-06
17.5   3.94478e-09   -8.13112e-08   -5.38576e-09   1.12557e-07   -9.55401e-08   5.07158e-06   2.80358e-07   -7.09968e-06   -6.85119e-08   1.10613e-06   1.13019e-07   -1.5058e-06   6.66016e-07   -3.07852e-05   -1.81657e-06   4.31211e-05   9.47978e-08   -1.51358e-06   -1.62215e-07   2.05632e-06   -7.51875e-07   3.31588e-05   2.00213e-06   -4.64626e-05
17.5   2.44745e-08   -5.44197e-09   -4.44969e-08   7.54019e-09   -1.07592e-06   2.80352e-07   2.46009e-06   -5.50208e-07   -2.96689e-07   1.13613e-07   5.16389e-07   -1.68748e-07   6.55566e-06   -1.81658e-06   -1.50267e-05   3.57712e-06   3.92663e-07   -1.62952e-07   -6.87307e-07   2.48823e-07   -7.06784e-06   2.00213e-06   1.62327e-05   -3.95458e-06
17.5   -5.63549e-09   1.12552e-07   7.45857e-09   -1.66399e-07   1.71971e-07   -7.09969e-06   -5.50212e-07   1.10312e-05   1.00139e-07   -1.50578e-06   -1.6787e-07   2.15196e-06   -1.17009e-06   4.31211e-05   3.5771e-06   -6.70995e-05   -1.39751e-07   2.05631e-06   2.47729e-07   -2.93168e-06   1.31159e-06   -4.64626e-05   -3.95458e-06   7.23664e-05
