1.5   0   0   0   0   0   0   0   0
1.5   0   0   0   0   0   0   0   0
1.5   0   0   0   0   0   0   0   0
1.5   0   0   0   0   0   0   0   0
1.5   0   0   0   0   0   0   0   0
1.5   0   0   0   0   0   0   0   0
3.15   0   0   0   0   0   0   0   0
3.15   0   0   0   0   0   0   0   0
3.15   0   0   0   0   0   0   0   0
3.15   0   0   0   0   0   0   0   0
3.15   0   0   0   0   0   0   0   0
3.15   0   0   0   0   0   0   0   0
5.15   0   0   0   0   0   0   0   0
5.15   0   0   0   0   0   0   0   0
5.15   0   0   0   0   0   0   0   0
5.15   0   0   0   0   0   0   0   0
5.15   0   0   0   0   0   0   0   0
5.15   0   0   0   0   0   0   0   0
7.34   0   0   0   0   0   0   0   0
7.34   0   0   0   0   0   0   0   0
7.34   0   0   0   0   0   0   0   0
7.34   0   0   0   0   0   0   0   0
7.34   0   0   0   0   0   0   0   0
7.34   0   0   0   0   0   0   0   0
9.385   0.00424674   2.48842e-05   -0.000953903   5.91411e-05   -0.00142139   4.4215e-05   -0.0014956   8.45998e-05
9.385   0.000157846   0.000164689   0.000338165   0.000391146   -8.94593e-05   0.000292453   -0.000415387   0.000559456
9.385   0.00264115   0.000195713   0.00087118   0.000476695   -0.00200808   0.000355168   -0.00239047   0.000684862
9.385   -0.000715209   0.000931045   -0.00270149   0.00222053   -0.00038547   0.00165916   0.00398009   0.00317825
9.385   -0.00442355   0.000246129   0.000529131   0.000609623   0.00289835   0.00045656   0.00192964   0.000881326
9.385   0.000594281   0.000992017   0.0028312   0.00237456   0.00067394   0.00177453   -0.00422603   0.00340185
11.475   0   0   0   0   0   0   0   0
11.475   0   0   0   0   0   0   0   0
11.475   0   0   0   0   0   0   0   0
11.475   0   0   0   0   0   0   0   0
11.475   0   0   0   0   0   0   0   0
11.475   0   0   0   0   0   0   0   0
13.52   0   0   0   0   0   0   0   0
13.52   0   0   0   0   0   0   0   0
13.52   0   0   0   0   0   0   0   0
13.52   0   0   0   0   0   0   0   0
13.52   0   0   0   0   0   0   0   0
13.52   0   0   0   0   0   0   0   0
15.09   0   0   0   0   0   0   0   0
15.09   0   0   0   0   0   0   0   0
15.09   0   0   0   0   0   0   0   0
15.09   0   0   0   0   0   0   0   0
15.09   0   0   0   0   0   0   0   0
15.09   0   0   0   0   0   0   0   0
17.5   0   0   0   0   0   0   0   0
17.5   0   0   0   0   0   0   0   0
17.5   0   0   0   0   0   0   0   0
17.5   0   0   0   0   0   0   0   0
17.5   0   0   0   0   0   0   0   0
17.5   0   0   0   0   0   0   0   0
