1.5   0.00749926   0.000115419   -0.000234548   0.000369767   -0.016925   0.000401545   0.000219286   0.000986938   0.00960247   0.000309448   1.28178e-05   0.000637214
1.5   0.00699192   0.000125482   0.000144805   0.000391033   -0.0163484   0.000367172   -0.000445596   0.000979289   0.00962668   0.000259479   0.000299257   0.000599197
1.5   0.00625912   0.000161829   0.000411491   0.000470175   -0.0152686   0.000415923   -0.00113147   0.00113831   0.00937399   0.000264518   0.000716833   0.00067248
1.5   0.00485015   9.05514e-05   -0.000965269   0.000291316   -0.0114155   0.000256962   0.002069   0.000722155   0.00674394   0.000178664   -0.0011023   0.00043746
1.5   0.00169062   4.92973e-05   -8.77435e-05   0.000166381   -0.00335401   0.000186979   0.00016693   0.000457686   0.0016728   0.00014988   -7.91574e-05   0.00030275
3.15   0.00702219   9.27057e-05   -0.000145063   0.000315313   -0.012271   0.000677165   0.000685274   0.00125722   0.00526983   0.000817552   -0.000541848   0.00117282
3.15   0.00668962   9.19603e-05   5.739e-05   0.000312624   -0.0123225   0.000347752   -0.000177491   0.00085728   0.00565199   0.000277428   0.00011952   0.000565177
3.15   0.00568621   0.000126148   -0.000272711   0.000414676   -0.010128   0.000435941   0.000786893   0.00109609   0.0044631   0.000336346   -0.000511816   0.000703665
3.15   0.00433505   6.47861e-05   0.000237741   0.000226305   -0.00687093   0.00029222   -0.000613979   0.000683813   0.00256262   0.000244165   0.000374864   0.000477941
3.15   0.00147853   3.37598e-05   -8.36566e-05   0.000123737   -0.00156601   0.000175821   0.000405892   0.000413485   0.00011024   0.000151421   -0.000319969   0.000302788
5.15   0.00604148   8.94239e-05   -1.82294e-05   0.000342404   -0.00497734   0.00048216   -0.000261895   0.0011499   -0.000984928   0.000417292   0.00027719   0.000843518
5.15   0.00569662   0.000100024   0.000203073   0.000351676   -0.0058074   0.00046997   -0.00116706   0.00107975   0.000175233   0.000395678   0.000956361   0.000761564
5.15   0.00475736   0.000122823   0.00100062   0.000416887   -0.00445589   0.000517872   -0.00252152   0.00120395   -0.000242234   0.000425255   0.00151561   0.000821704
5.15   0.00365257   7.95512e-05   0.00119285   0.000310654   -0.00212957   0.000604939   -0.00206311   0.00128791   -0.00140337   0.00074964   0.000814587   0.00119568
5.15   0.00129636   4.24331e-05   6.14078e-05   0.000170874   -0.000334699   0.00033213   0.000527539   0.000756421   -0.000667298   0.000425389   -0.000506899   0.000714784
7.34   0.00503263   7.06687e-05   0.000471772   0.000311671   -0.000707525   0.000554977   -0.00374408   0.00141751   -0.00360402   0.00069582   0.00367504   0.00132382
7.34   0.0046176   7.52341e-05   9.53442e-05   0.0002509   -6.97737e-05   0.000602156   -0.00117451   0.000995442   -0.00423878   0.000763505   0.000949358   0.000971309
7.34   0.00377933   8.23622e-05   0.000372936   0.000382065   0.00089775   0.000618   -0.000859614   0.00162911   -0.00440643   0.000747702   0.000574353   0.00147684
7.34   0.00292425   5.34752e-05   0.00082605   0.000209825   0.00068983   0.000423767   7.43592e-05   0.000881139   -0.00282247   0.000543167   -0.00150942   0.000832067
7.34   0.00107595   3.02389e-05   0.000111738   0.00012643   4.17484e-05   0.000237139   0.000544022   0.000577614   -0.000710749   0.000302471   -0.000752721   0.00054535
9.385   0   0   0   0   0   0   0   0   0   0   0   0
9.385   0   0   0   0   0   0   0   0   0   0   0   0
9.385   0   0   0   0   0   0   0   0   0   0   0   0
9.385   0   0   0   0   0   0   0   0   0   0   0   0
9.385   0   0   0   0   0   0   0   0   0   0   0   0
11.475   0.00436969   6.69471e-05   0.000152708   0.000442287   0.00181915   0.000559982   -0.000357423   0.00252683   -0.00261807   0.00074982   -0.000225127   0.00272352
11.475   0.00409574   6.37064e-05   -0.000320576   0.000420837   0.00204345   0.000534486   0.0023449   0.00240591   -0.00240697   0.000713095   -0.00242981   0.00259318
11.475   0.00350781   6.62459e-05   0.000888663   0.000437344   0.00141908   0.000566541   -0.00149709   0.00250979   -0.0015119   0.00076046   0.00112478   0.00271258
11.475   0.00263191   4.86601e-05   0.00141314   0.00032169   0.00152054   0.000398085   -0.0029717   0.00183043   -0.00179018   0.000524067   0.00220289   0.00196511
11.475   0.00108391   3.19339e-05   0.000417605   0.000211186   0.000163334   0.000258273   -0.000987569   0.00119904   -0.000294742   0.000339759   0.00097696   0.00128562
13.52   0   0   0   0   0   0   0   0   0   0   0   0
13.52   0   0   0   0   0   0   0   0   0   0   0   0
13.52   0   0   0   0   0   0   0   0   0   0   0   0
13.52   0   0   0   0   0   0   0   0   0   0   0   0
13.52   0   0   0   0   0   0   0   0   0   0   0   0
15.09   0.0032105   7.37049e-05   0.000155572   0.000486832   0.00192088   0.000620645   0.00127449   0.00278398   -0.000194488   0.000847379   -0.00165485   0.00300859
15.09   0.00349398   7.17506e-05   0.000246789   0.000473812   0.00198602   0.000608615   -0.00117185   0.00271391   0.000225495   0.000825415   0.00157769   0.0029334
15.09   0.00312397   7.33264e-05   0.000729776   0.000484042   0.00212056   0.000628838   -0.000824963   0.00278006   -0.00112499   0.000834098   0.000805159   0.00300218
15.09   0.00252221   6.17292e-05   0.000795545   0.000408348   0.000583732   0.000494205   -0.00117634   0.00231421   -8.69206e-05   0.000647473   0.000652977   0.00247783
15.09   0.00129125   4.94148e-05   -0.000377112   0.000326792   0.000167567   0.000399609   0.00245891   0.00185519   6.87046e-06   0.000528652   -0.00246942   0.0019901
17.5   0.0025054   6.17725e-05   -0.000260373   0.000408051   0.00188203   0.000518707   0.00218133   0.00233302   -0.000652248   0.000695068   -0.00174754   0.00251589
17.5   0.00338185   6.64565e-05   0.00066195   0.000439284   0.00226117   0.000546012   -0.00280779   0.00250217   -0.00069456   0.00071026   0.0029888   0.00268468
17.5   0.00348847   7.32309e-05   0.000618596   0.000484409   0.00109917   0.000587201   -0.000874147   0.00274721   -2.08066e-05   0.000750593   0.000201798   0.00293594
17.5   0.0030052   6.66986e-05   0.000902451   0.000441536   -3.89711e-05   0.00052042   -0.00334875   0.00249154   0.000334025   0.000666171   0.00292119   0.00265582
17.5   0.00220866   6.72242e-05   -0.000566914   0.000444714   -0.000191009   0.000537507   0.00270052   0.00251967   0.000441116   0.000704802   -0.0021478   0.00269765
