1.5   0   0   0   0   0   0   0   0
1.5   0   0   0   0   0   0   0   0
1.5   0   0   0   0   0   0   0   0
1.5   0   0   0   0   0   0   0   0
1.5   0   0   0   0   0   0   0   0
1.5   0   0   0   0   0   0   0   0
3.15   0   0   0   0   0   0   0   0
3.15   0   0   0   0   0   0   0   0
3.15   0   0   0   0   0   0   0   0
3.15   0   0   0   0   0   0   0   0
3.15   0   0   0   0   0   0   0   0
3.15   0   0   0   0   0   0   0   0
5.15   0   0   0   0   0   0   0   0
5.15   0   0   0   0   0   0   0   0
5.15   0   0   0   0   0   0   0   0
5.15   0   0   0   0   0   0   0   0
5.15   0   0   0   0   0   0   0   0
5.15   0   0   0   0   0   0   0   0
7.34   0   0   0   0   0   0   0   0
7.34   0   0   0   0   0   0   0   0
7.34   0   0   0   0   0   0   0   0
7.34   0   0   0   0   0   0   0   0
7.34   0   0   0   0   0   0   0   0
7.34   0   0   0   0   0   0   0   0
9.385   0   0   0   0   0   0   0   0
9.385   0   0   0   0   0   0   0   0
9.385   0   0   0   0   0   0   0   0
9.385   0   0   0   0   0   0   0   0
9.385   0   0   0   0   0   0   0   0
9.385   0   0   0   0   0   0   0   0
11.475   0   0   0   0   0   0   0   0
11.475   0   0   0   0   0   0   0   0
11.475   0   0   0   0   0   0   0   0
11.475   0   0   0   0   0   0   0   0
11.475   0   0   0   0   0   0   0   0
11.475   0   0   0   0   0   0   0   0
13.52   0.00393187   7.69477e-05   -0.000821686   0.000184078   -0.00149897   0.000135299   -0.00101312   0.000263952
13.52   -0.000120701   0.000509521   -0.000666194   0.00121812   -0.00037402   0.000895313   0.000945021   0.00174638
13.52   0.00198842   0.000593462   0.000313661   0.00145527   -0.000860682   0.00106933   -0.00186017   0.00209982
13.52   -0.00062817   0.00287058   0.00267971   0.00689038   0.00456583   0.00506427   -0.00439537   0.00988863
13.52   -0.000223435   0.000746276   -0.00110221   0.00186184   -0.000622911   0.00137581   0.00197731   0.00270435
13.52   0.00090436   0.00305311   -0.00229253   0.00735429   -0.00523771   0.0054084   0.00354052   0.0105663
15.09   0   0   0   0   0   0   0   0
15.09   0   0   0   0   0   0   0   0
15.09   0   0   0   0   0   0   0   0
15.09   0   0   0   0   0   0   0   0
15.09   0   0   0   0   0   0   0   0
15.09   0   0   0   0   0   0   0   0
17.5   0   0   0   0   0   0   0   0
17.5   0   0   0   0   0   0   0   0
17.5   0   0   0   0   0   0   0   0
17.5   0   0   0   0   0   0   0   0
17.5   0   0   0   0   0   0   0   0
17.5   0   0   0   0   0   0   0   0
