1.5   0   0   0   0   0   0   0   0   0   0   0   0   0   0   0   0   0   0   0   0   0   0   0   0
1.5   0   0   0   0   0   0   0   0   0   0   0   0   0   0   0   0   0   0   0   0   0   0   0   0
1.5   0   0   0   0   0   0   0   0   0   0   0   0   0   0   0   0   0   0   0   0   0   0   0   0
1.5   0   0   0   0   0   0   0   0   0   0   0   0   0   0   0   0   0   0   0   0   0   0   0   0
1.5   0   0   0   0   0   0   0   0   0   0   0   0   0   0   0   0   0   0   0   0   0   0   0   0
1.5   0   0   0   0   0   0   0   0   0   0   0   0   0   0   0   0   0   0   0   0   0   0   0   0
1.5   0   0   0   0   0   0   0   0   0   0   0   0   0   0   0   0   0   0   0   0   0   0   0   0
1.5   0   0   0   0   0   0   0   0   0   0   0   0   0   0   0   0   0   0   0   0   0   0   0   0
1.5   0   0   0   0   0   0   0   0   0   0   0   0   0   0   0   0   0   0   0   0   0   0   0   0
1.5   0   0   0   0   0   0   0   0   0   0   0   0   0   0   0   0   0   0   0   0   0   0   0   0
1.5   0   0   0   0   0   0   0   0   0   0   0   0   0   0   0   0   0   0   0   0   0   0   0   0
1.5   0   0   0   0   0   0   0   0   0   0   0   0   0   0   0   0   0   0   0   0   0   0   0   0
1.5   0   0   0   0   0   0   0   0   0   0   0   0   0   0   0   0   0   0   0   0   0   0   0   0
1.5   0   0   0   0   0   0   0   0   0   0   0   0   0   0   0   0   0   0   0   0   0   0   0   0
1.5   0   0   0   0   0   0   0   0   0   0   0   0   0   0   0   0   0   0   0   0   0   0   0   0
1.5   0   0   0   0   0   0   0   0   0   0   0   0   0   0   0   0   0   0   0   0   0   0   0   0
1.5   0   0   0   0   0   0   0   0   0   0   0   0   0   0   0   0   0   0   0   0   0   0   0   0
1.5   0   0   0   0   0   0   0   0   0   0   0   0   0   0   0   0   0   0   0   0   0   0   0   0
1.5   0   0   0   0   0   0   0   0   0   0   0   0   0   0   0   0   0   0   0   0   0   0   0   0
1.5   0   0   0   0   0   0   0   0   0   0   0   0   0   0   0   0   0   0   0   0   0   0   0   0
1.5   0   0   0   0   0   0   0   0   0   0   0   0   0   0   0   0   0   0   0   0   0   0   0   0
1.5   0   0   0   0   0   0   0   0   0   0   0   0   0   0   0   0   0   0   0   0   0   0   0   0
1.5   0   0   0   0   0   0   0   0   0   0   0   0   0   0   0   0   0   0   0   0   0   0   0   0
1.5   0   0   0   0   0   0   0   0   0   0   0   0   0   0   0   0   0   0   0   0   0   0   0   0
3.15   0   0   0   0   0   0   0   0   0   0   0   0   0   0   0   0   0   0   0   0   0   0   0   0
3.15   0   0   0   0   0   0   0   0   0   0   0   0   0   0   0   0   0   0   0   0   0   0   0   0
3.15   0   0   0   0   0   0   0   0   0   0   0   0   0   0   0   0   0   0   0   0   0   0   0   0
3.15   0   0   0   0   0   0   0   0   0   0   0   0   0   0   0   0   0   0   0   0   0   0   0   0
3.15   0   0   0   0   0   0   0   0   0   0   0   0   0   0   0   0   0   0   0   0   0   0   0   0
3.15   0   0   0   0   0   0   0   0   0   0   0   0   0   0   0   0   0   0   0   0   0   0   0   0
3.15   0   0   0   0   0   0   0   0   0   0   0   0   0   0   0   0   0   0   0   0   0   0   0   0
3.15   0   0   0   0   0   0   0   0   0   0   0   0   0   0   0   0   0   0   0   0   0   0   0   0
3.15   0   0   0   0   0   0   0   0   0   0   0   0   0   0   0   0   0   0   0   0   0   0   0   0
3.15   0   0   0   0   0   0   0   0   0   0   0   0   0   0   0   0   0   0   0   0   0   0   0   0
3.15   0   0   0   0   0   0   0   0   0   0   0   0   0   0   0   0   0   0   0   0   0   0   0   0
3.15   0   0   0   0   0   0   0   0   0   0   0   0   0   0   0   0   0   0   0   0   0   0   0   0
3.15   0   0   0   0   0   0   0   0   0   0   0   0   0   0   0   0   0   0   0   0   0   0   0   0
3.15   0   0   0   0   0   0   0   0   0   0   0   0   0   0   0   0   0   0   0   0   0   0   0   0
3.15   0   0   0   0   0   0   0   0   0   0   0   0   0   0   0   0   0   0   0   0   0   0   0   0
3.15   0   0   0   0   0   0   0   0   0   0   0   0   0   0   0   0   0   0   0   0   0   0   0   0
3.15   0   0   0   0   0   0   0   0   0   0   0   0   0   0   0   0   0   0   0   0   0   0   0   0
3.15   0   0   0   0   0   0   0   0   0   0   0   0   0   0   0   0   0   0   0   0   0   0   0   0
3.15   0   0   0   0   0   0   0   0   0   0   0   0   0   0   0   0   0   0   0   0   0   0   0   0
3.15   0   0   0   0   0   0   0   0   0   0   0   0   0   0   0   0   0   0   0   0   0   0   0   0
3.15   0   0   0   0   0   0   0   0   0   0   0   0   0   0   0   0   0   0   0   0   0   0   0   0
3.15   0   0   0   0   0   0   0   0   0   0   0   0   0   0   0   0   0   0   0   0   0   0   0   0
3.15   0   0   0   0   0   0   0   0   0   0   0   0   0   0   0   0   0   0   0   0   0   0   0   0
3.15   0   0   0   0   0   0   0   0   0   0   0   0   0   0   0   0   0   0   0   0   0   0   0   0
5.15   0   0   0   0   0   0   0   0   0   0   0   0   0   0   0   0   0   0   0   0   0   0   0   0
5.15   0   0   0   0   0   0   0   0   0   0   0   0   0   0   0   0   0   0   0   0   0   0   0   0
5.15   0   0   0   0   0   0   0   0   0   0   0   0   0   0   0   0   0   0   0   0   0   0   0   0
5.15   0   0   0   0   0   0   0   0   0   0   0   0   0   0   0   0   0   0   0   0   0   0   0   0
5.15   0   0   0   0   0   0   0   0   0   0   0   0   0   0   0   0   0   0   0   0   0   0   0   0
5.15   0   0   0   0   0   0   0   0   0   0   0   0   0   0   0   0   0   0   0   0   0   0   0   0
5.15   0   0   0   0   0   0   0   0   0   0   0   0   0   0   0   0   0   0   0   0   0   0   0   0
5.15   0   0   0   0   0   0   0   0   0   0   0   0   0   0   0   0   0   0   0   0   0   0   0   0
5.15   0   0   0   0   0   0   0   0   0   0   0   0   0   0   0   0   0   0   0   0   0   0   0   0
5.15   0   0   0   0   0   0   0   0   0   0   0   0   0   0   0   0   0   0   0   0   0   0   0   0
5.15   0   0   0   0   0   0   0   0   0   0   0   0   0   0   0   0   0   0   0   0   0   0   0   0
5.15   0   0   0   0   0   0   0   0   0   0   0   0   0   0   0   0   0   0   0   0   0   0   0   0
5.15   0   0   0   0   0   0   0   0   0   0   0   0   0   0   0   0   0   0   0   0   0   0   0   0
5.15   0   0   0   0   0   0   0   0   0   0   0   0   0   0   0   0   0   0   0   0   0   0   0   0
5.15   0   0   0   0   0   0   0   0   0   0   0   0   0   0   0   0   0   0   0   0   0   0   0   0
5.15   0   0   0   0   0   0   0   0   0   0   0   0   0   0   0   0   0   0   0   0   0   0   0   0
5.15   0   0   0   0   0   0   0   0   0   0   0   0   0   0   0   0   0   0   0   0   0   0   0   0
5.15   0   0   0   0   0   0   0   0   0   0   0   0   0   0   0   0   0   0   0   0   0   0   0   0
5.15   0   0   0   0   0   0   0   0   0   0   0   0   0   0   0   0   0   0   0   0   0   0   0   0
5.15   0   0   0   0   0   0   0   0   0   0   0   0   0   0   0   0   0   0   0   0   0   0   0   0
5.15   0   0   0   0   0   0   0   0   0   0   0   0   0   0   0   0   0   0   0   0   0   0   0   0
5.15   0   0   0   0   0   0   0   0   0   0   0   0   0   0   0   0   0   0   0   0   0   0   0   0
5.15   0   0   0   0   0   0   0   0   0   0   0   0   0   0   0   0   0   0   0   0   0   0   0   0
5.15   0   0   0   0   0   0   0   0   0   0   0   0   0   0   0   0   0   0   0   0   0   0   0   0
7.34   0   0   0   0   0   0   0   0   0   0   0   0   0   0   0   0   0   0   0   0   0   0   0   0
7.34   0   0   0   0   0   0   0   0   0   0   0   0   0   0   0   0   0   0   0   0   0   0   0   0
7.34   0   0   0   0   0   0   0   0   0   0   0   0   0   0   0   0   0   0   0   0   0   0   0   0
7.34   0   0   0   0   0   0   0   0   0   0   0   0   0   0   0   0   0   0   0   0   0   0   0   0
7.34   0   0   0   0   0   0   0   0   0   0   0   0   0   0   0   0   0   0   0   0   0   0   0   0
7.34   0   0   0   0   0   0   0   0   0   0   0   0   0   0   0   0   0   0   0   0   0   0   0   0
7.34   0   0   0   0   0   0   0   0   0   0   0   0   0   0   0   0   0   0   0   0   0   0   0   0
7.34   0   0   0   0   0   0   0   0   0   0   0   0   0   0   0   0   0   0   0   0   0   0   0   0
7.34   0   0   0   0   0   0   0   0   0   0   0   0   0   0   0   0   0   0   0   0   0   0   0   0
7.34   0   0   0   0   0   0   0   0   0   0   0   0   0   0   0   0   0   0   0   0   0   0   0   0
7.34   0   0   0   0   0   0   0   0   0   0   0   0   0   0   0   0   0   0   0   0   0   0   0   0
7.34   0   0   0   0   0   0   0   0   0   0   0   0   0   0   0   0   0   0   0   0   0   0   0   0
7.34   0   0   0   0   0   0   0   0   0   0   0   0   0   0   0   0   0   0   0   0   0   0   0   0
7.34   0   0   0   0   0   0   0   0   0   0   0   0   0   0   0   0   0   0   0   0   0   0   0   0
7.34   0   0   0   0   0   0   0   0   0   0   0   0   0   0   0   0   0   0   0   0   0   0   0   0
7.34   0   0   0   0   0   0   0   0   0   0   0   0   0   0   0   0   0   0   0   0   0   0   0   0
7.34   0   0   0   0   0   0   0   0   0   0   0   0   0   0   0   0   0   0   0   0   0   0   0   0
7.34   0   0   0   0   0   0   0   0   0   0   0   0   0   0   0   0   0   0   0   0   0   0   0   0
7.34   0   0   0   0   0   0   0   0   0   0   0   0   0   0   0   0   0   0   0   0   0   0   0   0
7.34   0   0   0   0   0   0   0   0   0   0   0   0   0   0   0   0   0   0   0   0   0   0   0   0
7.34   0   0   0   0   0   0   0   0   0   0   0   0   0   0   0   0   0   0   0   0   0   0   0   0
7.34   0   0   0   0   0   0   0   0   0   0   0   0   0   0   0   0   0   0   0   0   0   0   0   0
7.34   0   0   0   0   0   0   0   0   0   0   0   0   0   0   0   0   0   0   0   0   0   0   0   0
7.34   0   0   0   0   0   0   0   0   0   0   0   0   0   0   0   0   0   0   0   0   0   0   0   0
9.385   6.19146e-10   -3.59319e-10   -9.4382e-10   5.97881e-10   2.04254e-11   2.71923e-11   -2.72413e-11   -3.49745e-11   -3.72889e-09   2.15208e-09   5.69305e-09   -3.59591e-09   -1.07994e-10   -1.36341e-10   1.4221e-10   1.77663e-10   3.99361e-09   -2.29829e-09   -6.10286e-09   3.84849e-09   1.09797e-10   1.36211e-10   -1.43732e-10   -1.78635e-10
9.385   -3.59319e-10   3.49745e-09   6.97519e-10   -4.75784e-09   2.71979e-11   1.83103e-10   -2.30724e-11   -2.46566e-10   2.15209e-09   -2.12812e-08   -4.21288e-09   2.89599e-08   -1.36372e-10   -9.34914e-10   1.18239e-10   1.25624e-09   -2.2983e-09   2.29009e-08   4.51814e-09   -3.11734e-08   1.36243e-10   9.38061e-10   -1.19786e-10   -1.25916e-09
9.385   -9.4382e-10   6.97519e-10   1.95476e-09   -1.52774e-09   -2.72393e-11   -2.30665e-11   4.5426e-11   3.23794e-11   5.69305e-09   -4.21287e-09   -1.18746e-08   9.30693e-09   1.42198e-10   1.18209e-10   -2.19674e-10   -1.85207e-10   -6.10286e-09   4.51812e-09   1.27807e-08   -1.00271e-08   -1.43719e-10   -1.19756e-10   2.14134e-10   1.96506e-10
9.385   5.97881e-10   -4.75784e-09   -1.52774e-09   7.15683e-09   -3.49841e-11   -2.4656e-10   3.23903e-11   3.43119e-10   -3.59592e-09   2.89599e-08   9.30694e-09   -4.36294e-08   1.77717e-10   1.25621e-09   -1.85265e-10   -1.72721e-09   3.8485e-09   -3.11734e-08   -1.00271e-08   4.70151e-08   -1.78691e-10   -1.25913e-09   1.96566e-10   1.72148e-09
9.385   2.04254e-11   2.71979e-11   -2.72393e-11   -3.49841e-11   2.7122e-08   -1.57512e-08   -4.13356e-08   2.61941e-08   -1.08004e-10   -1.36306e-10   1.42217e-10   1.77621e-10   -1.4759e-07   8.56673e-08   2.24969e-07   -1.42521e-07   1.09811e-10   1.36142e-10   -1.43746e-10   -1.78544e-10   1.52345e-07   -8.84072e-08   -2.32233e-07   1.47104e-07
9.385   2.71923e-11   1.83103e-10   -2.30665e-11   -2.4656e-10   -1.57512e-08   1.52988e-07   3.05414e-08   -2.08111e-07   -1.36283e-10   -9.35634e-10   1.18055e-10   1.25724e-09   8.56673e-08   -8.33356e-07   -1.66243e-07   1.13365e-06   1.36126e-10   9.39167e-10   -1.19522e-10   -1.26072e-09   -8.84073e-08   8.60559e-07   1.71618e-07   -1.17068e-06
9.385   -2.72413e-11   -2.30724e-11   4.5426e-11   3.23903e-11   -4.13356e-08   3.05414e-08   8.5527e-08   -6.68151e-08   1.42231e-10   1.18084e-10   -2.19715e-10   -1.85039e-10   2.24969e-07   -1.66243e-07   -4.65794e-07   3.6399e-07   -1.43761e-10   -1.19551e-10   2.14195e-10   1.9622e-10   -2.32233e-07   1.71618e-07   4.80979e-07   -3.75895e-07
9.385   -3.49745e-11   -2.46566e-10   3.23794e-11   3.43119e-10   2.61941e-08   -2.08111e-07   -6.68151e-08   3.12977e-07   1.77579e-10   1.25728e-09   -1.84983e-10   -1.72871e-09   -1.42521e-07   1.13365e-06   3.6399e-07   -1.70514e-06   -1.78511e-10   -1.26076e-09   1.96164e-10   1.72379e-09   1.47105e-07   -1.17068e-06   -3.75895e-07   1.76095e-06
9.385   -3.72889e-09   2.15209e-09   5.69305e-09   -3.59592e-09   -1.08004e-10   -1.36283e-10   1.42231e-10   1.77579e-10   3.82139e-08   -2.15623e-08   -5.87046e-08   3.66494e-08   4.90242e-10   2.72384e-10   -5.60336e-10   -4.68547e-10   -4.66493e-08   2.61076e-08   7.18606e-08   -4.46513e-08   -4.45127e-10   -9.63624e-11   4.58857e-10   2.95484e-10
9.385   2.15208e-09   -2.12812e-08   -4.21287e-09   2.89599e-08   -1.36306e-10   -9.35634e-10   1.18084e-10   1.25728e-09   -2.15623e-08   2.27034e-07   4.36671e-08   -3.09345e-07   2.72492e-10   2.69676e-09   -3.62409e-10   -3.49254e-09   2.61076e-08   -2.80539e-07   -5.35017e-08   3.82615e-07   -9.64692e-11   -1.68972e-09   2.91583e-10   2.07481e-09
9.385   5.69305e-09   -4.21288e-09   -1.18746e-08   9.30694e-09   1.42217e-10   1.18055e-10   -2.19715e-10   -1.84983e-10   -5.87046e-08   4.36671e-08   1.25893e-07   -9.97436e-08   -5.60253e-10   -3.62289e-10   3.84747e-11   1.49732e-09   7.18606e-08   -5.35016e-08   -1.55858e-07   1.23723e-07   4.58767e-10   2.91472e-10   5.07685e-10   -1.82431e-09
9.385   -3.59591e-09   2.89599e-08   9.30693e-09   -4.36294e-08   1.77621e-10   1.25724e-09   -1.85039e-10   -1.72871e-09   3.66494e-08   -3.09345e-07   -9.97436e-08   4.68806e-07   -4.68766e-10   -3.49228e-09   1.49759e-09   3.78508e-09   -4.46513e-08   3.82615e-07   1.23723e-07   -5.8169e-07   2.95707e-10   2.07453e-09   -1.82458e-09   -1.35476e-09
9.385   -1.07994e-10   -1.36372e-10   1.42198e-10   1.77717e-10   -1.4759e-07   8.56673e-08   2.24969e-07   -1.42521e-07   4.90242e-10   2.72492e-10   -5.60253e-10   -4.68766e-10   8.66282e-07   -5.00751e-07   -1.32194e-06   8.35681e-07   -4.45146e-10   -9.62857e-11   4.5881e-10   2.95436e-10   -9.17518e-07   5.29505e-07   1.40081e-06   -8.84753e-07
9.385   -1.36341e-10   -9.34914e-10   1.18209e-10   1.25621e-09   8.56673e-08   -8.33356e-07   -1.66243e-07   1.13365e-06   2.72384e-10   2.69676e-09   -3.62289e-10   -3.49228e-09   -5.00751e-07   4.92959e-06   9.77863e-07   -6.70742e-06   -9.6221e-11   -1.69174e-09   2.91045e-10   2.07747e-09   5.29505e-07   -5.23631e-06   -1.03654e-06   7.12565e-06
9.385   1.4221e-10   1.18239e-10   -2.19674e-10   -1.85265e-10   2.24969e-07   -1.66243e-07   -4.65794e-07   3.6399e-07   -5.60336e-10   -3.62409e-10   3.84747e-11   1.49759e-09   -1.32194e-06   9.77863e-07   2.75135e-06   -2.15478e-06   4.589e-10   2.91156e-10   5.07584e-10   -1.82395e-09   1.40081e-06   -1.03654e-06   -2.92181e-06   2.28995e-06
9.385   1.77663e-10   1.25624e-09   -1.85207e-10   -1.72721e-09   -1.42521e-07   1.13365e-06   3.6399e-07   -1.70514e-06   -4.68547e-10   -3.49254e-09   1.49732e-09   3.78508e-09   8.35681e-07   -6.70742e-06   -2.15478e-06   1.00998e-05   2.95277e-10   2.07772e-09   -1.82369e-09   -1.35901e-09   -8.84753e-07   7.12565e-06   2.28995e-06   -1.07351e-05
9.385   3.99361e-09   -2.2983e-09   -6.10286e-09   3.8485e-09   1.09811e-10   1.36126e-10   -1.43761e-10   -1.78511e-10   -4.66493e-08   2.61076e-08   7.18606e-08   -4.46513e-08   -4.45146e-10   -9.6221e-11   4.589e-10   2.95277e-10   6.02241e-08   -3.31501e-08   -9.33286e-08   5.74164e-08   3.08483e-10   -1.99387e-10   -1.97457e-10   -1.96074e-11
9.385   -2.29829e-09   2.29009e-08   4.51812e-09   -3.11734e-08   1.36142e-10   9.39167e-10   -1.19551e-10   -1.26076e-09   2.61076e-08   -2.80539e-07   -5.35016e-08   3.82615e-07   -9.62857e-11   -1.69174e-09   2.91156e-10   2.07772e-09   -3.31501e-08   3.70374e-07   6.95542e-08   -5.06307e-07   -1.99328e-10   -3.76722e-10   -2.33386e-10   8.26135e-10
9.385   -6.10286e-09   4.51814e-09   1.27807e-08   -1.00271e-08   -1.43746e-10   -1.19522e-10   2.14195e-10   1.96164e-10   7.18606e-08   -5.35017e-08   -1.55858e-07   1.23723e-07   4.5881e-10   2.91045e-10   5.07584e-10   -1.82369e-09   -9.33286e-08   6.95542e-08   2.07235e-07   -1.64873e-07   -1.9736e-10   -2.33289e-10   -1.62675e-09   2.53834e-09
9.385   3.84849e-09   -3.11734e-08   -1.00271e-08   4.70151e-08   -1.78544e-10   -1.26072e-09   1.9622e-10   1.72379e-09   -4.46513e-08   3.82615e-07   1.23723e-07   -5.8169e-07   2.95436e-10   2.07747e-09   -1.82395e-09   -1.35901e-09   5.74164e-08   -5.06307e-07   -1.64873e-07   7.75238e-07   -1.97645e-11   8.26402e-10   2.53858e-09   -3.52203e-09
9.385   1.09797e-10   1.36243e-10   -1.43719e-10   -1.78691e-10   1.52345e-07   -8.84073e-08   -2.32233e-07   1.47105e-07   -4.45127e-10   -9.64692e-11   4.58767e-10   2.95707e-10   -9.17518e-07   5.29505e-07   1.40081e-06   -8.84753e-07   3.08483e-10   -1.99328e-10   -1.9736e-10   -1.97645e-11   9.82655e-07   -5.6548e-07   -1.50164e-06   9.46901e-07
9.385   1.36211e-10   9.38061e-10   -1.19756e-10   -1.25913e-09   -8.84072e-08   8.60559e-07   1.71618e-07   -1.17068e-06   -9.63624e-11   -1.68972e-09   2.91472e-10   2.07453e-09   5.29505e-07   -5.23631e-06   -1.03654e-06   7.12565e-06   -1.99387e-10   -3.76722e-10   -2.33289e-10   8.26402e-10   -5.6548e-07   5.63485e-06   1.11165e-06   -7.6703e-06
9.385   -1.43732e-10   -1.19786e-10   2.14134e-10   1.96566e-10   -2.32233e-07   1.71618e-07   4.80979e-07   -3.75895e-07   4.58857e-10   2.91583e-10   5.07685e-10   -1.82458e-09   1.40081e-06   -1.03654e-06   -2.92181e-06   2.28995e-06   -1.97457e-10   -2.33386e-10   -1.62675e-09   2.53858e-09   -1.50164e-06   1.11165e-06   3.14477e-06   -2.46715e-06
9.385   -1.78635e-10   -1.25916e-09   1.96506e-10   1.72148e-09   1.47104e-07   -1.17068e-06   -3.75895e-07   1.76095e-06   2.95484e-10   2.07481e-09   -1.82431e-09   -1.35476e-09   -8.84753e-07   7.12565e-06   2.28995e-06   -1.07351e-05   -1.96074e-11   8.26135e-10   2.53834e-09   -3.52203e-09   9.46901e-07   -7.6703e-06   -2.46715e-06   1.15682e-05
11.475   0   0   0   0   0   0   0   0   0   0   0   0   0   0   0   0   0   0   0   0   0   0   0   0
11.475   0   0   0   0   0   0   0   0   0   0   0   0   0   0   0   0   0   0   0   0   0   0   0   0
11.475   0   0   0   0   0   0   0   0   0   0   0   0   0   0   0   0   0   0   0   0   0   0   0   0
11.475   0   0   0   0   0   0   0   0   0   0   0   0   0   0   0   0   0   0   0   0   0   0   0   0
11.475   0   0   0   0   0   0   0   0   0   0   0   0   0   0   0   0   0   0   0   0   0   0   0   0
11.475   0   0   0   0   0   0   0   0   0   0   0   0   0   0   0   0   0   0   0   0   0   0   0   0
11.475   0   0   0   0   0   0   0   0   0   0   0   0   0   0   0   0   0   0   0   0   0   0   0   0
11.475   0   0   0   0   0   0   0   0   0   0   0   0   0   0   0   0   0   0   0   0   0   0   0   0
11.475   0   0   0   0   0   0   0   0   0   0   0   0   0   0   0   0   0   0   0   0   0   0   0   0
11.475   0   0   0   0   0   0   0   0   0   0   0   0   0   0   0   0   0   0   0   0   0   0   0   0
11.475   0   0   0   0   0   0   0   0   0   0   0   0   0   0   0   0   0   0   0   0   0   0   0   0
11.475   0   0   0   0   0   0   0   0   0   0   0   0   0   0   0   0   0   0   0   0   0   0   0   0
11.475   0   0   0   0   0   0   0   0   0   0   0   0   0   0   0   0   0   0   0   0   0   0   0   0
11.475   0   0   0   0   0   0   0   0   0   0   0   0   0   0   0   0   0   0   0   0   0   0   0   0
11.475   0   0   0   0   0   0   0   0   0   0   0   0   0   0   0   0   0   0   0   0   0   0   0   0
11.475   0   0   0   0   0   0   0   0   0   0   0   0   0   0   0   0   0   0   0   0   0   0   0   0
11.475   0   0   0   0   0   0   0   0   0   0   0   0   0   0   0   0   0   0   0   0   0   0   0   0
11.475   0   0   0   0   0   0   0   0   0   0   0   0   0   0   0   0   0   0   0   0   0   0   0   0
11.475   0   0   0   0   0   0   0   0   0   0   0   0   0   0   0   0   0   0   0   0   0   0   0   0
11.475   0   0   0   0   0   0   0   0   0   0   0   0   0   0   0   0   0   0   0   0   0   0   0   0
11.475   0   0   0   0   0   0   0   0   0   0   0   0   0   0   0   0   0   0   0   0   0   0   0   0
11.475   0   0   0   0   0   0   0   0   0   0   0   0   0   0   0   0   0   0   0   0   0   0   0   0
11.475   0   0   0   0   0   0   0   0   0   0   0   0   0   0   0   0   0   0   0   0   0   0   0   0
11.475   0   0   0   0   0   0   0   0   0   0   0   0   0   0   0   0   0   0   0   0   0   0   0   0
13.52   0   0   0   0   0   0   0   0   0   0   0   0   0   0   0   0   0   0   0   0   0   0   0   0
13.52   0   0   0   0   0   0   0   0   0   0   0   0   0   0   0   0   0   0   0   0   0   0   0   0
13.52   0   0   0   0   0   0   0   0   0   0   0   0   0   0   0   0   0   0   0   0   0   0   0   0
13.52   0   0   0   0   0   0   0   0   0   0   0   0   0   0   0   0   0   0   0   0   0   0   0   0
13.52   0   0   0   0   0   0   0   0   0   0   0   0   0   0   0   0   0   0   0   0   0   0   0   0
13.52   0   0   0   0   0   0   0   0   0   0   0   0   0   0   0   0   0   0   0   0   0   0   0   0
13.52   0   0   0   0   0   0   0   0   0   0   0   0   0   0   0   0   0   0   0   0   0   0   0   0
13.52   0   0   0   0   0   0   0   0   0   0   0   0   0   0   0   0   0   0   0   0   0   0   0   0
13.52   0   0   0   0   0   0   0   0   0   0   0   0   0   0   0   0   0   0   0   0   0   0   0   0
13.52   0   0   0   0   0   0   0   0   0   0   0   0   0   0   0   0   0   0   0   0   0   0   0   0
13.52   0   0   0   0   0   0   0   0   0   0   0   0   0   0   0   0   0   0   0   0   0   0   0   0
13.52   0   0   0   0   0   0   0   0   0   0   0   0   0   0   0   0   0   0   0   0   0   0   0   0
13.52   0   0   0   0   0   0   0   0   0   0   0   0   0   0   0   0   0   0   0   0   0   0   0   0
13.52   0   0   0   0   0   0   0   0   0   0   0   0   0   0   0   0   0   0   0   0   0   0   0   0
13.52   0   0   0   0   0   0   0   0   0   0   0   0   0   0   0   0   0   0   0   0   0   0   0   0
13.52   0   0   0   0   0   0   0   0   0   0   0   0   0   0   0   0   0   0   0   0   0   0   0   0
13.52   0   0   0   0   0   0   0   0   0   0   0   0   0   0   0   0   0   0   0   0   0   0   0   0
13.52   0   0   0   0   0   0   0   0   0   0   0   0   0   0   0   0   0   0   0   0   0   0   0   0
13.52   0   0   0   0   0   0   0   0   0   0   0   0   0   0   0   0   0   0   0   0   0   0   0   0
13.52   0   0   0   0   0   0   0   0   0   0   0   0   0   0   0   0   0   0   0   0   0   0   0   0
13.52   0   0   0   0   0   0   0   0   0   0   0   0   0   0   0   0   0   0   0   0   0   0   0   0
13.52   0   0   0   0   0   0   0   0   0   0   0   0   0   0   0   0   0   0   0   0   0   0   0   0
13.52   0   0   0   0   0   0   0   0   0   0   0   0   0   0   0   0   0   0   0   0   0   0   0   0
13.52   0   0   0   0   0   0   0   0   0   0   0   0   0   0   0   0   0   0   0   0   0   0   0   0
15.09   0   0   0   0   0   0   0   0   0   0   0   0   0   0   0   0   0   0   0   0   0   0   0   0
15.09   0   0   0   0   0   0   0   0   0   0   0   0   0   0   0   0   0   0   0   0   0   0   0   0
15.09   0   0   0   0   0   0   0   0   0   0   0   0   0   0   0   0   0   0   0   0   0   0   0   0
15.09   0   0   0   0   0   0   0   0   0   0   0   0   0   0   0   0   0   0   0   0   0   0   0   0
15.09   0   0   0   0   0   0   0   0   0   0   0   0   0   0   0   0   0   0   0   0   0   0   0   0
15.09   0   0   0   0   0   0   0   0   0   0   0   0   0   0   0   0   0   0   0   0   0   0   0   0
15.09   0   0   0   0   0   0   0   0   0   0   0   0   0   0   0   0   0   0   0   0   0   0   0   0
15.09   0   0   0   0   0   0   0   0   0   0   0   0   0   0   0   0   0   0   0   0   0   0   0   0
15.09   0   0   0   0   0   0   0   0   0   0   0   0   0   0   0   0   0   0   0   0   0   0   0   0
15.09   0   0   0   0   0   0   0   0   0   0   0   0   0   0   0   0   0   0   0   0   0   0   0   0
15.09   0   0   0   0   0   0   0   0   0   0   0   0   0   0   0   0   0   0   0   0   0   0   0   0
15.09   0   0   0   0   0   0   0   0   0   0   0   0   0   0   0   0   0   0   0   0   0   0   0   0
15.09   0   0   0   0   0   0   0   0   0   0   0   0   0   0   0   0   0   0   0   0   0   0   0   0
15.09   0   0   0   0   0   0   0   0   0   0   0   0   0   0   0   0   0   0   0   0   0   0   0   0
15.09   0   0   0   0   0   0   0   0   0   0   0   0   0   0   0   0   0   0   0   0   0   0   0   0
15.09   0   0   0   0   0   0   0   0   0   0   0   0   0   0   0   0   0   0   0   0   0   0   0   0
15.09   0   0   0   0   0   0   0   0   0   0   0   0   0   0   0   0   0   0   0   0   0   0   0   0
15.09   0   0   0   0   0   0   0   0   0   0   0   0   0   0   0   0   0   0   0   0   0   0   0   0
15.09   0   0   0   0   0   0   0   0   0   0   0   0   0   0   0   0   0   0   0   0   0   0   0   0
15.09   0   0   0   0   0   0   0   0   0   0   0   0   0   0   0   0   0   0   0   0   0   0   0   0
15.09   0   0   0   0   0   0   0   0   0   0   0   0   0   0   0   0   0   0   0   0   0   0   0   0
15.09   0   0   0   0   0   0   0   0   0   0   0   0   0   0   0   0   0   0   0   0   0   0   0   0
15.09   0   0   0   0   0   0   0   0   0   0   0   0   0   0   0   0   0   0   0   0   0   0   0   0
15.09   0   0   0   0   0   0   0   0   0   0   0   0   0   0   0   0   0   0   0   0   0   0   0   0
17.5   0   0   0   0   0   0   0   0   0   0   0   0   0   0   0   0   0   0   0   0   0   0   0   0
17.5   0   0   0   0   0   0   0   0   0   0   0   0   0   0   0   0   0   0   0   0   0   0   0   0
17.5   0   0   0   0   0   0   0   0   0   0   0   0   0   0   0   0   0   0   0   0   0   0   0   0
17.5   0   0   0   0   0   0   0   0   0   0   0   0   0   0   0   0   0   0   0   0   0   0   0   0
17.5   0   0   0   0   0   0   0   0   0   0   0   0   0   0   0   0   0   0   0   0   0   0   0   0
17.5   0   0   0   0   0   0   0   0   0   0   0   0   0   0   0   0   0   0   0   0   0   0   0   0
17.5   0   0   0   0   0   0   0   0   0   0   0   0   0   0   0   0   0   0   0   0   0   0   0   0
17.5   0   0   0   0   0   0   0   0   0   0   0   0   0   0   0   0   0   0   0   0   0   0   0   0
17.5   0   0   0   0   0   0   0   0   0   0   0   0   0   0   0   0   0   0   0   0   0   0   0   0
17.5   0   0   0   0   0   0   0   0   0   0   0   0   0   0   0   0   0   0   0   0   0   0   0   0
17.5   0   0   0   0   0   0   0   0   0   0   0   0   0   0   0   0   0   0   0   0   0   0   0   0
17.5   0   0   0   0   0   0   0   0   0   0   0   0   0   0   0   0   0   0   0   0   0   0   0   0
17.5   0   0   0   0   0   0   0   0   0   0   0   0   0   0   0   0   0   0   0   0   0   0   0   0
17.5   0   0   0   0   0   0   0   0   0   0   0   0   0   0   0   0   0   0   0   0   0   0   0   0
17.5   0   0   0   0   0   0   0   0   0   0   0   0   0   0   0   0   0   0   0   0   0   0   0   0
17.5   0   0   0   0   0   0   0   0   0   0   0   0   0   0   0   0   0   0   0   0   0   0   0   0
17.5   0   0   0   0   0   0   0   0   0   0   0   0   0   0   0   0   0   0   0   0   0   0   0   0
17.5   0   0   0   0   0   0   0   0   0   0   0   0   0   0   0   0   0   0   0   0   0   0   0   0
17.5   0   0   0   0   0   0   0   0   0   0   0   0   0   0   0   0   0   0   0   0   0   0   0   0
17.5   0   0   0   0   0   0   0   0   0   0   0   0   0   0   0   0   0   0   0   0   0   0   0   0
17.5   0   0   0   0   0   0   0   0   0   0   0   0   0   0   0   0   0   0   0   0   0   0   0   0
17.5   0   0   0   0   0   0   0   0   0   0   0   0   0   0   0   0   0   0   0   0   0   0   0   0
17.5   0   0   0   0   0   0   0   0   0   0   0   0   0   0   0   0   0   0   0   0   0   0   0   0
17.5   0   0   0   0   0   0   0   0   0   0   0   0   0   0   0   0   0   0   0   0   0   0   0   0
